62e60f43d76274f8a4026e28 5 0 0.0
62e60f43d76274f8a4026e28 5 0 0.0
62e60f43d76274f8a4026e28 5 0 0.0
62e60f43d76274f8a4026e28 5 0 0.0
62e60f43d76274f8a4026e28 5 0 0.0
62e60f3bd76274f8a4026e10 5 0 0.0
62e60f3bd76274f8a4026e10 5 0 0.0
62e60f3bd76274f8a4026e10 5 0 0.0
62e60f3bd76274f8a4026e10 5 0 0.0
62e60f3bd76274f8a4026e10 5 0 0.0
62e60f37d76274f8a4026dfd 5 0 0.0
62e60f37d76274f8a4026dfd 5 0 0.0
62e60f37d76274f8a4026dfd 5 0 0.0
62e60f37d76274f8a4026dfd 5 0 0.0
62e60f37d76274f8a4026dfd 5 0 0.0
62e60f33d76274f8a4026de9 5 0 0.0
62e60f33d76274f8a4026de9 5 0 0.0
62e60f33d76274f8a4026de9 5 0 0.0
62e60f33d76274f8a4026de9 5 0 0.0
62e60f33d76274f8a4026de9 5 0 0.0
62e60ed4d76274f8a4026da0 5 4 0.8
62e60ed4d76274f8a4026da0 5 4 1.0
62e60ed4d76274f8a4026da0 5 4 1.0
62e60ed4d76274f8a4026da0 5 4 1.0
62e60ed4d76274f8a4026da0 5 4 1.0
62e60ecfd76274f8a4026d6a 5 0 0.8
62e60ecfd76274f8a4026d6a 5 0 1.0
62e60ecfd76274f8a4026d6a 5 0 1.0
62e60ecfd76274f8a4026d6a 5 0 1.0
62e60ecfd76274f8a4026d6a 5 0 1.0
62e60e49d76274f8a4026d25 5 0 0.8
62e60e49d76274f8a4026d25 5 0 1.0
62e60e49d76274f8a4026d25 5 0 1.0
62e60e49d76274f8a4026d25 5 0 1.0
62e60e49d76274f8a4026d25 5 0 1.0
62e60e05d76274f8a4026cfd 5 0 0.8
62e60e05d76274f8a4026cfd 5 0 1.0
62e60e05d76274f8a4026cfd 5 0 1.0
62e60e05d76274f8a4026cfd 5 0 1.0
62e60e05d76274f8a4026cfd 5 0 1.0
62e60da4d76274f8a4026cf1 5 0 0.8
62e60da4d76274f8a4026cf1 5 0 1.0
62e60da4d76274f8a4026cf1 5 0 1.0
62e60da4d76274f8a4026cf1 5 0 1.0
62e60da4d76274f8a4026cf1 5 0 1.0
62e60b10d76274f8a4026ccd 5 0 0.8
62e60b10d76274f8a4026ccd 5 0 1.0
62e60b10d76274f8a4026ccd 5 0 1.0
62e60b10d76274f8a4026ccd 5 0 1.0
62e60b10d76274f8a4026ccd 5 0 1.0
62e6087bd76274f8a4026bfa 5 0 0.8
62e6087bd76274f8a4026bfa 5 0 1.0
62e6087bd76274f8a4026bfa 5 0 1.0
62e6087bd76274f8a4026bfa 5 0 1.0
62e6087bd76274f8a4026bfa 5 0 1.0
62e6087ad76274f8a4026bf2 5 0 0.8
62e6087ad76274f8a4026bf2 5 0 1.0
62e6087ad76274f8a4026bf2 5 0 1.0
62e6087ad76274f8a4026bf2 5 0 1.0
62e6087ad76274f8a4026bf2 5 0 1.0
62e60879d76274f8a4026bec 5 0 0.8
62e60879d76274f8a4026bec 5 0 1.0
62e60879d76274f8a4026bec 5 0 1.0
62e60879d76274f8a4026bec 5 0 1.0
62e60879d76274f8a4026bec 5 0 1.0
62e60723d76274f8a4026b75 5 5 1.8
62e60723d76274f8a4026b75 5 5 2.0
62e60723d76274f8a4026b75 5 5 2.0
62e60723d76274f8a4026b75 5 5 2.0
62e60723d76274f8a4026b75 5 5 2.0
62e60707d76274f8a4026b69 5 0 1.8
62e60707d76274f8a4026b69 5 0 2.0
62e60707d76274f8a4026b69 5 0 2.0
62e60707d76274f8a4026b69 5 0 2.0
62e60707d76274f8a4026b69 5 0 2.0
62e5dc9ed76274f8a4026b5b 5 4 2.6
62e5dc9ed76274f8a4026b5b 5 4 3.0
62e5dc9ed76274f8a4026b5b 5 4 3.0
62e5dc9ed76274f8a4026b5b 5 4 3.0
62e5dc9ed76274f8a4026b5b 5 4 3.0
62e4fc3c85ea98643089041e 5 0 2.6
62e4fc3c85ea98643089041e 5 0 3.0
62e4fc3c85ea98643089041e 5 0 3.0
62e4fc3c85ea98643089041e 5 0 3.0
62e4fc3c85ea98643089041e 5 0 3.0
62e4fbda85ea986430890405 5 0 2.6
62e4fbda85ea986430890405 5 0 3.0
62e4fbda85ea986430890405 5 0 3.0
62e4fbda85ea986430890405 5 0 3.0
62e4fbda85ea986430890405 5 0 3.0
62e4fbda85ea986430890403 5 0 2.6
62e4fbda85ea986430890403 5 0 3.0
62e4fbda85ea986430890403 5 0 3.0
62e4fbda85ea986430890403 5 0 3.0
62e4fbda85ea986430890403 5 0 3.0
62e4fb6585ea98643089032b 5 4 3.4000000000000004
62e4fb6585ea98643089032b 5 4 4.0
62e4fb6585ea98643089032b 5 4 4.0
62e4fb6585ea98643089032b 5 4 4.0
62e4fb6585ea98643089032b 5 4 4.0
62e4fb4d85ea9864308902e7 5 0 3.4000000000000004
62e4fb4d85ea9864308902e7 5 0 4.0
62e4fb4d85ea9864308902e7 5 0 4.0
62e4fb4d85ea9864308902e7 5 0 4.0
62e4fb4d85ea9864308902e7 5 0 4.0
62b8d27a48ba5a41d1c3f4c6 5 0 3.4000000000000004
62b8d27a48ba5a41d1c3f4c6 5 0 4.0
62b8d27a48ba5a41d1c3f4c6 5 0 4.0
62b8d27a48ba5a41d1c3f4c6 5 0 4.0
62b8d27a48ba5a41d1c3f4c6 5 0 4.0
62b8d24048ba5a41d1c3f49f 5 0 3.4000000000000004
62b8d24048ba5a41d1c3f49f 5 0 4.0
62b8d24048ba5a41d1c3f49f 5 0 4.0
62b8d24048ba5a41d1c3f49f 5 0 4.0
62b8d24048ba5a41d1c3f49f 5 0 4.0
62b8d23b48ba5a41d1c3f49a 5 0 3.4000000000000004
62b8d23b48ba5a41d1c3f49a 5 0 4.0
62b8d23b48ba5a41d1c3f49a 5 0 4.0
62b8d23b48ba5a41d1c3f49a 5 0 4.0
62b8d23b48ba5a41d1c3f49a 5 0 4.0
62b8d23948ba5a41d1c3f498 5 0 3.4000000000000004
62b8d23948ba5a41d1c3f498 5 0 4.0
62b8d23948ba5a41d1c3f498 5 0 4.0
62b8d23948ba5a41d1c3f498 5 0 4.0
62b8d23948ba5a41d1c3f498 5 0 4.0
62b8d23748ba5a41d1c3f496 5 0 3.4000000000000004
62b8d23748ba5a41d1c3f496 5 0 4.0
62b8d23748ba5a41d1c3f496 5 0 4.0
62b8d23748ba5a41d1c3f496 5 0 4.0
62b8d23748ba5a41d1c3f496 5 0 4.0
62b8d22f48ba5a41d1c3f488 5 0 3.4000000000000004
62b8d22f48ba5a41d1c3f488 5 0 4.0
62b8d22f48ba5a41d1c3f488 5 0 4.0
62b8d22f48ba5a41d1c3f488 5 0 4.0
62b8d22f48ba5a41d1c3f488 5 0 4.0
62b8d22a48ba5a41d1c3f47e 5 2 3.8000000000000003
62b8d22a48ba5a41d1c3f47e 5 2 4.7
62b8d22a48ba5a41d1c3f47e 5 2 4.9
62b8d22a48ba5a41d1c3f47e 5 2 5.0
62b8d22a48ba5a41d1c3f47e 5 2 5.0
62b8d22948ba5a41d1c3f47c 5 1 4.0
62b8d22948ba5a41d1c3f47c 5 1 5.1000000000000005
62b8d22948ba5a41d1c3f47c 5 1 5.5
62b8d22948ba5a41d1c3f47c 5 1 5.8
62b8d22948ba5a41d1c3f47c 5 1 6.0
62b8d22548ba5a41d1c3f472 5 0 4.0
62b8d22548ba5a41d1c3f472 5 0 5.1000000000000005
62b8d22548ba5a41d1c3f472 5 0 5.5
62b8d22548ba5a41d1c3f472 5 0 5.8
62b8d22548ba5a41d1c3f472 5 0 6.0
62b8c517e0d34b282c18122e 5 0 4.0
62b8c517e0d34b282c18122e 5 0 5.1000000000000005
62b8c517e0d34b282c18122e 5 0 5.5
62b8c517e0d34b282c18122e 5 0 5.8
62b8c517e0d34b282c18122e 5 0 6.0
62b8bbbfe0d34b282c181210 5 1 4.2
62b8bbbfe0d34b282c181210 5 1 5.500000000000001
62b8bbbfe0d34b282c181210 5 1 6.1
62b8bbbfe0d34b282c181210 5 1 6.6
62b8bbbfe0d34b282c181210 5 1 7.0
62b8bbbfe0d34b282c18120f 5 2 4.6
62b8bbbfe0d34b282c18120f 5 2 6.200000000000001
62b8bbbfe0d34b282c18120f 5 2 7.0
62b8bbbfe0d34b282c18120f 5 2 7.6
62b8bbbfe0d34b282c18120f 5 2 8.0
62b8bbbce0d34b282c18120d 5 1 4.8
62b8bbbce0d34b282c18120d 5 1 6.600000000000001
62b8bbbce0d34b282c18120d 5 1 7.6
62b8bbbce0d34b282c18120d 5 1 8.4
62b8bbbce0d34b282c18120d 5 1 9.0
62b8b99de0d34b282c1811f8 5 0 4.8
62b8b99de0d34b282c1811f8 5 0 6.600000000000001
62b8b99de0d34b282c1811f8 5 0 7.6
62b8b99de0d34b282c1811f8 5 0 8.4
62b8b99de0d34b282c1811f8 5 0 9.0
62b8b59feb7e40a82d2d1291 5 0 4.8
62b8b59feb7e40a82d2d1291 5 0 6.600000000000001
62b8b59feb7e40a82d2d1291 5 0 7.6
62b8b59feb7e40a82d2d1291 5 0 8.4
62b8b59feb7e40a82d2d1291 5 0 9.0
62b8b590eb7e40a82d2d1275 5 0 4.8
62b8b590eb7e40a82d2d1275 5 0 6.600000000000001
62b8b590eb7e40a82d2d1275 5 0 7.6
62b8b590eb7e40a82d2d1275 5 0 8.4
62b8b590eb7e40a82d2d1275 5 0 9.0
62b8b58deb7e40a82d2d1269 5 0 4.8
62b8b58deb7e40a82d2d1269 5 0 6.600000000000001
62b8b58deb7e40a82d2d1269 5 0 7.6
62b8b58deb7e40a82d2d1269 5 0 8.4
62b8b58deb7e40a82d2d1269 5 0 9.0
62b8b559eb7e40a82d2d11f8 5 0 4.8
62b8b559eb7e40a82d2d11f8 5 0 6.600000000000001
62b8b559eb7e40a82d2d11f8 5 0 7.6
62b8b559eb7e40a82d2d11f8 5 0 8.4
62b8b559eb7e40a82d2d11f8 5 0 9.0
62b8b4b9eb7e40a82d2d1134 5 0 4.8
62b8b4b9eb7e40a82d2d1134 5 0 6.600000000000001
62b8b4b9eb7e40a82d2d1134 5 0 7.6
62b8b4b9eb7e40a82d2d1134 5 0 8.4
62b8b4b9eb7e40a82d2d1134 5 0 9.0
62b8b416eb7e40a82d2d1129 5 0 4.8
62b8b416eb7e40a82d2d1129 5 0 6.600000000000001
62b8b416eb7e40a82d2d1129 5 0 7.6
62b8b416eb7e40a82d2d1129 5 0 8.4
62b8b416eb7e40a82d2d1129 5 0 9.0
62b8b3d6eb7e40a82d2d111c 5 0 4.8
62b8b3d6eb7e40a82d2d111c 5 0 6.600000000000001
62b8b3d6eb7e40a82d2d111c 5 0 7.6
62b8b3d6eb7e40a82d2d111c 5 0 8.4
62b8b3d6eb7e40a82d2d111c 5 0 9.0
62b8b3d5eb7e40a82d2d1110 5 1 5.0
62b8b3d5eb7e40a82d2d1110 5 1 7.000000000000002
62b8b3d5eb7e40a82d2d1110 5 1 8.2
62b8b3d5eb7e40a82d2d1110 5 1 9.200000000000001
62b8b3d5eb7e40a82d2d1110 5 1 10.0
62b8b3d4eb7e40a82d2d110f 5 0 5.0
62b8b3d4eb7e40a82d2d110f 5 0 7.000000000000002
62b8b3d4eb7e40a82d2d110f 5 0 8.2
62b8b3d4eb7e40a82d2d110f 5 0 9.200000000000001
62b8b3d4eb7e40a82d2d110f 5 0 10.0
62b8b3d4eb7e40a82d2d110e 5 0 5.0
62b8b3d4eb7e40a82d2d110e 5 0 7.000000000000002
62b8b3d4eb7e40a82d2d110e 5 0 8.2
62b8b3d4eb7e40a82d2d110e 5 0 9.200000000000001
62b8b3d4eb7e40a82d2d110e 5 0 10.0
62b8b3d4eb7e40a82d2d110d 5 0 5.0
62b8b3d4eb7e40a82d2d110d 5 0 7.000000000000002
62b8b3d4eb7e40a82d2d110d 5 0 8.2
62b8b3d4eb7e40a82d2d110d 5 0 9.200000000000001
62b8b3d4eb7e40a82d2d110d 5 0 10.0
62b87b989a0c4fa8b80b35ee 5 0 5.0
62b87b989a0c4fa8b80b35ee 5 0 7.000000000000002
62b87b989a0c4fa8b80b35ee 5 0 8.2
62b87b989a0c4fa8b80b35ee 5 0 9.200000000000001
62b87b989a0c4fa8b80b35ee 5 0 10.0
62b87b859a0c4fa8b80b35d7 5 0 5.0
62b87b859a0c4fa8b80b35d7 5 0 7.000000000000002
62b87b859a0c4fa8b80b35d7 5 0 8.2
62b87b859a0c4fa8b80b35d7 5 0 9.200000000000001
62b87b859a0c4fa8b80b35d7 5 0 10.0
62b87b839a0c4fa8b80b35cb 5 0 5.0
62b87b839a0c4fa8b80b35cb 5 0 7.000000000000002
62b87b839a0c4fa8b80b35cb 5 0 8.2
62b87b839a0c4fa8b80b35cb 5 0 9.200000000000001
62b87b839a0c4fa8b80b35cb 5 0 10.0
62b87b7e9a0c4fa8b80b35bc 5 0 5.0
62b87b7e9a0c4fa8b80b35bc 5 0 7.000000000000002
62b87b7e9a0c4fa8b80b35bc 5 0 8.2
62b87b7e9a0c4fa8b80b35bc 5 0 9.200000000000001
62b87b7e9a0c4fa8b80b35bc 5 0 10.0
62b87b4f9a0c4fa8b80b3580 5 0 5.0
62b87b4f9a0c4fa8b80b3580 5 0 7.000000000000002
62b87b4f9a0c4fa8b80b3580 5 0 8.2
62b87b4f9a0c4fa8b80b3580 5 0 9.200000000000001
62b87b4f9a0c4fa8b80b3580 5 0 10.0
62b87b199a0c4fa8b80b354e 5 1 5.2
62b87b199a0c4fa8b80b354e 5 1 7.400000000000002
62b87b199a0c4fa8b80b354e 5 1 8.799999999999999
62b87b199a0c4fa8b80b354e 5 1 10.000000000000002
62b87b199a0c4fa8b80b354e 5 1 11.0
62b87b099a0c4fa8b80b3538 5 5 6.2
62b87b099a0c4fa8b80b3538 5 5 8.400000000000002
62b87b099a0c4fa8b80b3538 5 5 9.799999999999999
62b87b099a0c4fa8b80b3538 5 5 11.000000000000002
62b87b099a0c4fa8b80b3538 5 5 12.0
62b87af99a0c4fa8b80b3524 5 5 7.2
62b87af99a0c4fa8b80b3524 5 5 9.400000000000002
62b87af99a0c4fa8b80b3524 5 5 10.799999999999999
62b87af99a0c4fa8b80b3524 5 5 12.000000000000002
62b87af99a0c4fa8b80b3524 5 5 13.0
62b87af69a0c4fa8b80b351a 5 3 7.8
62b87af69a0c4fa8b80b351a 5 3 10.300000000000002
62b87af69a0c4fa8b80b351a 5 3 11.799999999999999
62b87af69a0c4fa8b80b351a 5 3 13.000000000000002
62b87af69a0c4fa8b80b351a 5 3 14.0
62b87af19a0c4fa8b80b34f7 5 0 7.8
62b87af19a0c4fa8b80b34f7 5 0 10.300000000000002
62b87af19a0c4fa8b80b34f7 5 0 11.799999999999999
62b87af19a0c4fa8b80b34f7 5 0 13.000000000000002
62b87af19a0c4fa8b80b34f7 5 0 14.0
62b87af09a0c4fa8b80b34f1 5 0 7.8
62b87af09a0c4fa8b80b34f1 5 0 10.300000000000002
62b87af09a0c4fa8b80b34f1 5 0 11.799999999999999
62b87af09a0c4fa8b80b34f1 5 0 13.000000000000002
62b87af09a0c4fa8b80b34f1 5 0 14.0
62b86aa3b4d922cb0e688d36 5 0 7.8
62b86aa3b4d922cb0e688d36 5 0 10.300000000000002
62b86aa3b4d922cb0e688d36 5 0 11.799999999999999
62b86aa3b4d922cb0e688d36 5 0 13.000000000000002
62b86aa3b4d922cb0e688d36 5 0 14.0
62b86a9eb4d922cb0e688d25 5 0 7.8
62b86a9eb4d922cb0e688d25 5 0 10.300000000000002
62b86a9eb4d922cb0e688d25 5 0 11.799999999999999
62b86a9eb4d922cb0e688d25 5 0 13.000000000000002
62b86a9eb4d922cb0e688d25 5 0 14.0
62b86a4fb4d922cb0e688cf8 5 1 8.0
62b86a4fb4d922cb0e688cf8 5 1 10.700000000000003
62b86a4fb4d922cb0e688cf8 5 1 12.399999999999999
62b86a4fb4d922cb0e688cf8 5 1 13.800000000000002
62b86a4fb4d922cb0e688cf8 5 1 15.0
62b86a4fb4d922cb0e688cf7 5 0 8.0
62b86a4fb4d922cb0e688cf7 5 0 10.700000000000003
62b86a4fb4d922cb0e688cf7 5 0 12.399999999999999
62b86a4fb4d922cb0e688cf7 5 0 13.800000000000002
62b86a4fb4d922cb0e688cf7 5 0 15.0
62b86a01b4d922cb0e688ccc 5 0 8.0
62b86a01b4d922cb0e688ccc 5 0 10.700000000000003
62b86a01b4d922cb0e688ccc 5 0 12.399999999999999
62b86a01b4d922cb0e688ccc 5 0 13.800000000000002
62b86a01b4d922cb0e688ccc 5 0 15.0
62b869ebb4d922cb0e688cc6 5 0 8.0
62b869ebb4d922cb0e688cc6 5 0 10.700000000000003
62b869ebb4d922cb0e688cc6 5 0 12.399999999999999
62b869ebb4d922cb0e688cc6 5 0 13.800000000000002
62b869ebb4d922cb0e688cc6 5 0 15.0
62b869eab4d922cb0e688cc5 5 0 8.0
62b869eab4d922cb0e688cc5 5 0 10.700000000000003
62b869eab4d922cb0e688cc5 5 0 12.399999999999999
62b869eab4d922cb0e688cc5 5 0 13.800000000000002
62b869eab4d922cb0e688cc5 5 0 15.0
62b869eab4d922cb0e688cbf 5 1 8.2
62b869eab4d922cb0e688cbf 5 1 11.100000000000003
62b869eab4d922cb0e688cbf 5 1 12.999999999999998
62b869eab4d922cb0e688cbf 5 1 14.600000000000003
62b869eab4d922cb0e688cbf 5 1 16.0
62b43427903eeb48555d3ea5 5 0 8.2
62b43427903eeb48555d3ea5 5 0 11.100000000000003
62b43427903eeb48555d3ea5 5 0 12.999999999999998
62b43427903eeb48555d3ea5 5 0 14.600000000000003
62b43427903eeb48555d3ea5 5 0 16.0
62b43428903eeb48555d3eaa 5 0 8.2
62b43428903eeb48555d3eaa 5 0 11.100000000000003
62b43428903eeb48555d3eaa 5 0 12.999999999999998
62b43428903eeb48555d3eaa 5 0 14.600000000000003
62b43428903eeb48555d3eaa 5 0 16.0
62b45df05108cfac7f2109ce 5 0 8.2
62b45df05108cfac7f2109ce 5 0 11.100000000000003
62b45df05108cfac7f2109ce 5 0 12.999999999999998
62b45df05108cfac7f2109ce 5 0 14.600000000000003
62b45df05108cfac7f2109ce 5 0 16.0
62b45df15108cfac7f2109dc 5 0 8.2
62b45df15108cfac7f2109dc 5 0 11.100000000000003
62b45df15108cfac7f2109dc 5 0 12.999999999999998
62b45df15108cfac7f2109dc 5 0 14.600000000000003
62b45df15108cfac7f2109dc 5 0 16.0
62b45df15108cfac7f2109dd 5 0 8.2
62b45df15108cfac7f2109dd 5 0 11.100000000000003
62b45df15108cfac7f2109dd 5 0 12.999999999999998
62b45df15108cfac7f2109dd 5 0 14.600000000000003
62b45df15108cfac7f2109dd 5 0 16.0
62b45e135108cfac7f2109f4 5 3 8.799999999999999
62b45e135108cfac7f2109f4 5 3 12.000000000000004
62b45e135108cfac7f2109f4 5 3 13.999999999999998
62b45e135108cfac7f2109f4 5 3 15.600000000000003
62b45e135108cfac7f2109f4 5 3 17.0
62b45e145108cfac7f210a07 5 0 8.799999999999999
62b45e145108cfac7f210a07 5 0 12.000000000000004
62b45e145108cfac7f210a07 5 0 13.999999999999998
62b45e145108cfac7f210a07 5 0 15.600000000000003
62b45e145108cfac7f210a07 5 0 17.0
62b45e145108cfac7f210a09 5 0 8.799999999999999
62b45e145108cfac7f210a09 5 0 12.000000000000004
62b45e145108cfac7f210a09 5 0 13.999999999999998
62b45e145108cfac7f210a09 5 0 15.600000000000003
62b45e145108cfac7f210a09 5 0 17.0
62b45e165108cfac7f210a16 5 0 8.799999999999999
62b45e165108cfac7f210a16 5 0 12.000000000000004
62b45e165108cfac7f210a16 5 0 13.999999999999998
62b45e165108cfac7f210a16 5 0 15.600000000000003
62b45e165108cfac7f210a16 5 0 17.0
62b45e165108cfac7f210a17 5 0 8.799999999999999
62b45e165108cfac7f210a17 5 0 12.000000000000004
62b45e165108cfac7f210a17 5 0 13.999999999999998
62b45e165108cfac7f210a17 5 0 15.600000000000003
62b45e165108cfac7f210a17 5 0 17.0
62b45e175108cfac7f210a19 5 0 8.799999999999999
62b45e175108cfac7f210a19 5 0 12.000000000000004
62b45e175108cfac7f210a19 5 0 13.999999999999998
62b45e175108cfac7f210a19 5 0 15.600000000000003
62b45e175108cfac7f210a19 5 0 17.0
62b463153879012d19481498 5 5 9.799999999999999
62b463153879012d19481498 5 5 13.000000000000004
62b463153879012d19481498 5 5 14.999999999999998
62b463153879012d19481498 5 5 16.6
62b463153879012d19481498 5 5 18.0
62b463153879012d1948149a 5 0 9.799999999999999
62b463153879012d1948149a 5 0 13.000000000000004
62b463153879012d1948149a 5 0 14.999999999999998
62b463153879012d1948149a 5 0 16.6
62b463153879012d1948149a 5 0 18.0
62b463153879012d1948149b 5 0 9.799999999999999
62b463153879012d1948149b 5 0 13.000000000000004
62b463153879012d1948149b 5 0 14.999999999999998
62b463153879012d1948149b 5 0 16.6
62b463153879012d1948149b 5 0 18.0
62b463153879012d1948149c 5 5 10.799999999999999
62b463153879012d1948149c 5 5 14.000000000000004
62b463153879012d1948149c 5 5 15.999999999999998
62b463153879012d1948149c 5 5 17.6
62b463153879012d1948149c 5 5 19.0
62b463153879012d1948149d 5 0 10.799999999999999
62b463153879012d1948149d 5 0 14.000000000000004
62b463153879012d1948149d 5 0 15.999999999999998
62b463153879012d1948149d 5 0 17.6
62b463153879012d1948149d 5 0 19.0
62b463153879012d1948149f 5 0 10.799999999999999
62b463153879012d1948149f 5 0 14.000000000000004
62b463153879012d1948149f 5 0 15.999999999999998
62b463153879012d1948149f 5 0 17.6
62b463153879012d1948149f 5 0 19.0
62b463153879012d194814a1 5 0 10.799999999999999
62b463153879012d194814a1 5 0 14.000000000000004
62b463153879012d194814a1 5 0 15.999999999999998
62b463153879012d194814a1 5 0 17.6
62b463153879012d194814a1 5 0 19.0
62b463163879012d194814a2 5 2 11.2
62b463163879012d194814a2 5 2 14.700000000000003
62b463163879012d194814a2 5 2 16.9
62b463163879012d194814a2 5 2 18.6
62b463163879012d194814a2 5 2 20.0
62b463163879012d194814a4 5 0 11.2
62b463163879012d194814a4 5 0 14.700000000000003
62b463163879012d194814a4 5 0 16.9
62b463163879012d194814a4 5 0 18.6
62b463163879012d194814a4 5 0 20.0
62b463163879012d194814a6 5 5 12.2
62b463163879012d194814a6 5 5 15.700000000000003
62b463163879012d194814a6 5 5 17.9
62b463163879012d194814a6 5 5 19.6
62b463163879012d194814a6 5 5 21.0
62b4631b3879012d194814dd 5 0 12.2
62b4631b3879012d194814dd 5 0 15.700000000000003
62b4631b3879012d194814dd 5 0 17.9
62b4631b3879012d194814dd 5 0 19.6
62b4631b3879012d194814dd 5 0 21.0
62b463283879012d1948153d 5 5 13.2
62b463283879012d1948153d 5 5 16.700000000000003
62b463283879012d1948153d 5 5 18.9
62b463283879012d1948153d 5 5 20.6
62b463283879012d1948153d 5 5 22.0
62b463303879012d19481579 5 0 13.2
62b463303879012d19481579 5 0 16.700000000000003
62b463303879012d19481579 5 0 18.9
62b463303879012d19481579 5 0 20.6
62b463303879012d19481579 5 0 22.0
62b46740d2f69a53b466171a 5 0 13.2
62b46740d2f69a53b466171a 5 0 16.700000000000003
62b46740d2f69a53b466171a 5 0 18.9
62b46740d2f69a53b466171a 5 0 20.6
62b46740d2f69a53b466171a 5 0 22.0
62b46746d2f69a53b4661722 5 0 13.2
62b46746d2f69a53b4661722 5 0 16.700000000000003
62b46746d2f69a53b4661722 5 0 18.9
62b46746d2f69a53b4661722 5 0 20.6
62b46746d2f69a53b4661722 5 0 22.0
62b86707b4d922cb0e688c2a 5 2 13.6
62b86707b4d922cb0e688c2a 5 2 17.400000000000002
62b86707b4d922cb0e688c2a 5 2 19.799999999999997
62b86707b4d922cb0e688c2a 5 2 21.6
62b86707b4d922cb0e688c2a 5 2 23.0
62b86729b4d922cb0e688c2f 5 0 13.6
62b86729b4d922cb0e688c2f 5 0 17.400000000000002
62b86729b4d922cb0e688c2f 5 0 19.799999999999997
62b86729b4d922cb0e688c2f 5 0 21.6
62b86729b4d922cb0e688c2f 5 0 23.0
62b8a4a4755ee91dce50a3d2 5 0 13.6
62b8a4a4755ee91dce50a3d2 5 0 17.400000000000002
62b8a4a4755ee91dce50a3d2 5 0 19.799999999999997
62b8a4a4755ee91dce50a3d2 5 0 21.6
62b8a4a4755ee91dce50a3d2 5 0 23.0
62b8982f755ee91dce50a241 5 5 14.6
62b8982f755ee91dce50a241 5 5 18.400000000000002
62b8982f755ee91dce50a241 5 5 20.799999999999997
62b8982f755ee91dce50a241 5 5 22.6
62b8982f755ee91dce50a241 5 5 24.0
62b89640755ee91dce50a114 5 1 14.799999999999999
62b89640755ee91dce50a114 5 1 18.8
62b89640755ee91dce50a114 5 1 21.4
62b89640755ee91dce50a114 5 1 23.400000000000002
62b89640755ee91dce50a114 5 1 25.0
62b87d24d292efb640a55670 5 0 14.799999999999999
62b87d24d292efb640a55670 5 0 18.8
62b87d24d292efb640a55670 5 0 21.4
62b87d24d292efb640a55670 5 0 23.400000000000002
62b87d24d292efb640a55670 5 0 25.0
62b87d24d292efb640a5566f 5 0 14.799999999999999
62b87d24d292efb640a5566f 5 0 18.8
62b87d24d292efb640a5566f 5 0 21.4
62b87d24d292efb640a5566f 5 0 23.400000000000002
62b87d24d292efb640a5566f 5 0 25.0
62b87d24d292efb640a5566d 5 0 14.799999999999999
62b87d24d292efb640a5566d 5 0 18.8
62b87d24d292efb640a5566d 5 0 21.4
62b87d24d292efb640a5566d 5 0 23.400000000000002
62b87d24d292efb640a5566d 5 0 25.0
62b87d23d292efb640a5566b 5 0 14.799999999999999
62b87d23d292efb640a5566b 5 0 18.8
62b87d23d292efb640a5566b 5 0 21.4
62b87d23d292efb640a5566b 5 0 23.400000000000002
62b87d23d292efb640a5566b 5 0 25.0
62b87d23d292efb640a55668 5 0 14.799999999999999
62b87d23d292efb640a55668 5 0 18.8
62b87d23d292efb640a55668 5 0 21.4
62b87d23d292efb640a55668 5 0 23.400000000000002
62b87d23d292efb640a55668 5 0 25.0
62b87d23d292efb640a55667 5 0 14.799999999999999
62b87d23d292efb640a55667 5 0 18.8
62b87d23d292efb640a55667 5 0 21.4
62b87d23d292efb640a55667 5 0 23.400000000000002
62b87d23d292efb640a55667 5 0 25.0
62b45e945108cfac7f210a4a 5 0 14.799999999999999
62b45e945108cfac7f210a4a 5 0 18.8
62b45e945108cfac7f210a4a 5 0 21.4
62b45e945108cfac7f210a4a 5 0 23.400000000000002
62b45e945108cfac7f210a4a 5 0 25.0
62b45e515108cfac7f210a3c 5 0 14.799999999999999
62b45e515108cfac7f210a3c 5 0 18.8
62b45e515108cfac7f210a3c 5 0 21.4
62b45e515108cfac7f210a3c 5 0 23.400000000000002
62b45e515108cfac7f210a3c 5 0 25.0
62b45e2eb89c9fd354170232 5 0 14.799999999999999
62b45e2eb89c9fd354170232 5 0 18.8
62b45e2eb89c9fd354170232 5 0 21.4
62b45e2eb89c9fd354170232 5 0 23.400000000000002
62b45e2eb89c9fd354170232 5 0 25.0
62b45e23e0d4551b0392c90a 5 0 14.799999999999999
62b45e23e0d4551b0392c90a 5 0 18.8
62b45e23e0d4551b0392c90a 5 0 21.4
62b45e23e0d4551b0392c90a 5 0 23.400000000000002
62b45e23e0d4551b0392c90a 5 0 25.0
62b45e21e0d4551b0392c8ed 5 0 14.799999999999999
62b45e21e0d4551b0392c8ed 5 0 18.8
62b45e21e0d4551b0392c8ed 5 0 21.4
62b45e21e0d4551b0392c8ed 5 0 23.400000000000002
62b45e21e0d4551b0392c8ed 5 0 25.0
62b45b396decaeff903e1001 5 0 14.799999999999999
62b45b396decaeff903e1001 5 0 18.8
62b45b396decaeff903e1001 5 0 21.4
62b45b396decaeff903e1001 5 0 23.400000000000002
62b45b396decaeff903e1001 5 0 25.0
62b4567ed7d32e5b55cc83d9 5 0 14.799999999999999
62b4567ed7d32e5b55cc83d9 5 0 18.8
62b4567ed7d32e5b55cc83d9 5 0 21.4
62b4567ed7d32e5b55cc83d9 5 0 23.400000000000002
62b4567ed7d32e5b55cc83d9 5 0 25.0
62b4567ad7d32e5b55cc83af 5 0 14.799999999999999
62b4567ad7d32e5b55cc83af 5 0 18.8
62b4567ad7d32e5b55cc83af 5 0 21.4
62b4567ad7d32e5b55cc83af 5 0 23.400000000000002
62b4567ad7d32e5b55cc83af 5 0 25.0
62b45679d7d32e5b55cc83a9 5 1 14.999999999999998
62b45679d7d32e5b55cc83a9 5 1 19.2
62b45679d7d32e5b55cc83a9 5 1 22.0
62b45679d7d32e5b55cc83a9 5 1 24.200000000000003
62b45679d7d32e5b55cc83a9 5 1 26.0
62b45665d7d32e5b55cc8365 5 0 14.999999999999998
62b45665d7d32e5b55cc8365 5 0 19.2
62b45665d7d32e5b55cc8365 5 0 22.0
62b45665d7d32e5b55cc8365 5 0 24.200000000000003
62b45665d7d32e5b55cc8365 5 0 26.0
62b45665d7d32e5b55cc8364 5 0 14.999999999999998
62b45665d7d32e5b55cc8364 5 0 19.2
62b45665d7d32e5b55cc8364 5 0 22.0
62b45665d7d32e5b55cc8364 5 0 24.200000000000003
62b45665d7d32e5b55cc8364 5 0 26.0
62b45665d7d32e5b55cc8363 5 0 14.999999999999998
62b45665d7d32e5b55cc8363 5 0 19.2
62b45665d7d32e5b55cc8363 5 0 22.0
62b45665d7d32e5b55cc8363 5 0 24.200000000000003
62b45665d7d32e5b55cc8363 5 0 26.0
62b438ba66fea644fe22cca2 5 0 14.999999999999998
62b438ba66fea644fe22cca2 5 0 19.2
62b438ba66fea644fe22cca2 5 0 22.0
62b438ba66fea644fe22cca2 5 0 24.200000000000003
62b438ba66fea644fe22cca2 5 0 26.0
62b438b666fea644fe22cc78 5 0 14.999999999999998
62b438b666fea644fe22cc78 5 0 19.2
62b438b666fea644fe22cc78 5 0 22.0
62b438b666fea644fe22cc78 5 0 24.200000000000003
62b438b666fea644fe22cc78 5 0 26.0
62b438b666fea644fe22cc72 5 0 14.999999999999998
62b438b666fea644fe22cc72 5 0 19.2
62b438b666fea644fe22cc72 5 0 22.0
62b438b666fea644fe22cc72 5 0 24.200000000000003
62b438b666fea644fe22cc72 5 0 26.0
62b438b566fea644fe22cc70 5 0 14.999999999999998
62b438b566fea644fe22cc70 5 0 19.2
62b438b566fea644fe22cc70 5 0 22.0
62b438b566fea644fe22cc70 5 0 24.200000000000003
62b438b566fea644fe22cc70 5 0 26.0
62b438a266fea644fe22cc2e 5 0 14.999999999999998
62b438a266fea644fe22cc2e 5 0 19.2
62b438a266fea644fe22cc2e 5 0 22.0
62b438a266fea644fe22cc2e 5 0 24.200000000000003
62b438a266fea644fe22cc2e 5 0 26.0
62b438a266fea644fe22cc2d 5 0 14.999999999999998
62b438a266fea644fe22cc2d 5 0 19.2
62b438a266fea644fe22cc2d 5 0 22.0
62b438a266fea644fe22cc2d 5 0 24.200000000000003
62b438a266fea644fe22cc2d 5 0 26.0
62b438a266fea644fe22cc2c 5 3 15.599999999999998
62b438a266fea644fe22cc2c 5 3 20.099999999999998
62b438a266fea644fe22cc2c 5 3 23.0
62b438a266fea644fe22cc2c 5 3 25.200000000000003
62b438a266fea644fe22cc2c 5 3 27.0
62ece4982e6aefcf4aabbd5f 5 3 16.2
62ece4982e6aefcf4aabbd5f 5 3 20.999999999999996
62ece4982e6aefcf4aabbd5f 5 3 24.0
62ece4982e6aefcf4aabbd5f 5 3 26.200000000000003
62ece4982e6aefcf4aabbd5f 5 3 28.0
62ece4982e6aefcf4aabbd60 5 0 16.2
62ece4982e6aefcf4aabbd60 5 0 20.999999999999996
62ece4982e6aefcf4aabbd60 5 0 24.0
62ece4982e6aefcf4aabbd60 5 0 26.200000000000003
62ece4982e6aefcf4aabbd60 5 0 28.0
62ece4982e6aefcf4aabbd61 5 4 17.0
62ece4982e6aefcf4aabbd61 5 4 21.999999999999996
62ece4982e6aefcf4aabbd61 5 4 25.0
62ece4982e6aefcf4aabbd61 5 4 27.200000000000003
62ece4982e6aefcf4aabbd61 5 4 29.0
62ece4982e6aefcf4aabbd62 5 2 17.4
62ece4982e6aefcf4aabbd62 5 2 22.699999999999996
62ece4982e6aefcf4aabbd62 5 2 25.9
62ece4982e6aefcf4aabbd62 5 2 28.200000000000003
62ece4982e6aefcf4aabbd62 5 2 30.0
62ece4982e6aefcf4aabbd63 5 0 17.4
62ece4982e6aefcf4aabbd63 5 0 22.699999999999996
62ece4982e6aefcf4aabbd63 5 0 25.9
62ece4982e6aefcf4aabbd63 5 0 28.200000000000003
62ece4982e6aefcf4aabbd63 5 0 30.0
62ece4982e6aefcf4aabbd65 5 0 17.4
62ece4982e6aefcf4aabbd65 5 0 22.699999999999996
62ece4982e6aefcf4aabbd65 5 0 25.9
62ece4982e6aefcf4aabbd65 5 0 28.200000000000003
62ece4982e6aefcf4aabbd65 5 0 30.0
62ece4982e6aefcf4aabbd66 5 0 17.4
62ece4982e6aefcf4aabbd66 5 0 22.699999999999996
62ece4982e6aefcf4aabbd66 5 0 25.9
62ece4982e6aefcf4aabbd66 5 0 28.200000000000003
62ece4982e6aefcf4aabbd66 5 0 30.0
62ece4982e6aefcf4aabbd67 5 2 17.799999999999997
62ece4982e6aefcf4aabbd67 5 2 23.399999999999995
62ece4982e6aefcf4aabbd67 5 2 26.799999999999997
62ece4982e6aefcf4aabbd67 5 2 29.200000000000003
62ece4982e6aefcf4aabbd67 5 2 31.0
62ece4982e6aefcf4aabbd68 5 0 17.799999999999997
62ece4982e6aefcf4aabbd68 5 0 23.399999999999995
62ece4982e6aefcf4aabbd68 5 0 26.799999999999997
62ece4982e6aefcf4aabbd68 5 0 29.200000000000003
62ece4982e6aefcf4aabbd68 5 0 31.0
62ece4982e6aefcf4aabbd69 5 0 17.799999999999997
62ece4982e6aefcf4aabbd69 5 0 23.399999999999995
62ece4982e6aefcf4aabbd69 5 0 26.799999999999997
62ece4982e6aefcf4aabbd69 5 0 29.200000000000003
62ece4982e6aefcf4aabbd69 5 0 31.0
62ece4982e6aefcf4aabbd6a 5 5 18.799999999999997
62ece4982e6aefcf4aabbd6a 5 5 24.399999999999995
62ece4982e6aefcf4aabbd6a 5 5 27.799999999999997
62ece4982e6aefcf4aabbd6a 5 5 30.200000000000003
62ece4982e6aefcf4aabbd6a 5 5 32.0
62ece4982e6aefcf4aabbd6b 5 0 18.799999999999997
62ece4982e6aefcf4aabbd6b 5 0 24.399999999999995
62ece4982e6aefcf4aabbd6b 5 0 27.799999999999997
62ece4982e6aefcf4aabbd6b 5 0 30.200000000000003
62ece4982e6aefcf4aabbd6b 5 0 32.0
62ece4982e6aefcf4aabbd6d 5 1 18.999999999999996
62ece4982e6aefcf4aabbd6d 5 1 24.799999999999994
62ece4982e6aefcf4aabbd6d 5 1 28.4
62ece4982e6aefcf4aabbd6d 5 1 31.000000000000004
62ece4982e6aefcf4aabbd6d 5 1 33.0
62ece4982e6aefcf4aabbd6f 5 0 18.999999999999996
62ece4982e6aefcf4aabbd6f 5 0 24.799999999999994
62ece4982e6aefcf4aabbd6f 5 0 28.4
62ece4982e6aefcf4aabbd6f 5 0 31.000000000000004
62ece4982e6aefcf4aabbd6f 5 0 33.0
62ece4982e6aefcf4aabbd70 5 3 19.599999999999998
62ece4982e6aefcf4aabbd70 5 3 25.699999999999992
62ece4982e6aefcf4aabbd70 5 3 29.4
62ece4982e6aefcf4aabbd70 5 3 32.0
62ece4982e6aefcf4aabbd70 5 3 34.0
62ece4982e6aefcf4aabbd71 5 0 19.599999999999998
62ece4982e6aefcf4aabbd71 5 0 25.699999999999992
62ece4982e6aefcf4aabbd71 5 0 29.4
62ece4982e6aefcf4aabbd71 5 0 32.0
62ece4982e6aefcf4aabbd71 5 0 34.0
62ece4982e6aefcf4aabbd72 5 0 19.599999999999998
62ece4982e6aefcf4aabbd72 5 0 25.699999999999992
62ece4982e6aefcf4aabbd72 5 0 29.4
62ece4982e6aefcf4aabbd72 5 0 32.0
62ece4982e6aefcf4aabbd72 5 0 34.0
62ece4982e6aefcf4aabbd73 5 0 19.599999999999998
62ece4982e6aefcf4aabbd73 5 0 25.699999999999992
62ece4982e6aefcf4aabbd73 5 0 29.4
62ece4982e6aefcf4aabbd73 5 0 32.0
62ece4982e6aefcf4aabbd73 5 0 34.0
62ece4982e6aefcf4aabbd74 5 0 19.599999999999998
62ece4982e6aefcf4aabbd74 5 0 25.699999999999992
62ece4982e6aefcf4aabbd74 5 0 29.4
62ece4982e6aefcf4aabbd74 5 0 32.0
62ece4982e6aefcf4aabbd74 5 0 34.0
62ece4982e6aefcf4aabbd75 5 0 19.599999999999998
62ece4982e6aefcf4aabbd75 5 0 25.699999999999992
62ece4982e6aefcf4aabbd75 5 0 29.4
62ece4982e6aefcf4aabbd75 5 0 32.0
62ece4982e6aefcf4aabbd75 5 0 34.0
62ece4982e6aefcf4aabbd76 5 0 19.599999999999998
62ece4982e6aefcf4aabbd76 5 0 25.699999999999992
62ece4982e6aefcf4aabbd76 5 0 29.4
62ece4982e6aefcf4aabbd76 5 0 32.0
62ece4982e6aefcf4aabbd76 5 0 34.0
62ece4982e6aefcf4aabbd77 5 0 19.599999999999998
62ece4982e6aefcf4aabbd77 5 0 25.699999999999992
62ece4982e6aefcf4aabbd77 5 0 29.4
62ece4982e6aefcf4aabbd77 5 0 32.0
62ece4982e6aefcf4aabbd77 5 0 34.0
62ece4992e6aefcf4aabbd78 5 0 19.599999999999998
62ece4992e6aefcf4aabbd78 5 0 25.699999999999992
62ece4992e6aefcf4aabbd78 5 0 29.4
62ece4992e6aefcf4aabbd78 5 0 32.0
62ece4992e6aefcf4aabbd78 5 0 34.0
62ece4992e6aefcf4aabbd79 5 0 19.599999999999998
62ece4992e6aefcf4aabbd79 5 0 25.699999999999992
62ece4992e6aefcf4aabbd79 5 0 29.4
62ece4992e6aefcf4aabbd79 5 0 32.0
62ece4992e6aefcf4aabbd79 5 0 34.0
62ece4992e6aefcf4aabbd7a 5 2 19.999999999999996
62ece4992e6aefcf4aabbd7a 5 2 26.39999999999999
62ece4992e6aefcf4aabbd7a 5 2 30.299999999999997
62ece4992e6aefcf4aabbd7a 5 2 33.0
62ece4992e6aefcf4aabbd7a 5 2 35.0
62ece4992e6aefcf4aabbd7b 5 0 19.999999999999996
62ece4992e6aefcf4aabbd7b 5 0 26.39999999999999
62ece4992e6aefcf4aabbd7b 5 0 30.299999999999997
62ece4992e6aefcf4aabbd7b 5 0 33.0
62ece4992e6aefcf4aabbd7b 5 0 35.0
62ece4992e6aefcf4aabbd7c 5 1 20.199999999999996
62ece4992e6aefcf4aabbd7c 5 1 26.79999999999999
62ece4992e6aefcf4aabbd7c 5 1 30.9
62ece4992e6aefcf4aabbd7c 5 1 33.8
62ece4992e6aefcf4aabbd7c 5 1 36.0
62ece4992e6aefcf4aabbd7d 5 5 21.199999999999996
62ece4992e6aefcf4aabbd7d 5 5 27.79999999999999
62ece4992e6aefcf4aabbd7d 5 5 31.9
62ece4992e6aefcf4aabbd7d 5 5 34.8
62ece4992e6aefcf4aabbd7d 5 5 37.0
62ece4992e6aefcf4aabbd7e 5 1 21.399999999999995
62ece4992e6aefcf4aabbd7e 5 1 28.19999999999999
62ece4992e6aefcf4aabbd7e 5 1 32.5
62ece4992e6aefcf4aabbd7e 5 1 35.599999999999994
62ece4992e6aefcf4aabbd7e 5 1 38.0
62ece4992e6aefcf4aabbd7f 5 1 21.599999999999994
62ece4992e6aefcf4aabbd7f 5 1 28.599999999999987
62ece4992e6aefcf4aabbd7f 5 1 33.1
62ece4992e6aefcf4aabbd7f 5 1 36.39999999999999
62ece4992e6aefcf4aabbd7f 5 1 39.0
62ece4992e6aefcf4aabbd80 5 2 21.999999999999993
62ece4992e6aefcf4aabbd80 5 2 29.299999999999986
62ece4992e6aefcf4aabbd80 5 2 34.0
62ece4992e6aefcf4aabbd80 5 2 37.39999999999999
62ece4992e6aefcf4aabbd80 5 2 40.0
62ece4992e6aefcf4aabbd82 5 2 22.39999999999999
62ece4992e6aefcf4aabbd82 5 2 29.999999999999986
62ece4992e6aefcf4aabbd82 5 2 34.9
62ece4992e6aefcf4aabbd82 5 2 38.39999999999999
62ece4992e6aefcf4aabbd82 5 2 41.0
62ece4992e6aefcf4aabbd83 5 0 22.39999999999999
62ece4992e6aefcf4aabbd83 5 0 29.999999999999986
62ece4992e6aefcf4aabbd83 5 0 34.9
62ece4992e6aefcf4aabbd83 5 0 38.39999999999999
62ece4992e6aefcf4aabbd83 5 0 41.0
62ece4992e6aefcf4aabbd84 5 4 23.199999999999992
62ece4992e6aefcf4aabbd84 5 4 30.999999999999986
62ece4992e6aefcf4aabbd84 5 4 35.9
62ece4992e6aefcf4aabbd84 5 4 39.39999999999999
62ece4992e6aefcf4aabbd84 5 4 42.0
62ece4992e6aefcf4aabbd85 5 4 23.999999999999993
62ece4992e6aefcf4aabbd85 5 4 31.999999999999986
62ece4992e6aefcf4aabbd85 5 4 36.9
62ece4992e6aefcf4aabbd85 5 4 40.39999999999999
62ece4992e6aefcf4aabbd85 5 4 43.0
62ece4992e6aefcf4aabbd86 5 0 23.999999999999993
62ece4992e6aefcf4aabbd86 5 0 31.999999999999986
62ece4992e6aefcf4aabbd86 5 0 36.9
62ece4992e6aefcf4aabbd86 5 0 40.39999999999999
62ece4992e6aefcf4aabbd86 5 0 43.0
62ece4992e6aefcf4aabbd87 5 0 23.999999999999993
62ece4992e6aefcf4aabbd87 5 0 31.999999999999986
62ece4992e6aefcf4aabbd87 5 0 36.9
62ece4992e6aefcf4aabbd87 5 0 40.39999999999999
62ece4992e6aefcf4aabbd87 5 0 43.0
62ece4992e6aefcf4aabbd88 5 1 24.199999999999992
62ece4992e6aefcf4aabbd88 5 1 32.399999999999984
62ece4992e6aefcf4aabbd88 5 1 37.5
62ece4992e6aefcf4aabbd88 5 1 41.19999999999999
62ece4992e6aefcf4aabbd88 5 1 44.0
62ece4992e6aefcf4aabbd89 5 1 24.39999999999999
62ece4992e6aefcf4aabbd89 5 1 32.79999999999998
62ece4992e6aefcf4aabbd89 5 1 38.1
62ece4992e6aefcf4aabbd89 5 1 41.999999999999986
62ece4992e6aefcf4aabbd89 5 1 45.0
62ece4992e6aefcf4aabbd8a 5 0 24.39999999999999
62ece4992e6aefcf4aabbd8a 5 0 32.79999999999998
62ece4992e6aefcf4aabbd8a 5 0 38.1
62ece4992e6aefcf4aabbd8a 5 0 41.999999999999986
62ece4992e6aefcf4aabbd8a 5 0 45.0
62ece4992e6aefcf4aabbd8b 5 0 24.39999999999999
62ece4992e6aefcf4aabbd8b 5 0 32.79999999999998
62ece4992e6aefcf4aabbd8b 5 0 38.1
62ece4992e6aefcf4aabbd8b 5 0 41.999999999999986
62ece4992e6aefcf4aabbd8b 5 0 45.0
62e60723d76274f8a4026b76 5 0 24.39999999999999
62e60723d76274f8a4026b76 5 0 32.79999999999998
62e60723d76274f8a4026b76 5 0 38.1
62e60723d76274f8a4026b76 5 0 41.999999999999986
62e60723d76274f8a4026b76 5 0 45.0
62e60873d76274f8a4026bd8 5 0 24.39999999999999
62e60873d76274f8a4026bd8 5 0 32.79999999999998
62e60873d76274f8a4026bd8 5 0 38.1
62e60873d76274f8a4026bd8 5 0 41.999999999999986
62e60873d76274f8a4026bd8 5 0 45.0
62e60e3bd76274f8a4026d1a 5 0 24.39999999999999
62e60e3bd76274f8a4026d1a 5 0 32.79999999999998
62e60e3bd76274f8a4026d1a 5 0 38.1
62e60e3bd76274f8a4026d1a 5 0 41.999999999999986
62e60e3bd76274f8a4026d1a 5 0 45.0
62b87b199a0c4fa8b80b354c 5 0 24.39999999999999
62b87b199a0c4fa8b80b354c 5 0 32.79999999999998
62b87b199a0c4fa8b80b354c 5 0 38.1
62b87b199a0c4fa8b80b354c 5 0 41.999999999999986
62b87b199a0c4fa8b80b354c 5 0 45.0
62b87b4f9a0c4fa8b80b3581 5 0 24.39999999999999
62b87b4f9a0c4fa8b80b3581 5 0 32.79999999999998
62b87b4f9a0c4fa8b80b3581 5 0 38.1
62b87b4f9a0c4fa8b80b3581 5 0 41.999999999999986
62b87b4f9a0c4fa8b80b3581 5 0 45.0
62b87b519a0c4fa8b80b3583 5 0 24.39999999999999
62b87b519a0c4fa8b80b3583 5 0 32.79999999999998
62b87b519a0c4fa8b80b3583 5 0 38.1
62b87b519a0c4fa8b80b3583 5 0 41.999999999999986
62b87b519a0c4fa8b80b3583 5 0 45.0
62b87b869a0c4fa8b80b35e1 5 0 24.39999999999999
62b87b869a0c4fa8b80b35e1 5 0 32.79999999999998
62b87b869a0c4fa8b80b35e1 5 0 38.1
62b87b869a0c4fa8b80b35e1 5 0 41.999999999999986
62b87b869a0c4fa8b80b35e1 5 0 45.0
62b8b4baeb7e40a82d2d1136 5 3 24.999999999999993
62b8b4baeb7e40a82d2d1136 5 3 33.69999999999998
62b8b4baeb7e40a82d2d1136 5 3 39.1
62b8b4baeb7e40a82d2d1136 5 3 42.999999999999986
62b8b4baeb7e40a82d2d1136 5 3 46.0
62b8b4baeb7e40a82d2d1137 5 2 25.39999999999999
62b8b4baeb7e40a82d2d1137 5 2 34.399999999999984
62b8b4baeb7e40a82d2d1137 5 2 40.0
62b8b4baeb7e40a82d2d1137 5 2 43.999999999999986
62b8b4baeb7e40a82d2d1137 5 2 47.0
62b8b4c1eb7e40a82d2d1139 5 5 26.39999999999999
62b8b4c1eb7e40a82d2d1139 5 5 35.399999999999984
62b8b4c1eb7e40a82d2d1139 5 5 41.0
62b8b4c1eb7e40a82d2d1139 5 5 44.999999999999986
62b8b4c1eb7e40a82d2d1139 5 5 48.0
62b8b559eb7e40a82d2d11f6 5 1 26.59999999999999
62b8b559eb7e40a82d2d11f6 5 1 35.79999999999998
62b8b559eb7e40a82d2d11f6 5 1 41.6
62b8b559eb7e40a82d2d11f6 5 1 45.79999999999998
62b8b559eb7e40a82d2d11f6 5 1 49.0
62b8d22a48ba5a41d1c3f47d 5 0 26.59999999999999
62b8d22a48ba5a41d1c3f47d 5 0 35.79999999999998
62b8d22a48ba5a41d1c3f47d 5 0 41.6
62b8d22a48ba5a41d1c3f47d 5 0 45.79999999999998
62b8d22a48ba5a41d1c3f47d 5 0 49.0
62b8d23748ba5a41d1c3f497 5 0 26.59999999999999
62b8d23748ba5a41d1c3f497 5 0 35.79999999999998
62b8d23748ba5a41d1c3f497 5 0 41.6
62b8d23748ba5a41d1c3f497 5 0 45.79999999999998
62b8d23748ba5a41d1c3f497 5 0 49.0
62b8d23a48ba5a41d1c3f499 5 0 26.59999999999999
62b8d23a48ba5a41d1c3f499 5 0 35.79999999999998
62b8d23a48ba5a41d1c3f499 5 0 41.6
62b8d23a48ba5a41d1c3f499 5 0 45.79999999999998
62b8d23a48ba5a41d1c3f499 5 0 49.0
62b8d23c48ba5a41d1c3f49b 5 0 26.59999999999999
62b8d23c48ba5a41d1c3f49b 5 0 35.79999999999998
62b8d23c48ba5a41d1c3f49b 5 0 41.6
62b8d23c48ba5a41d1c3f49b 5 0 45.79999999999998
62b8d23c48ba5a41d1c3f49b 5 0 49.0
62b8d23e48ba5a41d1c3f49e 5 3 27.199999999999992
62b8d23e48ba5a41d1c3f49e 5 3 36.69999999999998
62b8d23e48ba5a41d1c3f49e 5 3 42.6
62b8d23e48ba5a41d1c3f49e 5 3 46.79999999999998
62b8d23e48ba5a41d1c3f49e 5 3 50.0
62b43425903eeb48555d3ea1 5 0 27.199999999999992
62b43425903eeb48555d3ea1 5 0 36.69999999999998
62b43425903eeb48555d3ea1 5 0 42.6
62b43425903eeb48555d3ea1 5 0 46.79999999999998
62b43425903eeb48555d3ea1 5 0 50.0
62b43426903eeb48555d3ea2 5 0 27.199999999999992
62b43426903eeb48555d3ea2 5 0 36.69999999999998
62b43426903eeb48555d3ea2 5 0 42.6
62b43426903eeb48555d3ea2 5 0 46.79999999999998
62b43426903eeb48555d3ea2 5 0 50.0
62b8966c755ee91dce50a154 5 0 27.199999999999992
62b8966c755ee91dce50a154 5 0 36.69999999999998
62b8966c755ee91dce50a154 5 0 42.6
62b8966c755ee91dce50a154 5 0 46.79999999999998
62b8966c755ee91dce50a154 5 0 50.0
62b896de755ee91dce50a183 5 0 27.199999999999992
62b896de755ee91dce50a183 5 0 36.69999999999998
62b896de755ee91dce50a183 5 0 42.6
62b896de755ee91dce50a183 5 0 46.79999999999998
62b896de755ee91dce50a183 5 0 50.0
62b8a4a4755ee91dce50a3d3 5 2 27.59999999999999
62b8a4a4755ee91dce50a3d3 5 2 37.399999999999984
62b8a4a4755ee91dce50a3d3 5 2 43.5
62b8a4a4755ee91dce50a3d3 5 2 47.79999999999998
62b8a4a4755ee91dce50a3d3 5 2 51.0
62b8a7b2755ee91dce50a4a7 5 4 28.39999999999999
62b8a7b2755ee91dce50a4a7 5 4 38.399999999999984
62b8a7b2755ee91dce50a4a7 5 4 44.5
62b8a7b2755ee91dce50a4a7 5 4 48.79999999999998
62b8a7b2755ee91dce50a4a7 5 4 52.0
6305f9991d275c6667163c50 5 5 29.39999999999999
6305f9991d275c6667163c50 5 5 39.399999999999984
6305f9991d275c6667163c50 5 5 45.5
6305f9991d275c6667163c50 5 5 49.79999999999998
6305f9991d275c6667163c50 5 5 53.0
6306292052e177c0ba469f09 5 0 29.39999999999999
6306292052e177c0ba469f09 5 0 39.399999999999984
6306292052e177c0ba469f09 5 0 45.5
6306292052e177c0ba469f09 5 0 49.79999999999998
6306292052e177c0ba469f09 5 0 53.0
6306292152e177c0ba469f0d 5 0 29.39999999999999
6306292152e177c0ba469f0d 5 0 39.399999999999984
6306292152e177c0ba469f0d 5 0 45.5
6306292152e177c0ba469f0d 5 0 49.79999999999998
6306292152e177c0ba469f0d 5 0 53.0
6306292252e177c0ba469f11 5 5 30.39999999999999
6306292252e177c0ba469f11 5 5 40.399999999999984
6306292252e177c0ba469f11 5 5 46.5
6306292252e177c0ba469f11 5 5 50.79999999999998
6306292252e177c0ba469f11 5 5 54.0
6306292352e177c0ba469f1d 5 0 30.39999999999999
6306292352e177c0ba469f1d 5 0 40.399999999999984
6306292352e177c0ba469f1d 5 0 46.5
6306292352e177c0ba469f1d 5 0 50.79999999999998
6306292352e177c0ba469f1d 5 0 54.0
6306292352e177c0ba469f1e 5 0 30.39999999999999
6306292352e177c0ba469f1e 5 0 40.399999999999984
6306292352e177c0ba469f1e 5 0 46.5
6306292352e177c0ba469f1e 5 0 50.79999999999998
6306292352e177c0ba469f1e 5 0 54.0
6306292652e177c0ba469f34 5 4 31.199999999999992
6306292652e177c0ba469f34 5 4 41.399999999999984
6306292652e177c0ba469f34 5 4 47.5
6306292652e177c0ba469f34 5 4 51.79999999999998
6306292652e177c0ba469f34 5 4 55.0
6306292a52e177c0ba469f41 5 0 31.199999999999992
6306292a52e177c0ba469f41 5 0 41.399999999999984
6306292a52e177c0ba469f41 5 0 47.5
6306292a52e177c0ba469f41 5 0 51.79999999999998
6306292a52e177c0ba469f41 5 0 55.0
6306298b52e177c0ba469fdc 5 1 31.39999999999999
6306298b52e177c0ba469fdc 5 1 41.79999999999998
6306298b52e177c0ba469fdc 5 1 48.1
6306298b52e177c0ba469fdc 5 1 52.59999999999998
6306298b52e177c0ba469fdc 5 1 56.0
6306299052e177c0ba469fe8 5 3 31.999999999999993
6306299052e177c0ba469fe8 5 3 42.69999999999998
6306299052e177c0ba469fe8 5 3 49.1
6306299052e177c0ba469fe8 5 3 53.59999999999998
6306299052e177c0ba469fe8 5 3 57.0
630629b952e177c0ba46a043 5 0 31.999999999999993
630629b952e177c0ba46a043 5 0 42.69999999999998
630629b952e177c0ba46a043 5 0 49.1
630629b952e177c0ba46a043 5 0 53.59999999999998
630629b952e177c0ba46a043 5 0 57.0
630629d052e177c0ba46a0a1 5 1 32.199999999999996
630629d052e177c0ba46a0a1 5 1 43.09999999999998
630629d052e177c0ba46a0a1 5 1 49.7
630629d052e177c0ba46a0a1 5 1 54.39999999999998
630629d052e177c0ba46a0a1 5 1 58.0
630629e052e177c0ba46a0c4 5 0 32.199999999999996
630629e052e177c0ba46a0c4 5 0 43.09999999999998
630629e052e177c0ba46a0c4 5 0 49.7
630629e052e177c0ba46a0c4 5 0 54.39999999999998
630629e052e177c0ba46a0c4 5 0 58.0
630629e152e177c0ba46a0d1 5 2 32.599999999999994
630629e152e177c0ba46a0d1 5 2 43.79999999999998
630629e152e177c0ba46a0d1 5 2 50.6
630629e152e177c0ba46a0d1 5 2 55.39999999999998
630629e152e177c0ba46a0d1 5 2 59.0
630629e152e177c0ba46a0d2 5 0 32.599999999999994
630629e152e177c0ba46a0d2 5 0 43.79999999999998
630629e152e177c0ba46a0d2 5 0 50.6
630629e152e177c0ba46a0d2 5 0 55.39999999999998
630629e152e177c0ba46a0d2 5 0 59.0
630629e252e177c0ba46a0d6 5 0 32.599999999999994
630629e252e177c0ba46a0d6 5 0 43.79999999999998
630629e252e177c0ba46a0d6 5 0 50.6
630629e252e177c0ba46a0d6 5 0 55.39999999999998
630629e252e177c0ba46a0d6 5 0 59.0
630629e752e177c0ba46a0fb 5 0 32.599999999999994
630629e752e177c0ba46a0fb 5 0 43.79999999999998
630629e752e177c0ba46a0fb 5 0 50.6
630629e752e177c0ba46a0fb 5 0 55.39999999999998
630629e752e177c0ba46a0fb 5 0 59.0
6306091073426c38ae68acac 5 0 32.599999999999994
6306091073426c38ae68acac 5 0 43.79999999999998
6306091073426c38ae68acac 5 0 50.6
6306091073426c38ae68acac 5 0 55.39999999999998
6306091073426c38ae68acac 5 0 59.0
6306091a73426c38ae68acc8 5 0 32.599999999999994
6306091a73426c38ae68acc8 5 0 43.79999999999998
6306091a73426c38ae68acc8 5 0 50.6
6306091a73426c38ae68acc8 5 0 55.39999999999998
6306091a73426c38ae68acc8 5 0 59.0
6306091b73426c38ae68acd7 5 0 32.599999999999994
6306091b73426c38ae68acd7 5 0 43.79999999999998
6306091b73426c38ae68acd7 5 0 50.6
6306091b73426c38ae68acd7 5 0 55.39999999999998
6306091b73426c38ae68acd7 5 0 59.0
6306091b73426c38ae68acd9 5 0 32.599999999999994
6306091b73426c38ae68acd9 5 0 43.79999999999998
6306091b73426c38ae68acd9 5 0 50.6
6306091b73426c38ae68acd9 5 0 55.39999999999998
6306091b73426c38ae68acd9 5 0 59.0
6306091b73426c38ae68acda 5 0 32.599999999999994
6306091b73426c38ae68acda 5 0 43.79999999999998
6306091b73426c38ae68acda 5 0 50.6
6306091b73426c38ae68acda 5 0 55.39999999999998
6306091b73426c38ae68acda 5 0 59.0
6306091c73426c38ae68acdc 5 0 32.599999999999994
6306091c73426c38ae68acdc 5 0 43.79999999999998
6306091c73426c38ae68acdc 5 0 50.6
6306091c73426c38ae68acdc 5 0 55.39999999999998
6306091c73426c38ae68acdc 5 0 59.0
6306091c73426c38ae68acdd 5 0 32.599999999999994
6306091c73426c38ae68acdd 5 0 43.79999999999998
6306091c73426c38ae68acdd 5 0 50.6
6306091c73426c38ae68acdd 5 0 55.39999999999998
6306091c73426c38ae68acdd 5 0 59.0
6306091d73426c38ae68ace5 5 0 32.599999999999994
6306091d73426c38ae68ace5 5 0 43.79999999999998
6306091d73426c38ae68ace5 5 0 50.6
6306091d73426c38ae68ace5 5 0 55.39999999999998
6306091d73426c38ae68ace5 5 0 59.0
6306092373426c38ae68acfa 5 0 32.599999999999994
6306092373426c38ae68acfa 5 0 43.79999999999998
6306092373426c38ae68acfa 5 0 50.6
6306092373426c38ae68acfa 5 0 55.39999999999998
6306092373426c38ae68acfa 5 0 59.0
6306092973426c38ae68ad01 5 0 32.599999999999994
6306092973426c38ae68ad01 5 0 43.79999999999998
6306092973426c38ae68ad01 5 0 50.6
6306092973426c38ae68ad01 5 0 55.39999999999998
6306092973426c38ae68ad01 5 0 59.0
6306092c73426c38ae68ad02 5 0 32.599999999999994
6306092c73426c38ae68ad02 5 0 43.79999999999998
6306092c73426c38ae68ad02 5 0 50.6
6306092c73426c38ae68ad02 5 0 55.39999999999998
6306092c73426c38ae68ad02 5 0 59.0
6306092d73426c38ae68ad04 5 0 32.599999999999994
6306092d73426c38ae68ad04 5 0 43.79999999999998
6306092d73426c38ae68ad04 5 0 50.6
6306092d73426c38ae68ad04 5 0 55.39999999999998
6306092d73426c38ae68ad04 5 0 59.0
6306092d73426c38ae68ad05 5 0 32.599999999999994
6306092d73426c38ae68ad05 5 0 43.79999999999998
6306092d73426c38ae68ad05 5 0 50.6
6306092d73426c38ae68ad05 5 0 55.39999999999998
6306092d73426c38ae68ad05 5 0 59.0
6306092d73426c38ae68ad06 5 0 32.599999999999994
6306092d73426c38ae68ad06 5 0 43.79999999999998
6306092d73426c38ae68ad06 5 0 50.6
6306092d73426c38ae68ad06 5 0 55.39999999999998
6306092d73426c38ae68ad06 5 0 59.0
6306092d73426c38ae68ad07 5 0 32.599999999999994
6306092d73426c38ae68ad07 5 0 43.79999999999998
6306092d73426c38ae68ad07 5 0 50.6
6306092d73426c38ae68ad07 5 0 55.39999999999998
6306092d73426c38ae68ad07 5 0 59.0
6306092d73426c38ae68ad08 5 1 32.8
6306092d73426c38ae68ad08 5 1 44.19999999999998
6306092d73426c38ae68ad08 5 1 51.2
6306092d73426c38ae68ad08 5 1 56.199999999999974
6306092d73426c38ae68ad08 5 1 60.0
6306092e73426c38ae68ad09 5 0 32.8
6306092e73426c38ae68ad09 5 0 44.19999999999998
6306092e73426c38ae68ad09 5 0 51.2
6306092e73426c38ae68ad09 5 0 56.199999999999974
6306092e73426c38ae68ad09 5 0 60.0
6306092e73426c38ae68ad0a 5 0 32.8
6306092e73426c38ae68ad0a 5 0 44.19999999999998
6306092e73426c38ae68ad0a 5 0 51.2
6306092e73426c38ae68ad0a 5 0 56.199999999999974
6306092e73426c38ae68ad0a 5 0 60.0
6306092e73426c38ae68ad0b 5 0 32.8
6306092e73426c38ae68ad0b 5 0 44.19999999999998
6306092e73426c38ae68ad0b 5 0 51.2
6306092e73426c38ae68ad0b 5 0 56.199999999999974
6306092e73426c38ae68ad0b 5 0 60.0
6306092e73426c38ae68ad0d 5 0 32.8
6306092e73426c38ae68ad0d 5 0 44.19999999999998
6306092e73426c38ae68ad0d 5 0 51.2
6306092e73426c38ae68ad0d 5 0 56.199999999999974
6306092e73426c38ae68ad0d 5 0 60.0
6306092e73426c38ae68ad0f 5 0 32.8
6306092e73426c38ae68ad0f 5 0 44.19999999999998
6306092e73426c38ae68ad0f 5 0 51.2
6306092e73426c38ae68ad0f 5 0 56.199999999999974
6306092e73426c38ae68ad0f 5 0 60.0
6306092e73426c38ae68ad11 5 0 32.8
6306092e73426c38ae68ad11 5 0 44.19999999999998
6306092e73426c38ae68ad11 5 0 51.2
6306092e73426c38ae68ad11 5 0 56.199999999999974
6306092e73426c38ae68ad11 5 0 60.0
6306092f73426c38ae68ad13 5 1 33.0
6306092f73426c38ae68ad13 5 1 44.59999999999998
6306092f73426c38ae68ad13 5 1 51.800000000000004
6306092f73426c38ae68ad13 5 1 56.99999999999997
6306092f73426c38ae68ad13 5 1 61.0
6306093273426c38ae68ad15 5 0 33.0
6306093273426c38ae68ad15 5 0 44.59999999999998
6306093273426c38ae68ad15 5 0 51.800000000000004
6306093273426c38ae68ad15 5 0 56.99999999999997
6306093273426c38ae68ad15 5 0 61.0
63060ada73426c38ae68ad31 5 0 33.0
63060ada73426c38ae68ad31 5 0 44.59999999999998
63060ada73426c38ae68ad31 5 0 51.800000000000004
63060ada73426c38ae68ad31 5 0 56.99999999999997
63060ada73426c38ae68ad31 5 0 61.0
63060b1a73426c38ae68ad3e 5 0 33.0
63060b1a73426c38ae68ad3e 5 0 44.59999999999998
63060b1a73426c38ae68ad3e 5 0 51.800000000000004
63060b1a73426c38ae68ad3e 5 0 56.99999999999997
63060b1a73426c38ae68ad3e 5 0 61.0
63060b1b73426c38ae68ad42 5 0 33.0
63060b1b73426c38ae68ad42 5 0 44.59999999999998
63060b1b73426c38ae68ad42 5 0 51.800000000000004
63060b1b73426c38ae68ad42 5 0 56.99999999999997
63060b1b73426c38ae68ad42 5 0 61.0
63060b1b73426c38ae68ad43 5 4 33.8
63060b1b73426c38ae68ad43 5 4 45.59999999999998
63060b1b73426c38ae68ad43 5 4 52.800000000000004
63060b1b73426c38ae68ad43 5 4 57.99999999999997
63060b1b73426c38ae68ad43 5 4 62.0
62ece4982e6aefcf4aabbd64 5 0 33.8
62ece4982e6aefcf4aabbd64 5 0 45.59999999999998
62ece4982e6aefcf4aabbd64 5 0 52.800000000000004
62ece4982e6aefcf4aabbd64 5 0 57.99999999999997
62ece4982e6aefcf4aabbd64 5 0 62.0
230 230
[33.8, 45.59999999999998, 52.800000000000004, 57.99999999999997, 62.0]
0.14695652173913043
 14.70%
0.1982608695652173
 19.83%
0.22956521739130437
 22.96%
0.25217391304347814
 25.22%
0.26956521739130435
 26.96%
finish_overall
plib_runnable	21

  15.24%	
  21.90%	
  25.71%	
  29.52%	
  33.33%	


project_runnable	23

  9.57%	
  12.17%	
  13.91%	
  15.65%	
  17.39%	


class_runnable	55

  8.36%	
  10.91%	
  12.18%	
  12.73%	
  12.73%	


self_contained	35

  29.14%	
  37.14%	
  41.43%	
  44.00%	
  45.71%	


file_runnable	68

  12.06%	
  17.65%	
  21.32%	
  24.12%	
  26.47%	


slib_runnable	28

  19.29%	
  25.71%	
  30.36%	
  33.57%	
  35.71%	


230
0
