62e60f43d76274f8a4026e28 5 0 0.0
62e60f43d76274f8a4026e28 5 0 0.0
62e60f43d76274f8a4026e28 5 0 0.0
62e60f43d76274f8a4026e28 5 0 0.0
62e60f43d76274f8a4026e28 5 0 0.0
62e60f3bd76274f8a4026e10 5 0 0.0
62e60f3bd76274f8a4026e10 5 0 0.0
62e60f3bd76274f8a4026e10 5 0 0.0
62e60f3bd76274f8a4026e10 5 0 0.0
62e60f3bd76274f8a4026e10 5 0 0.0
62e60f37d76274f8a4026dfd 5 0 0.0
62e60f37d76274f8a4026dfd 5 0 0.0
62e60f37d76274f8a4026dfd 5 0 0.0
62e60f37d76274f8a4026dfd 5 0 0.0
62e60f37d76274f8a4026dfd 5 0 0.0
62e60f33d76274f8a4026de9 5 0 0.0
62e60f33d76274f8a4026de9 5 0 0.0
62e60f33d76274f8a4026de9 5 0 0.0
62e60f33d76274f8a4026de9 5 0 0.0
62e60f33d76274f8a4026de9 5 0 0.0
62e60ed4d76274f8a4026da0 5 5 1.0
62e60ed4d76274f8a4026da0 5 5 1.0
62e60ed4d76274f8a4026da0 5 5 1.0
62e60ed4d76274f8a4026da0 5 5 1.0
62e60ed4d76274f8a4026da0 5 5 1.0
62e60ecfd76274f8a4026d6a 5 0 1.0
62e60ecfd76274f8a4026d6a 5 0 1.0
62e60ecfd76274f8a4026d6a 5 0 1.0
62e60ecfd76274f8a4026d6a 5 0 1.0
62e60ecfd76274f8a4026d6a 5 0 1.0
62e60e49d76274f8a4026d25 5 0 1.0
62e60e49d76274f8a4026d25 5 0 1.0
62e60e49d76274f8a4026d25 5 0 1.0
62e60e49d76274f8a4026d25 5 0 1.0
62e60e49d76274f8a4026d25 5 0 1.0
62e60e05d76274f8a4026cfd 5 0 1.0
62e60e05d76274f8a4026cfd 5 0 1.0
62e60e05d76274f8a4026cfd 5 0 1.0
62e60e05d76274f8a4026cfd 5 0 1.0
62e60e05d76274f8a4026cfd 5 0 1.0
62e60da4d76274f8a4026cf1 5 0 1.0
62e60da4d76274f8a4026cf1 5 0 1.0
62e60da4d76274f8a4026cf1 5 0 1.0
62e60da4d76274f8a4026cf1 5 0 1.0
62e60da4d76274f8a4026cf1 5 0 1.0
62e60b10d76274f8a4026ccd 5 0 1.0
62e60b10d76274f8a4026ccd 5 0 1.0
62e60b10d76274f8a4026ccd 5 0 1.0
62e60b10d76274f8a4026ccd 5 0 1.0
62e60b10d76274f8a4026ccd 5 0 1.0
62e6087bd76274f8a4026bfa 5 0 1.0
62e6087bd76274f8a4026bfa 5 0 1.0
62e6087bd76274f8a4026bfa 5 0 1.0
62e6087bd76274f8a4026bfa 5 0 1.0
62e6087bd76274f8a4026bfa 5 0 1.0
62e6087ad76274f8a4026bf2 5 0 1.0
62e6087ad76274f8a4026bf2 5 0 1.0
62e6087ad76274f8a4026bf2 5 0 1.0
62e6087ad76274f8a4026bf2 5 0 1.0
62e6087ad76274f8a4026bf2 5 0 1.0
62e60879d76274f8a4026bec 5 0 1.0
62e60879d76274f8a4026bec 5 0 1.0
62e60879d76274f8a4026bec 5 0 1.0
62e60879d76274f8a4026bec 5 0 1.0
62e60879d76274f8a4026bec 5 0 1.0
62e60723d76274f8a4026b75 5 5 2.0
62e60723d76274f8a4026b75 5 5 2.0
62e60723d76274f8a4026b75 5 5 2.0
62e60723d76274f8a4026b75 5 5 2.0
62e60723d76274f8a4026b75 5 5 2.0
62e60707d76274f8a4026b69 5 0 2.0
62e60707d76274f8a4026b69 5 0 2.0
62e60707d76274f8a4026b69 5 0 2.0
62e60707d76274f8a4026b69 5 0 2.0
62e60707d76274f8a4026b69 5 0 2.0
62e5dc9ed76274f8a4026b5b 5 2 2.4
62e5dc9ed76274f8a4026b5b 5 2 2.7
62e5dc9ed76274f8a4026b5b 5 2 2.9
62e5dc9ed76274f8a4026b5b 5 2 3.0
62e5dc9ed76274f8a4026b5b 5 2 3.0
62e4fc3c85ea98643089041e 5 0 2.4
62e4fc3c85ea98643089041e 5 0 2.7
62e4fc3c85ea98643089041e 5 0 2.9
62e4fc3c85ea98643089041e 5 0 3.0
62e4fc3c85ea98643089041e 5 0 3.0
62e4fbda85ea986430890405 5 0 2.4
62e4fbda85ea986430890405 5 0 2.7
62e4fbda85ea986430890405 5 0 2.9
62e4fbda85ea986430890405 5 0 3.0
62e4fbda85ea986430890405 5 0 3.0
62e4fbda85ea986430890403 5 0 2.4
62e4fbda85ea986430890403 5 0 2.7
62e4fbda85ea986430890403 5 0 2.9
62e4fbda85ea986430890403 5 0 3.0
62e4fbda85ea986430890403 5 0 3.0
62e4fb6585ea98643089032b 5 3 3.0
62e4fb6585ea98643089032b 5 3 3.6
62e4fb6585ea98643089032b 5 3 3.9
62e4fb6585ea98643089032b 5 3 4.0
62e4fb6585ea98643089032b 5 3 4.0
62e4fb4d85ea9864308902e7 5 0 3.0
62e4fb4d85ea9864308902e7 5 0 3.6
62e4fb4d85ea9864308902e7 5 0 3.9
62e4fb4d85ea9864308902e7 5 0 4.0
62e4fb4d85ea9864308902e7 5 0 4.0
62b8d27a48ba5a41d1c3f4c6 5 0 3.0
62b8d27a48ba5a41d1c3f4c6 5 0 3.6
62b8d27a48ba5a41d1c3f4c6 5 0 3.9
62b8d27a48ba5a41d1c3f4c6 5 0 4.0
62b8d27a48ba5a41d1c3f4c6 5 0 4.0
62b8d24048ba5a41d1c3f49f 5 0 3.0
62b8d24048ba5a41d1c3f49f 5 0 3.6
62b8d24048ba5a41d1c3f49f 5 0 3.9
62b8d24048ba5a41d1c3f49f 5 0 4.0
62b8d24048ba5a41d1c3f49f 5 0 4.0
62b8d23b48ba5a41d1c3f49a 5 0 3.0
62b8d23b48ba5a41d1c3f49a 5 0 3.6
62b8d23b48ba5a41d1c3f49a 5 0 3.9
62b8d23b48ba5a41d1c3f49a 5 0 4.0
62b8d23b48ba5a41d1c3f49a 5 0 4.0
62b8d23948ba5a41d1c3f498 5 0 3.0
62b8d23948ba5a41d1c3f498 5 0 3.6
62b8d23948ba5a41d1c3f498 5 0 3.9
62b8d23948ba5a41d1c3f498 5 0 4.0
62b8d23948ba5a41d1c3f498 5 0 4.0
62b8d23748ba5a41d1c3f496 5 0 3.0
62b8d23748ba5a41d1c3f496 5 0 3.6
62b8d23748ba5a41d1c3f496 5 0 3.9
62b8d23748ba5a41d1c3f496 5 0 4.0
62b8d23748ba5a41d1c3f496 5 0 4.0
62b8d22f48ba5a41d1c3f488 5 0 3.0
62b8d22f48ba5a41d1c3f488 5 0 3.6
62b8d22f48ba5a41d1c3f488 5 0 3.9
62b8d22f48ba5a41d1c3f488 5 0 4.0
62b8d22f48ba5a41d1c3f488 5 0 4.0
62b8d22a48ba5a41d1c3f47e 5 2 3.4
62b8d22a48ba5a41d1c3f47e 5 2 4.3
62b8d22a48ba5a41d1c3f47e 5 2 4.8
62b8d22a48ba5a41d1c3f47e 5 2 5.0
62b8d22a48ba5a41d1c3f47e 5 2 5.0
62b8d22948ba5a41d1c3f47c 5 3 4.0
62b8d22948ba5a41d1c3f47c 5 3 5.2
62b8d22948ba5a41d1c3f47c 5 3 5.8
62b8d22948ba5a41d1c3f47c 5 3 6.0
62b8d22948ba5a41d1c3f47c 5 3 6.0
62b8d22548ba5a41d1c3f472 5 0 4.0
62b8d22548ba5a41d1c3f472 5 0 5.2
62b8d22548ba5a41d1c3f472 5 0 5.8
62b8d22548ba5a41d1c3f472 5 0 6.0
62b8d22548ba5a41d1c3f472 5 0 6.0
62b8c517e0d34b282c18122e 5 0 4.0
62b8c517e0d34b282c18122e 5 0 5.2
62b8c517e0d34b282c18122e 5 0 5.8
62b8c517e0d34b282c18122e 5 0 6.0
62b8c517e0d34b282c18122e 5 0 6.0
62b8bbbfe0d34b282c181210 5 2 4.4
62b8bbbfe0d34b282c181210 5 2 5.9
62b8bbbfe0d34b282c181210 5 2 6.7
62b8bbbfe0d34b282c181210 5 2 7.0
62b8bbbfe0d34b282c181210 5 2 7.0
62b8bbbfe0d34b282c18120f 5 4 5.2
62b8bbbfe0d34b282c18120f 5 4 6.9
62b8bbbfe0d34b282c18120f 5 4 7.7
62b8bbbfe0d34b282c18120f 5 4 8.0
62b8bbbfe0d34b282c18120f 5 4 8.0
62b8bbbce0d34b282c18120d 5 2 5.6
62b8bbbce0d34b282c18120d 5 2 7.6000000000000005
62b8bbbce0d34b282c18120d 5 2 8.6
62b8bbbce0d34b282c18120d 5 2 9.0
62b8bbbce0d34b282c18120d 5 2 9.0
62b8b99de0d34b282c1811f8 5 0 5.6
62b8b99de0d34b282c1811f8 5 0 7.6000000000000005
62b8b99de0d34b282c1811f8 5 0 8.6
62b8b99de0d34b282c1811f8 5 0 9.0
62b8b99de0d34b282c1811f8 5 0 9.0
62b8b59feb7e40a82d2d1291 5 0 5.6
62b8b59feb7e40a82d2d1291 5 0 7.6000000000000005
62b8b59feb7e40a82d2d1291 5 0 8.6
62b8b59feb7e40a82d2d1291 5 0 9.0
62b8b59feb7e40a82d2d1291 5 0 9.0
62b8b590eb7e40a82d2d1275 5 0 5.6
62b8b590eb7e40a82d2d1275 5 0 7.6000000000000005
62b8b590eb7e40a82d2d1275 5 0 8.6
62b8b590eb7e40a82d2d1275 5 0 9.0
62b8b590eb7e40a82d2d1275 5 0 9.0
62b8b58deb7e40a82d2d1269 5 0 5.6
62b8b58deb7e40a82d2d1269 5 0 7.6000000000000005
62b8b58deb7e40a82d2d1269 5 0 8.6
62b8b58deb7e40a82d2d1269 5 0 9.0
62b8b58deb7e40a82d2d1269 5 0 9.0
62b8b559eb7e40a82d2d11f8 5 1 5.8
62b8b559eb7e40a82d2d11f8 5 1 8.0
62b8b559eb7e40a82d2d11f8 5 1 9.2
62b8b559eb7e40a82d2d11f8 5 1 9.8
62b8b559eb7e40a82d2d11f8 5 1 10.0
62b8b4b9eb7e40a82d2d1134 5 0 5.8
62b8b4b9eb7e40a82d2d1134 5 0 8.0
62b8b4b9eb7e40a82d2d1134 5 0 9.2
62b8b4b9eb7e40a82d2d1134 5 0 9.8
62b8b4b9eb7e40a82d2d1134 5 0 10.0
62b8b416eb7e40a82d2d1129 5 0 5.8
62b8b416eb7e40a82d2d1129 5 0 8.0
62b8b416eb7e40a82d2d1129 5 0 9.2
62b8b416eb7e40a82d2d1129 5 0 9.8
62b8b416eb7e40a82d2d1129 5 0 10.0
62b8b3d6eb7e40a82d2d111c 5 0 5.8
62b8b3d6eb7e40a82d2d111c 5 0 8.0
62b8b3d6eb7e40a82d2d111c 5 0 9.2
62b8b3d6eb7e40a82d2d111c 5 0 9.8
62b8b3d6eb7e40a82d2d111c 5 0 10.0
62b8b3d5eb7e40a82d2d1110 5 0 5.8
62b8b3d5eb7e40a82d2d1110 5 0 8.0
62b8b3d5eb7e40a82d2d1110 5 0 9.2
62b8b3d5eb7e40a82d2d1110 5 0 9.8
62b8b3d5eb7e40a82d2d1110 5 0 10.0
62b8b3d4eb7e40a82d2d110f 5 3 6.3999999999999995
62b8b3d4eb7e40a82d2d110f 5 3 8.9
62b8b3d4eb7e40a82d2d110f 5 3 10.2
62b8b3d4eb7e40a82d2d110f 5 3 10.8
62b8b3d4eb7e40a82d2d110f 5 3 11.0
62b8b3d4eb7e40a82d2d110e 5 0 6.3999999999999995
62b8b3d4eb7e40a82d2d110e 5 0 8.9
62b8b3d4eb7e40a82d2d110e 5 0 10.2
62b8b3d4eb7e40a82d2d110e 5 0 10.8
62b8b3d4eb7e40a82d2d110e 5 0 11.0
62b8b3d4eb7e40a82d2d110d 5 0 6.3999999999999995
62b8b3d4eb7e40a82d2d110d 5 0 8.9
62b8b3d4eb7e40a82d2d110d 5 0 10.2
62b8b3d4eb7e40a82d2d110d 5 0 10.8
62b8b3d4eb7e40a82d2d110d 5 0 11.0
62b87b989a0c4fa8b80b35ee 5 0 6.3999999999999995
62b87b989a0c4fa8b80b35ee 5 0 8.9
62b87b989a0c4fa8b80b35ee 5 0 10.2
62b87b989a0c4fa8b80b35ee 5 0 10.8
62b87b989a0c4fa8b80b35ee 5 0 11.0
62b87b859a0c4fa8b80b35d7 5 0 6.3999999999999995
62b87b859a0c4fa8b80b35d7 5 0 8.9
62b87b859a0c4fa8b80b35d7 5 0 10.2
62b87b859a0c4fa8b80b35d7 5 0 10.8
62b87b859a0c4fa8b80b35d7 5 0 11.0
62b87b839a0c4fa8b80b35cb 5 0 6.3999999999999995
62b87b839a0c4fa8b80b35cb 5 0 8.9
62b87b839a0c4fa8b80b35cb 5 0 10.2
62b87b839a0c4fa8b80b35cb 5 0 10.8
62b87b839a0c4fa8b80b35cb 5 0 11.0
62b87b7e9a0c4fa8b80b35bc 5 0 6.3999999999999995
62b87b7e9a0c4fa8b80b35bc 5 0 8.9
62b87b7e9a0c4fa8b80b35bc 5 0 10.2
62b87b7e9a0c4fa8b80b35bc 5 0 10.8
62b87b7e9a0c4fa8b80b35bc 5 0 11.0
62b87b4f9a0c4fa8b80b3580 5 0 6.3999999999999995
62b87b4f9a0c4fa8b80b3580 5 0 8.9
62b87b4f9a0c4fa8b80b3580 5 0 10.2
62b87b4f9a0c4fa8b80b3580 5 0 10.8
62b87b4f9a0c4fa8b80b3580 5 0 11.0
62b87b199a0c4fa8b80b354e 5 1 6.6
62b87b199a0c4fa8b80b354e 5 1 9.3
62b87b199a0c4fa8b80b354e 5 1 10.799999999999999
62b87b199a0c4fa8b80b354e 5 1 11.600000000000001
62b87b199a0c4fa8b80b354e 5 1 12.0
62b87b099a0c4fa8b80b3538 5 5 7.6
62b87b099a0c4fa8b80b3538 5 5 10.3
62b87b099a0c4fa8b80b3538 5 5 11.799999999999999
62b87b099a0c4fa8b80b3538 5 5 12.600000000000001
62b87b099a0c4fa8b80b3538 5 5 13.0
62b87af99a0c4fa8b80b3524 5 3 8.2
62b87af99a0c4fa8b80b3524 5 3 11.200000000000001
62b87af99a0c4fa8b80b3524 5 3 12.799999999999999
62b87af99a0c4fa8b80b3524 5 3 13.600000000000001
62b87af99a0c4fa8b80b3524 5 3 14.0
62b87af69a0c4fa8b80b351a 5 4 9.0
62b87af69a0c4fa8b80b351a 5 4 12.200000000000001
62b87af69a0c4fa8b80b351a 5 4 13.799999999999999
62b87af69a0c4fa8b80b351a 5 4 14.600000000000001
62b87af69a0c4fa8b80b351a 5 4 15.0
62b87af19a0c4fa8b80b34f7 5 0 9.0
62b87af19a0c4fa8b80b34f7 5 0 12.200000000000001
62b87af19a0c4fa8b80b34f7 5 0 13.799999999999999
62b87af19a0c4fa8b80b34f7 5 0 14.600000000000001
62b87af19a0c4fa8b80b34f7 5 0 15.0
62b87af09a0c4fa8b80b34f1 5 0 9.0
62b87af09a0c4fa8b80b34f1 5 0 12.200000000000001
62b87af09a0c4fa8b80b34f1 5 0 13.799999999999999
62b87af09a0c4fa8b80b34f1 5 0 14.600000000000001
62b87af09a0c4fa8b80b34f1 5 0 15.0
62b86aa3b4d922cb0e688d36 5 0 9.0
62b86aa3b4d922cb0e688d36 5 0 12.200000000000001
62b86aa3b4d922cb0e688d36 5 0 13.799999999999999
62b86aa3b4d922cb0e688d36 5 0 14.600000000000001
62b86aa3b4d922cb0e688d36 5 0 15.0
62b86a9eb4d922cb0e688d25 5 0 9.0
62b86a9eb4d922cb0e688d25 5 0 12.200000000000001
62b86a9eb4d922cb0e688d25 5 0 13.799999999999999
62b86a9eb4d922cb0e688d25 5 0 14.600000000000001
62b86a9eb4d922cb0e688d25 5 0 15.0
62b86a4fb4d922cb0e688cf8 5 3 9.6
62b86a4fb4d922cb0e688cf8 5 3 13.100000000000001
62b86a4fb4d922cb0e688cf8 5 3 14.799999999999999
62b86a4fb4d922cb0e688cf8 5 3 15.600000000000001
62b86a4fb4d922cb0e688cf8 5 3 16.0
62b86a4fb4d922cb0e688cf7 5 0 9.6
62b86a4fb4d922cb0e688cf7 5 0 13.100000000000001
62b86a4fb4d922cb0e688cf7 5 0 14.799999999999999
62b86a4fb4d922cb0e688cf7 5 0 15.600000000000001
62b86a4fb4d922cb0e688cf7 5 0 16.0
62b86a01b4d922cb0e688ccc 5 0 9.6
62b86a01b4d922cb0e688ccc 5 0 13.100000000000001
62b86a01b4d922cb0e688ccc 5 0 14.799999999999999
62b86a01b4d922cb0e688ccc 5 0 15.600000000000001
62b86a01b4d922cb0e688ccc 5 0 16.0
62b869ebb4d922cb0e688cc6 5 0 9.6
62b869ebb4d922cb0e688cc6 5 0 13.100000000000001
62b869ebb4d922cb0e688cc6 5 0 14.799999999999999
62b869ebb4d922cb0e688cc6 5 0 15.600000000000001
62b869ebb4d922cb0e688cc6 5 0 16.0
62b869eab4d922cb0e688cc5 5 0 9.6
62b869eab4d922cb0e688cc5 5 0 13.100000000000001
62b869eab4d922cb0e688cc5 5 0 14.799999999999999
62b869eab4d922cb0e688cc5 5 0 15.600000000000001
62b869eab4d922cb0e688cc5 5 0 16.0
62b869eab4d922cb0e688cbf 5 1 9.799999999999999
62b869eab4d922cb0e688cbf 5 1 13.500000000000002
62b869eab4d922cb0e688cbf 5 1 15.399999999999999
62b869eab4d922cb0e688cbf 5 1 16.400000000000002
62b869eab4d922cb0e688cbf 5 1 17.0
62b43427903eeb48555d3ea5 5 0 9.799999999999999
62b43427903eeb48555d3ea5 5 0 13.500000000000002
62b43427903eeb48555d3ea5 5 0 15.399999999999999
62b43427903eeb48555d3ea5 5 0 16.400000000000002
62b43427903eeb48555d3ea5 5 0 17.0
62b43428903eeb48555d3eaa 5 0 9.799999999999999
62b43428903eeb48555d3eaa 5 0 13.500000000000002
62b43428903eeb48555d3eaa 5 0 15.399999999999999
62b43428903eeb48555d3eaa 5 0 16.400000000000002
62b43428903eeb48555d3eaa 5 0 17.0
62b45df05108cfac7f2109ce 5 0 9.799999999999999
62b45df05108cfac7f2109ce 5 0 13.500000000000002
62b45df05108cfac7f2109ce 5 0 15.399999999999999
62b45df05108cfac7f2109ce 5 0 16.400000000000002
62b45df05108cfac7f2109ce 5 0 17.0
62b45df15108cfac7f2109dc 5 0 9.799999999999999
62b45df15108cfac7f2109dc 5 0 13.500000000000002
62b45df15108cfac7f2109dc 5 0 15.399999999999999
62b45df15108cfac7f2109dc 5 0 16.400000000000002
62b45df15108cfac7f2109dc 5 0 17.0
62b45df15108cfac7f2109dd 5 0 9.799999999999999
62b45df15108cfac7f2109dd 5 0 13.500000000000002
62b45df15108cfac7f2109dd 5 0 15.399999999999999
62b45df15108cfac7f2109dd 5 0 16.400000000000002
62b45df15108cfac7f2109dd 5 0 17.0
62b45e135108cfac7f2109f4 5 4 10.6
62b45e135108cfac7f2109f4 5 4 14.500000000000002
62b45e135108cfac7f2109f4 5 4 16.4
62b45e135108cfac7f2109f4 5 4 17.400000000000002
62b45e135108cfac7f2109f4 5 4 18.0
62b45e145108cfac7f210a07 5 0 10.6
62b45e145108cfac7f210a07 5 0 14.500000000000002
62b45e145108cfac7f210a07 5 0 16.4
62b45e145108cfac7f210a07 5 0 17.400000000000002
62b45e145108cfac7f210a07 5 0 18.0
62b45e145108cfac7f210a09 5 0 10.6
62b45e145108cfac7f210a09 5 0 14.500000000000002
62b45e145108cfac7f210a09 5 0 16.4
62b45e145108cfac7f210a09 5 0 17.400000000000002
62b45e145108cfac7f210a09 5 0 18.0
62b45e165108cfac7f210a16 5 0 10.6
62b45e165108cfac7f210a16 5 0 14.500000000000002
62b45e165108cfac7f210a16 5 0 16.4
62b45e165108cfac7f210a16 5 0 17.400000000000002
62b45e165108cfac7f210a16 5 0 18.0
62b45e165108cfac7f210a17 5 0 10.6
62b45e165108cfac7f210a17 5 0 14.500000000000002
62b45e165108cfac7f210a17 5 0 16.4
62b45e165108cfac7f210a17 5 0 17.400000000000002
62b45e165108cfac7f210a17 5 0 18.0
62b45e175108cfac7f210a19 5 0 10.6
62b45e175108cfac7f210a19 5 0 14.500000000000002
62b45e175108cfac7f210a19 5 0 16.4
62b45e175108cfac7f210a19 5 0 17.400000000000002
62b45e175108cfac7f210a19 5 0 18.0
62b463153879012d19481498 5 0 10.6
62b463153879012d19481498 5 0 14.500000000000002
62b463153879012d19481498 5 0 16.4
62b463153879012d19481498 5 0 17.400000000000002
62b463153879012d19481498 5 0 18.0
62b463153879012d1948149a 5 0 10.6
62b463153879012d1948149a 5 0 14.500000000000002
62b463153879012d1948149a 5 0 16.4
62b463153879012d1948149a 5 0 17.400000000000002
62b463153879012d1948149a 5 0 18.0
62b463153879012d1948149b 5 0 10.6
62b463153879012d1948149b 5 0 14.500000000000002
62b463153879012d1948149b 5 0 16.4
62b463153879012d1948149b 5 0 17.400000000000002
62b463153879012d1948149b 5 0 18.0
62b463153879012d1948149c 5 0 10.6
62b463153879012d1948149c 5 0 14.500000000000002
62b463153879012d1948149c 5 0 16.4
62b463153879012d1948149c 5 0 17.400000000000002
62b463153879012d1948149c 5 0 18.0
62b463153879012d1948149d 5 0 10.6
62b463153879012d1948149d 5 0 14.500000000000002
62b463153879012d1948149d 5 0 16.4
62b463153879012d1948149d 5 0 17.400000000000002
62b463153879012d1948149d 5 0 18.0
62b463153879012d1948149f 5 0 10.6
62b463153879012d1948149f 5 0 14.500000000000002
62b463153879012d1948149f 5 0 16.4
62b463153879012d1948149f 5 0 17.400000000000002
62b463153879012d1948149f 5 0 18.0
62b463153879012d194814a1 5 0 10.6
62b463153879012d194814a1 5 0 14.500000000000002
62b463153879012d194814a1 5 0 16.4
62b463153879012d194814a1 5 0 17.400000000000002
62b463153879012d194814a1 5 0 18.0
62b463163879012d194814a2 5 0 10.6
62b463163879012d194814a2 5 0 14.500000000000002
62b463163879012d194814a2 5 0 16.4
62b463163879012d194814a2 5 0 17.400000000000002
62b463163879012d194814a2 5 0 18.0
62b463163879012d194814a4 5 0 10.6
62b463163879012d194814a4 5 0 14.500000000000002
62b463163879012d194814a4 5 0 16.4
62b463163879012d194814a4 5 0 17.400000000000002
62b463163879012d194814a4 5 0 18.0
62b463163879012d194814a6 5 0 10.6
62b463163879012d194814a6 5 0 14.500000000000002
62b463163879012d194814a6 5 0 16.4
62b463163879012d194814a6 5 0 17.400000000000002
62b463163879012d194814a6 5 0 18.0
62b4631b3879012d194814dd 5 1 10.799999999999999
62b4631b3879012d194814dd 5 1 14.900000000000002
62b4631b3879012d194814dd 5 1 17.0
62b4631b3879012d194814dd 5 1 18.200000000000003
62b4631b3879012d194814dd 5 1 19.0
62b463283879012d1948153d 5 5 11.799999999999999
62b463283879012d1948153d 5 5 15.900000000000002
62b463283879012d1948153d 5 5 18.0
62b463283879012d1948153d 5 5 19.200000000000003
62b463283879012d1948153d 5 5 20.0
62b463303879012d19481579 5 0 11.799999999999999
62b463303879012d19481579 5 0 15.900000000000002
62b463303879012d19481579 5 0 18.0
62b463303879012d19481579 5 0 19.200000000000003
62b463303879012d19481579 5 0 20.0
62b46740d2f69a53b466171a 5 2 12.2
62b46740d2f69a53b466171a 5 2 16.6
62b46740d2f69a53b466171a 5 2 18.9
62b46740d2f69a53b466171a 5 2 20.200000000000003
62b46740d2f69a53b466171a 5 2 21.0
62b46746d2f69a53b4661722 5 0 12.2
62b46746d2f69a53b4661722 5 0 16.6
62b46746d2f69a53b4661722 5 0 18.9
62b46746d2f69a53b4661722 5 0 20.200000000000003
62b46746d2f69a53b4661722 5 0 21.0
62b86707b4d922cb0e688c2a 5 1 12.399999999999999
62b86707b4d922cb0e688c2a 5 1 17.0
62b86707b4d922cb0e688c2a 5 1 19.5
62b86707b4d922cb0e688c2a 5 1 21.000000000000004
62b86707b4d922cb0e688c2a 5 1 22.0
62b86729b4d922cb0e688c2f 5 0 12.399999999999999
62b86729b4d922cb0e688c2f 5 0 17.0
62b86729b4d922cb0e688c2f 5 0 19.5
62b86729b4d922cb0e688c2f 5 0 21.000000000000004
62b86729b4d922cb0e688c2f 5 0 22.0
62b8a4a4755ee91dce50a3d2 5 0 12.399999999999999
62b8a4a4755ee91dce50a3d2 5 0 17.0
62b8a4a4755ee91dce50a3d2 5 0 19.5
62b8a4a4755ee91dce50a3d2 5 0 21.000000000000004
62b8a4a4755ee91dce50a3d2 5 0 22.0
62b8982f755ee91dce50a241 5 4 13.2
62b8982f755ee91dce50a241 5 4 18.0
62b8982f755ee91dce50a241 5 4 20.5
62b8982f755ee91dce50a241 5 4 22.000000000000004
62b8982f755ee91dce50a241 5 4 23.0
62b89640755ee91dce50a114 5 4 14.0
62b89640755ee91dce50a114 5 4 19.0
62b89640755ee91dce50a114 5 4 21.5
62b89640755ee91dce50a114 5 4 23.000000000000004
62b89640755ee91dce50a114 5 4 24.0
62b87d24d292efb640a55670 5 0 14.0
62b87d24d292efb640a55670 5 0 19.0
62b87d24d292efb640a55670 5 0 21.5
62b87d24d292efb640a55670 5 0 23.000000000000004
62b87d24d292efb640a55670 5 0 24.0
62b87d24d292efb640a5566f 5 0 14.0
62b87d24d292efb640a5566f 5 0 19.0
62b87d24d292efb640a5566f 5 0 21.5
62b87d24d292efb640a5566f 5 0 23.000000000000004
62b87d24d292efb640a5566f 5 0 24.0
62b87d24d292efb640a5566d 5 0 14.0
62b87d24d292efb640a5566d 5 0 19.0
62b87d24d292efb640a5566d 5 0 21.5
62b87d24d292efb640a5566d 5 0 23.000000000000004
62b87d24d292efb640a5566d 5 0 24.0
62b87d23d292efb640a5566b 5 0 14.0
62b87d23d292efb640a5566b 5 0 19.0
62b87d23d292efb640a5566b 5 0 21.5
62b87d23d292efb640a5566b 5 0 23.000000000000004
62b87d23d292efb640a5566b 5 0 24.0
62b87d23d292efb640a55668 5 0 14.0
62b87d23d292efb640a55668 5 0 19.0
62b87d23d292efb640a55668 5 0 21.5
62b87d23d292efb640a55668 5 0 23.000000000000004
62b87d23d292efb640a55668 5 0 24.0
62b87d23d292efb640a55667 5 4 14.8
62b87d23d292efb640a55667 5 4 20.0
62b87d23d292efb640a55667 5 4 22.5
62b87d23d292efb640a55667 5 4 24.000000000000004
62b87d23d292efb640a55667 5 4 25.0
62b45e945108cfac7f210a4a 5 0 14.8
62b45e945108cfac7f210a4a 5 0 20.0
62b45e945108cfac7f210a4a 5 0 22.5
62b45e945108cfac7f210a4a 5 0 24.000000000000004
62b45e945108cfac7f210a4a 5 0 25.0
62b45e515108cfac7f210a3c 5 0 14.8
62b45e515108cfac7f210a3c 5 0 20.0
62b45e515108cfac7f210a3c 5 0 22.5
62b45e515108cfac7f210a3c 5 0 24.000000000000004
62b45e515108cfac7f210a3c 5 0 25.0
62b45e2eb89c9fd354170232 5 0 14.8
62b45e2eb89c9fd354170232 5 0 20.0
62b45e2eb89c9fd354170232 5 0 22.5
62b45e2eb89c9fd354170232 5 0 24.000000000000004
62b45e2eb89c9fd354170232 5 0 25.0
62b45e23e0d4551b0392c90a 5 0 14.8
62b45e23e0d4551b0392c90a 5 0 20.0
62b45e23e0d4551b0392c90a 5 0 22.5
62b45e23e0d4551b0392c90a 5 0 24.000000000000004
62b45e23e0d4551b0392c90a 5 0 25.0
62b45e21e0d4551b0392c8ed 5 0 14.8
62b45e21e0d4551b0392c8ed 5 0 20.0
62b45e21e0d4551b0392c8ed 5 0 22.5
62b45e21e0d4551b0392c8ed 5 0 24.000000000000004
62b45e21e0d4551b0392c8ed 5 0 25.0
62b45b396decaeff903e1001 5 0 14.8
62b45b396decaeff903e1001 5 0 20.0
62b45b396decaeff903e1001 5 0 22.5
62b45b396decaeff903e1001 5 0 24.000000000000004
62b45b396decaeff903e1001 5 0 25.0
62b4567ed7d32e5b55cc83d9 5 0 14.8
62b4567ed7d32e5b55cc83d9 5 0 20.0
62b4567ed7d32e5b55cc83d9 5 0 22.5
62b4567ed7d32e5b55cc83d9 5 0 24.000000000000004
62b4567ed7d32e5b55cc83d9 5 0 25.0
62b4567ad7d32e5b55cc83af 5 0 14.8
62b4567ad7d32e5b55cc83af 5 0 20.0
62b4567ad7d32e5b55cc83af 5 0 22.5
62b4567ad7d32e5b55cc83af 5 0 24.000000000000004
62b4567ad7d32e5b55cc83af 5 0 25.0
62b45679d7d32e5b55cc83a9 5 0 14.8
62b45679d7d32e5b55cc83a9 5 0 20.0
62b45679d7d32e5b55cc83a9 5 0 22.5
62b45679d7d32e5b55cc83a9 5 0 24.000000000000004
62b45679d7d32e5b55cc83a9 5 0 25.0
62b45665d7d32e5b55cc8365 5 0 14.8
62b45665d7d32e5b55cc8365 5 0 20.0
62b45665d7d32e5b55cc8365 5 0 22.5
62b45665d7d32e5b55cc8365 5 0 24.000000000000004
62b45665d7d32e5b55cc8365 5 0 25.0
62b45665d7d32e5b55cc8364 5 0 14.8
62b45665d7d32e5b55cc8364 5 0 20.0
62b45665d7d32e5b55cc8364 5 0 22.5
62b45665d7d32e5b55cc8364 5 0 24.000000000000004
62b45665d7d32e5b55cc8364 5 0 25.0
62b45665d7d32e5b55cc8363 5 0 14.8
62b45665d7d32e5b55cc8363 5 0 20.0
62b45665d7d32e5b55cc8363 5 0 22.5
62b45665d7d32e5b55cc8363 5 0 24.000000000000004
62b45665d7d32e5b55cc8363 5 0 25.0
62b438ba66fea644fe22cca2 5 0 14.8
62b438ba66fea644fe22cca2 5 0 20.0
62b438ba66fea644fe22cca2 5 0 22.5
62b438ba66fea644fe22cca2 5 0 24.000000000000004
62b438ba66fea644fe22cca2 5 0 25.0
62b438b666fea644fe22cc78 5 0 14.8
62b438b666fea644fe22cc78 5 0 20.0
62b438b666fea644fe22cc78 5 0 22.5
62b438b666fea644fe22cc78 5 0 24.000000000000004
62b438b666fea644fe22cc78 5 0 25.0
62b438b666fea644fe22cc72 5 0 14.8
62b438b666fea644fe22cc72 5 0 20.0
62b438b666fea644fe22cc72 5 0 22.5
62b438b666fea644fe22cc72 5 0 24.000000000000004
62b438b666fea644fe22cc72 5 0 25.0
62b438b566fea644fe22cc70 5 1 15.0
62b438b566fea644fe22cc70 5 1 20.4
62b438b566fea644fe22cc70 5 1 23.1
62b438b566fea644fe22cc70 5 1 24.800000000000004
62b438b566fea644fe22cc70 5 1 26.0
62b438a266fea644fe22cc2e 5 0 15.0
62b438a266fea644fe22cc2e 5 0 20.4
62b438a266fea644fe22cc2e 5 0 23.1
62b438a266fea644fe22cc2e 5 0 24.800000000000004
62b438a266fea644fe22cc2e 5 0 26.0
62b438a266fea644fe22cc2d 5 0 15.0
62b438a266fea644fe22cc2d 5 0 20.4
62b438a266fea644fe22cc2d 5 0 23.1
62b438a266fea644fe22cc2d 5 0 24.800000000000004
62b438a266fea644fe22cc2d 5 0 26.0
62b438a266fea644fe22cc2c 5 2 15.4
62b438a266fea644fe22cc2c 5 2 21.099999999999998
62b438a266fea644fe22cc2c 5 2 24.0
62b438a266fea644fe22cc2c 5 2 25.800000000000004
62b438a266fea644fe22cc2c 5 2 27.0
62ece4982e6aefcf4aabbd5f 5 1 15.6
62ece4982e6aefcf4aabbd5f 5 1 21.499999999999996
62ece4982e6aefcf4aabbd5f 5 1 24.6
62ece4982e6aefcf4aabbd5f 5 1 26.600000000000005
62ece4982e6aefcf4aabbd5f 5 1 28.0
62ece4982e6aefcf4aabbd60 5 0 15.6
62ece4982e6aefcf4aabbd60 5 0 21.499999999999996
62ece4982e6aefcf4aabbd60 5 0 24.6
62ece4982e6aefcf4aabbd60 5 0 26.600000000000005
62ece4982e6aefcf4aabbd60 5 0 28.0
62ece4982e6aefcf4aabbd61 5 1 15.799999999999999
62ece4982e6aefcf4aabbd61 5 1 21.899999999999995
62ece4982e6aefcf4aabbd61 5 1 25.200000000000003
62ece4982e6aefcf4aabbd61 5 1 27.400000000000006
62ece4982e6aefcf4aabbd61 5 1 29.0
62ece4982e6aefcf4aabbd62 5 0 15.799999999999999
62ece4982e6aefcf4aabbd62 5 0 21.899999999999995
62ece4982e6aefcf4aabbd62 5 0 25.200000000000003
62ece4982e6aefcf4aabbd62 5 0 27.400000000000006
62ece4982e6aefcf4aabbd62 5 0 29.0
62ece4982e6aefcf4aabbd63 5 0 15.799999999999999
62ece4982e6aefcf4aabbd63 5 0 21.899999999999995
62ece4982e6aefcf4aabbd63 5 0 25.200000000000003
62ece4982e6aefcf4aabbd63 5 0 27.400000000000006
62ece4982e6aefcf4aabbd63 5 0 29.0
62ece4982e6aefcf4aabbd65 5 0 15.799999999999999
62ece4982e6aefcf4aabbd65 5 0 21.899999999999995
62ece4982e6aefcf4aabbd65 5 0 25.200000000000003
62ece4982e6aefcf4aabbd65 5 0 27.400000000000006
62ece4982e6aefcf4aabbd65 5 0 29.0
62ece4982e6aefcf4aabbd66 5 0 15.799999999999999
62ece4982e6aefcf4aabbd66 5 0 21.899999999999995
62ece4982e6aefcf4aabbd66 5 0 25.200000000000003
62ece4982e6aefcf4aabbd66 5 0 27.400000000000006
62ece4982e6aefcf4aabbd66 5 0 29.0
62ece4982e6aefcf4aabbd67 5 2 16.2
62ece4982e6aefcf4aabbd67 5 2 22.599999999999994
62ece4982e6aefcf4aabbd67 5 2 26.1
62ece4982e6aefcf4aabbd67 5 2 28.400000000000006
62ece4982e6aefcf4aabbd67 5 2 30.0
62ece4982e6aefcf4aabbd68 5 2 16.599999999999998
62ece4982e6aefcf4aabbd68 5 2 23.299999999999994
62ece4982e6aefcf4aabbd68 5 2 27.0
62ece4982e6aefcf4aabbd68 5 2 29.400000000000006
62ece4982e6aefcf4aabbd68 5 2 31.0
62ece4982e6aefcf4aabbd69 5 0 16.599999999999998
62ece4982e6aefcf4aabbd69 5 0 23.299999999999994
62ece4982e6aefcf4aabbd69 5 0 27.0
62ece4982e6aefcf4aabbd69 5 0 29.400000000000006
62ece4982e6aefcf4aabbd69 5 0 31.0
62ece4982e6aefcf4aabbd6a 5 5 17.599999999999998
62ece4982e6aefcf4aabbd6a 5 5 24.299999999999994
62ece4982e6aefcf4aabbd6a 5 5 28.0
62ece4982e6aefcf4aabbd6a 5 5 30.400000000000006
62ece4982e6aefcf4aabbd6a 5 5 32.0
62ece4982e6aefcf4aabbd6b 5 4 18.4
62ece4982e6aefcf4aabbd6b 5 4 25.299999999999994
62ece4982e6aefcf4aabbd6b 5 4 29.0
62ece4982e6aefcf4aabbd6b 5 4 31.400000000000006
62ece4982e6aefcf4aabbd6b 5 4 33.0
62ece4982e6aefcf4aabbd6d 5 1 18.599999999999998
62ece4982e6aefcf4aabbd6d 5 1 25.699999999999992
62ece4982e6aefcf4aabbd6d 5 1 29.6
62ece4982e6aefcf4aabbd6d 5 1 32.2
62ece4982e6aefcf4aabbd6d 5 1 34.0
62ece4982e6aefcf4aabbd6f 5 0 18.599999999999998
62ece4982e6aefcf4aabbd6f 5 0 25.699999999999992
62ece4982e6aefcf4aabbd6f 5 0 29.6
62ece4982e6aefcf4aabbd6f 5 0 32.2
62ece4982e6aefcf4aabbd6f 5 0 34.0
62ece4982e6aefcf4aabbd70 5 3 19.2
62ece4982e6aefcf4aabbd70 5 3 26.59999999999999
62ece4982e6aefcf4aabbd70 5 3 30.6
62ece4982e6aefcf4aabbd70 5 3 33.2
62ece4982e6aefcf4aabbd70 5 3 35.0
62ece4982e6aefcf4aabbd71 5 0 19.2
62ece4982e6aefcf4aabbd71 5 0 26.59999999999999
62ece4982e6aefcf4aabbd71 5 0 30.6
62ece4982e6aefcf4aabbd71 5 0 33.2
62ece4982e6aefcf4aabbd71 5 0 35.0
62ece4982e6aefcf4aabbd72 5 0 19.2
62ece4982e6aefcf4aabbd72 5 0 26.59999999999999
62ece4982e6aefcf4aabbd72 5 0 30.6
62ece4982e6aefcf4aabbd72 5 0 33.2
62ece4982e6aefcf4aabbd72 5 0 35.0
62ece4982e6aefcf4aabbd73 5 0 19.2
62ece4982e6aefcf4aabbd73 5 0 26.59999999999999
62ece4982e6aefcf4aabbd73 5 0 30.6
62ece4982e6aefcf4aabbd73 5 0 33.2
62ece4982e6aefcf4aabbd73 5 0 35.0
62ece4982e6aefcf4aabbd74 5 0 19.2
62ece4982e6aefcf4aabbd74 5 0 26.59999999999999
62ece4982e6aefcf4aabbd74 5 0 30.6
62ece4982e6aefcf4aabbd74 5 0 33.2
62ece4982e6aefcf4aabbd74 5 0 35.0
62ece4982e6aefcf4aabbd75 5 0 19.2
62ece4982e6aefcf4aabbd75 5 0 26.59999999999999
62ece4982e6aefcf4aabbd75 5 0 30.6
62ece4982e6aefcf4aabbd75 5 0 33.2
62ece4982e6aefcf4aabbd75 5 0 35.0
62ece4982e6aefcf4aabbd76 5 0 19.2
62ece4982e6aefcf4aabbd76 5 0 26.59999999999999
62ece4982e6aefcf4aabbd76 5 0 30.6
62ece4982e6aefcf4aabbd76 5 0 33.2
62ece4982e6aefcf4aabbd76 5 0 35.0
62ece4982e6aefcf4aabbd77 5 0 19.2
62ece4982e6aefcf4aabbd77 5 0 26.59999999999999
62ece4982e6aefcf4aabbd77 5 0 30.6
62ece4982e6aefcf4aabbd77 5 0 33.2
62ece4982e6aefcf4aabbd77 5 0 35.0
62ece4992e6aefcf4aabbd78 5 0 19.2
62ece4992e6aefcf4aabbd78 5 0 26.59999999999999
62ece4992e6aefcf4aabbd78 5 0 30.6
62ece4992e6aefcf4aabbd78 5 0 33.2
62ece4992e6aefcf4aabbd78 5 0 35.0
62ece4992e6aefcf4aabbd79 5 0 19.2
62ece4992e6aefcf4aabbd79 5 0 26.59999999999999
62ece4992e6aefcf4aabbd79 5 0 30.6
62ece4992e6aefcf4aabbd79 5 0 33.2
62ece4992e6aefcf4aabbd79 5 0 35.0
62ece4992e6aefcf4aabbd7a 5 5 20.2
62ece4992e6aefcf4aabbd7a 5 5 27.59999999999999
62ece4992e6aefcf4aabbd7a 5 5 31.6
62ece4992e6aefcf4aabbd7a 5 5 34.2
62ece4992e6aefcf4aabbd7a 5 5 36.0
62ece4992e6aefcf4aabbd7b 5 0 20.2
62ece4992e6aefcf4aabbd7b 5 0 27.59999999999999
62ece4992e6aefcf4aabbd7b 5 0 31.6
62ece4992e6aefcf4aabbd7b 5 0 34.2
62ece4992e6aefcf4aabbd7b 5 0 36.0
62ece4992e6aefcf4aabbd7c 5 0 20.2
62ece4992e6aefcf4aabbd7c 5 0 27.59999999999999
62ece4992e6aefcf4aabbd7c 5 0 31.6
62ece4992e6aefcf4aabbd7c 5 0 34.2
62ece4992e6aefcf4aabbd7c 5 0 36.0
62ece4992e6aefcf4aabbd7d 5 3 20.8
62ece4992e6aefcf4aabbd7d 5 3 28.49999999999999
62ece4992e6aefcf4aabbd7d 5 3 32.6
62ece4992e6aefcf4aabbd7d 5 3 35.2
62ece4992e6aefcf4aabbd7d 5 3 37.0
62ece4992e6aefcf4aabbd7e 5 0 20.8
62ece4992e6aefcf4aabbd7e 5 0 28.49999999999999
62ece4992e6aefcf4aabbd7e 5 0 32.6
62ece4992e6aefcf4aabbd7e 5 0 35.2
62ece4992e6aefcf4aabbd7e 5 0 37.0
62ece4992e6aefcf4aabbd7f 5 1 21.0
62ece4992e6aefcf4aabbd7f 5 1 28.899999999999988
62ece4992e6aefcf4aabbd7f 5 1 33.2
62ece4992e6aefcf4aabbd7f 5 1 36.0
62ece4992e6aefcf4aabbd7f 5 1 38.0
62ece4992e6aefcf4aabbd80 5 3 21.6
62ece4992e6aefcf4aabbd80 5 3 29.799999999999986
62ece4992e6aefcf4aabbd80 5 3 34.2
62ece4992e6aefcf4aabbd80 5 3 37.0
62ece4992e6aefcf4aabbd80 5 3 39.0
62ece4992e6aefcf4aabbd82 5 3 22.200000000000003
62ece4992e6aefcf4aabbd82 5 3 30.699999999999985
62ece4992e6aefcf4aabbd82 5 3 35.2
62ece4992e6aefcf4aabbd82 5 3 38.0
62ece4992e6aefcf4aabbd82 5 3 40.0
62ece4992e6aefcf4aabbd83 5 0 22.200000000000003
62ece4992e6aefcf4aabbd83 5 0 30.699999999999985
62ece4992e6aefcf4aabbd83 5 0 35.2
62ece4992e6aefcf4aabbd83 5 0 38.0
62ece4992e6aefcf4aabbd83 5 0 40.0
62ece4992e6aefcf4aabbd84 5 1 22.400000000000002
62ece4992e6aefcf4aabbd84 5 1 31.099999999999984
62ece4992e6aefcf4aabbd84 5 1 35.800000000000004
62ece4992e6aefcf4aabbd84 5 1 38.8
62ece4992e6aefcf4aabbd84 5 1 41.0
62ece4992e6aefcf4aabbd85 5 2 22.8
62ece4992e6aefcf4aabbd85 5 2 31.799999999999983
62ece4992e6aefcf4aabbd85 5 2 36.7
62ece4992e6aefcf4aabbd85 5 2 39.8
62ece4992e6aefcf4aabbd85 5 2 42.0
62ece4992e6aefcf4aabbd86 5 1 23.0
62ece4992e6aefcf4aabbd86 5 1 32.19999999999998
62ece4992e6aefcf4aabbd86 5 1 37.300000000000004
62ece4992e6aefcf4aabbd86 5 1 40.599999999999994
62ece4992e6aefcf4aabbd86 5 1 43.0
62ece4992e6aefcf4aabbd87 5 0 23.0
62ece4992e6aefcf4aabbd87 5 0 32.19999999999998
62ece4992e6aefcf4aabbd87 5 0 37.300000000000004
62ece4992e6aefcf4aabbd87 5 0 40.599999999999994
62ece4992e6aefcf4aabbd87 5 0 43.0
62ece4992e6aefcf4aabbd88 5 1 23.2
62ece4992e6aefcf4aabbd88 5 1 32.59999999999998
62ece4992e6aefcf4aabbd88 5 1 37.900000000000006
62ece4992e6aefcf4aabbd88 5 1 41.39999999999999
62ece4992e6aefcf4aabbd88 5 1 44.0
62ece4992e6aefcf4aabbd89 5 0 23.2
62ece4992e6aefcf4aabbd89 5 0 32.59999999999998
62ece4992e6aefcf4aabbd89 5 0 37.900000000000006
62ece4992e6aefcf4aabbd89 5 0 41.39999999999999
62ece4992e6aefcf4aabbd89 5 0 44.0
62ece4992e6aefcf4aabbd8a 5 1 23.4
62ece4992e6aefcf4aabbd8a 5 1 32.99999999999998
62ece4992e6aefcf4aabbd8a 5 1 38.50000000000001
62ece4992e6aefcf4aabbd8a 5 1 42.19999999999999
62ece4992e6aefcf4aabbd8a 5 1 45.0
62ece4992e6aefcf4aabbd8b 5 0 23.4
62ece4992e6aefcf4aabbd8b 5 0 32.99999999999998
62ece4992e6aefcf4aabbd8b 5 0 38.50000000000001
62ece4992e6aefcf4aabbd8b 5 0 42.19999999999999
62ece4992e6aefcf4aabbd8b 5 0 45.0
62e60723d76274f8a4026b76 5 0 23.4
62e60723d76274f8a4026b76 5 0 32.99999999999998
62e60723d76274f8a4026b76 5 0 38.50000000000001
62e60723d76274f8a4026b76 5 0 42.19999999999999
62e60723d76274f8a4026b76 5 0 45.0
62e60873d76274f8a4026bd8 5 0 23.4
62e60873d76274f8a4026bd8 5 0 32.99999999999998
62e60873d76274f8a4026bd8 5 0 38.50000000000001
62e60873d76274f8a4026bd8 5 0 42.19999999999999
62e60873d76274f8a4026bd8 5 0 45.0
62e60e3bd76274f8a4026d1a 5 0 23.4
62e60e3bd76274f8a4026d1a 5 0 32.99999999999998
62e60e3bd76274f8a4026d1a 5 0 38.50000000000001
62e60e3bd76274f8a4026d1a 5 0 42.19999999999999
62e60e3bd76274f8a4026d1a 5 0 45.0
62b87b199a0c4fa8b80b354c 5 0 23.4
62b87b199a0c4fa8b80b354c 5 0 32.99999999999998
62b87b199a0c4fa8b80b354c 5 0 38.50000000000001
62b87b199a0c4fa8b80b354c 5 0 42.19999999999999
62b87b199a0c4fa8b80b354c 5 0 45.0
62b87b4f9a0c4fa8b80b3581 5 0 23.4
62b87b4f9a0c4fa8b80b3581 5 0 32.99999999999998
62b87b4f9a0c4fa8b80b3581 5 0 38.50000000000001
62b87b4f9a0c4fa8b80b3581 5 0 42.19999999999999
62b87b4f9a0c4fa8b80b3581 5 0 45.0
62b87b519a0c4fa8b80b3583 5 0 23.4
62b87b519a0c4fa8b80b3583 5 0 32.99999999999998
62b87b519a0c4fa8b80b3583 5 0 38.50000000000001
62b87b519a0c4fa8b80b3583 5 0 42.19999999999999
62b87b519a0c4fa8b80b3583 5 0 45.0
62b87b869a0c4fa8b80b35e1 5 0 23.4
62b87b869a0c4fa8b80b35e1 5 0 32.99999999999998
62b87b869a0c4fa8b80b35e1 5 0 38.50000000000001
62b87b869a0c4fa8b80b35e1 5 0 42.19999999999999
62b87b869a0c4fa8b80b35e1 5 0 45.0
62b8b4baeb7e40a82d2d1136 5 3 24.0
62b8b4baeb7e40a82d2d1136 5 3 33.89999999999998
62b8b4baeb7e40a82d2d1136 5 3 39.50000000000001
62b8b4baeb7e40a82d2d1136 5 3 43.19999999999999
62b8b4baeb7e40a82d2d1136 5 3 46.0
62b8b4baeb7e40a82d2d1137 5 3 24.6
62b8b4baeb7e40a82d2d1137 5 3 34.799999999999976
62b8b4baeb7e40a82d2d1137 5 3 40.50000000000001
62b8b4baeb7e40a82d2d1137 5 3 44.19999999999999
62b8b4baeb7e40a82d2d1137 5 3 47.0
62b8b4c1eb7e40a82d2d1139 5 5 25.6
62b8b4c1eb7e40a82d2d1139 5 5 35.799999999999976
62b8b4c1eb7e40a82d2d1139 5 5 41.50000000000001
62b8b4c1eb7e40a82d2d1139 5 5 45.19999999999999
62b8b4c1eb7e40a82d2d1139 5 5 48.0
62b8b559eb7e40a82d2d11f6 5 0 25.6
62b8b559eb7e40a82d2d11f6 5 0 35.799999999999976
62b8b559eb7e40a82d2d11f6 5 0 41.50000000000001
62b8b559eb7e40a82d2d11f6 5 0 45.19999999999999
62b8b559eb7e40a82d2d11f6 5 0 48.0
62b8d22a48ba5a41d1c3f47d 5 0 25.6
62b8d22a48ba5a41d1c3f47d 5 0 35.799999999999976
62b8d22a48ba5a41d1c3f47d 5 0 41.50000000000001
62b8d22a48ba5a41d1c3f47d 5 0 45.19999999999999
62b8d22a48ba5a41d1c3f47d 5 0 48.0
62b8d23748ba5a41d1c3f497 5 0 25.6
62b8d23748ba5a41d1c3f497 5 0 35.799999999999976
62b8d23748ba5a41d1c3f497 5 0 41.50000000000001
62b8d23748ba5a41d1c3f497 5 0 45.19999999999999
62b8d23748ba5a41d1c3f497 5 0 48.0
62b8d23a48ba5a41d1c3f499 5 0 25.6
62b8d23a48ba5a41d1c3f499 5 0 35.799999999999976
62b8d23a48ba5a41d1c3f499 5 0 41.50000000000001
62b8d23a48ba5a41d1c3f499 5 0 45.19999999999999
62b8d23a48ba5a41d1c3f499 5 0 48.0
62b8d23c48ba5a41d1c3f49b 5 0 25.6
62b8d23c48ba5a41d1c3f49b 5 0 35.799999999999976
62b8d23c48ba5a41d1c3f49b 5 0 41.50000000000001
62b8d23c48ba5a41d1c3f49b 5 0 45.19999999999999
62b8d23c48ba5a41d1c3f49b 5 0 48.0
62b8d23e48ba5a41d1c3f49e 5 0 25.6
62b8d23e48ba5a41d1c3f49e 5 0 35.799999999999976
62b8d23e48ba5a41d1c3f49e 5 0 41.50000000000001
62b8d23e48ba5a41d1c3f49e 5 0 45.19999999999999
62b8d23e48ba5a41d1c3f49e 5 0 48.0
62b43425903eeb48555d3ea1 5 0 25.6
62b43425903eeb48555d3ea1 5 0 35.799999999999976
62b43425903eeb48555d3ea1 5 0 41.50000000000001
62b43425903eeb48555d3ea1 5 0 45.19999999999999
62b43425903eeb48555d3ea1 5 0 48.0
62b43426903eeb48555d3ea2 5 0 25.6
62b43426903eeb48555d3ea2 5 0 35.799999999999976
62b43426903eeb48555d3ea2 5 0 41.50000000000001
62b43426903eeb48555d3ea2 5 0 45.19999999999999
62b43426903eeb48555d3ea2 5 0 48.0
62b8966c755ee91dce50a154 5 0 25.6
62b8966c755ee91dce50a154 5 0 35.799999999999976
62b8966c755ee91dce50a154 5 0 41.50000000000001
62b8966c755ee91dce50a154 5 0 45.19999999999999
62b8966c755ee91dce50a154 5 0 48.0
62b896de755ee91dce50a183 5 0 25.6
62b896de755ee91dce50a183 5 0 35.799999999999976
62b896de755ee91dce50a183 5 0 41.50000000000001
62b896de755ee91dce50a183 5 0 45.19999999999999
62b896de755ee91dce50a183 5 0 48.0
62b8a4a4755ee91dce50a3d3 5 1 25.8
62b8a4a4755ee91dce50a3d3 5 1 36.199999999999974
62b8a4a4755ee91dce50a3d3 5 1 42.10000000000001
62b8a4a4755ee91dce50a3d3 5 1 45.999999999999986
62b8a4a4755ee91dce50a3d3 5 1 49.0
62b8a7b2755ee91dce50a4a7 5 2 26.2
62b8a7b2755ee91dce50a4a7 5 2 36.89999999999998
62b8a7b2755ee91dce50a4a7 5 2 43.00000000000001
62b8a7b2755ee91dce50a4a7 5 2 46.999999999999986
62b8a7b2755ee91dce50a4a7 5 2 50.0
6305f9991d275c6667163c50 5 5 27.2
6305f9991d275c6667163c50 5 5 37.89999999999998
6305f9991d275c6667163c50 5 5 44.00000000000001
6305f9991d275c6667163c50 5 5 47.999999999999986
6305f9991d275c6667163c50 5 5 51.0
6306292052e177c0ba469f09 5 1 27.4
6306292052e177c0ba469f09 5 1 38.299999999999976
6306292052e177c0ba469f09 5 1 44.60000000000001
6306292052e177c0ba469f09 5 1 48.79999999999998
6306292052e177c0ba469f09 5 1 52.0
6306292152e177c0ba469f0d 5 0 27.4
6306292152e177c0ba469f0d 5 0 38.299999999999976
6306292152e177c0ba469f0d 5 0 44.60000000000001
6306292152e177c0ba469f0d 5 0 48.79999999999998
6306292152e177c0ba469f0d 5 0 52.0
6306292252e177c0ba469f11 5 5 28.4
6306292252e177c0ba469f11 5 5 39.299999999999976
6306292252e177c0ba469f11 5 5 45.60000000000001
6306292252e177c0ba469f11 5 5 49.79999999999998
6306292252e177c0ba469f11 5 5 53.0
6306292352e177c0ba469f1d 5 0 28.4
6306292352e177c0ba469f1d 5 0 39.299999999999976
6306292352e177c0ba469f1d 5 0 45.60000000000001
6306292352e177c0ba469f1d 5 0 49.79999999999998
6306292352e177c0ba469f1d 5 0 53.0
6306292352e177c0ba469f1e 5 0 28.4
6306292352e177c0ba469f1e 5 0 39.299999999999976
6306292352e177c0ba469f1e 5 0 45.60000000000001
6306292352e177c0ba469f1e 5 0 49.79999999999998
6306292352e177c0ba469f1e 5 0 53.0
6306292652e177c0ba469f34 5 0 28.4
6306292652e177c0ba469f34 5 0 39.299999999999976
6306292652e177c0ba469f34 5 0 45.60000000000001
6306292652e177c0ba469f34 5 0 49.79999999999998
6306292652e177c0ba469f34 5 0 53.0
6306292a52e177c0ba469f41 5 0 28.4
6306292a52e177c0ba469f41 5 0 39.299999999999976
6306292a52e177c0ba469f41 5 0 45.60000000000001
6306292a52e177c0ba469f41 5 0 49.79999999999998
6306292a52e177c0ba469f41 5 0 53.0
6306298b52e177c0ba469fdc 5 4 29.2
6306298b52e177c0ba469fdc 5 4 40.299999999999976
6306298b52e177c0ba469fdc 5 4 46.60000000000001
6306298b52e177c0ba469fdc 5 4 50.79999999999998
6306298b52e177c0ba469fdc 5 4 54.0
6306299052e177c0ba469fe8 5 5 30.2
6306299052e177c0ba469fe8 5 5 41.299999999999976
6306299052e177c0ba469fe8 5 5 47.60000000000001
6306299052e177c0ba469fe8 5 5 51.79999999999998
6306299052e177c0ba469fe8 5 5 55.0
630629b952e177c0ba46a043 5 0 30.2
630629b952e177c0ba46a043 5 0 41.299999999999976
630629b952e177c0ba46a043 5 0 47.60000000000001
630629b952e177c0ba46a043 5 0 51.79999999999998
630629b952e177c0ba46a043 5 0 55.0
630629d052e177c0ba46a0a1 5 0 30.2
630629d052e177c0ba46a0a1 5 0 41.299999999999976
630629d052e177c0ba46a0a1 5 0 47.60000000000001
630629d052e177c0ba46a0a1 5 0 51.79999999999998
630629d052e177c0ba46a0a1 5 0 55.0
630629e052e177c0ba46a0c4 5 0 30.2
630629e052e177c0ba46a0c4 5 0 41.299999999999976
630629e052e177c0ba46a0c4 5 0 47.60000000000001
630629e052e177c0ba46a0c4 5 0 51.79999999999998
630629e052e177c0ba46a0c4 5 0 55.0
630629e152e177c0ba46a0d1 5 1 30.4
630629e152e177c0ba46a0d1 5 1 41.699999999999974
630629e152e177c0ba46a0d1 5 1 48.20000000000001
630629e152e177c0ba46a0d1 5 1 52.59999999999998
630629e152e177c0ba46a0d1 5 1 56.0
630629e152e177c0ba46a0d2 5 0 30.4
630629e152e177c0ba46a0d2 5 0 41.699999999999974
630629e152e177c0ba46a0d2 5 0 48.20000000000001
630629e152e177c0ba46a0d2 5 0 52.59999999999998
630629e152e177c0ba46a0d2 5 0 56.0
630629e252e177c0ba46a0d6 5 4 31.2
630629e252e177c0ba46a0d6 5 4 42.699999999999974
630629e252e177c0ba46a0d6 5 4 49.20000000000001
630629e252e177c0ba46a0d6 5 4 53.59999999999998
630629e252e177c0ba46a0d6 5 4 57.0
630629e752e177c0ba46a0fb 5 2 31.599999999999998
630629e752e177c0ba46a0fb 5 2 43.39999999999998
630629e752e177c0ba46a0fb 5 2 50.10000000000001
630629e752e177c0ba46a0fb 5 2 54.59999999999998
630629e752e177c0ba46a0fb 5 2 58.0
6306091073426c38ae68acac 5 0 31.599999999999998
6306091073426c38ae68acac 5 0 43.39999999999998
6306091073426c38ae68acac 5 0 50.10000000000001
6306091073426c38ae68acac 5 0 54.59999999999998
6306091073426c38ae68acac 5 0 58.0
6306091a73426c38ae68acc8 5 0 31.599999999999998
6306091a73426c38ae68acc8 5 0 43.39999999999998
6306091a73426c38ae68acc8 5 0 50.10000000000001
6306091a73426c38ae68acc8 5 0 54.59999999999998
6306091a73426c38ae68acc8 5 0 58.0
6306091b73426c38ae68acd7 5 0 31.599999999999998
6306091b73426c38ae68acd7 5 0 43.39999999999998
6306091b73426c38ae68acd7 5 0 50.10000000000001
6306091b73426c38ae68acd7 5 0 54.59999999999998
6306091b73426c38ae68acd7 5 0 58.0
6306091b73426c38ae68acd9 5 0 31.599999999999998
6306091b73426c38ae68acd9 5 0 43.39999999999998
6306091b73426c38ae68acd9 5 0 50.10000000000001
6306091b73426c38ae68acd9 5 0 54.59999999999998
6306091b73426c38ae68acd9 5 0 58.0
6306091b73426c38ae68acda 5 0 31.599999999999998
6306091b73426c38ae68acda 5 0 43.39999999999998
6306091b73426c38ae68acda 5 0 50.10000000000001
6306091b73426c38ae68acda 5 0 54.59999999999998
6306091b73426c38ae68acda 5 0 58.0
6306091c73426c38ae68acdc 5 0 31.599999999999998
6306091c73426c38ae68acdc 5 0 43.39999999999998
6306091c73426c38ae68acdc 5 0 50.10000000000001
6306091c73426c38ae68acdc 5 0 54.59999999999998
6306091c73426c38ae68acdc 5 0 58.0
6306091c73426c38ae68acdd 5 0 31.599999999999998
6306091c73426c38ae68acdd 5 0 43.39999999999998
6306091c73426c38ae68acdd 5 0 50.10000000000001
6306091c73426c38ae68acdd 5 0 54.59999999999998
6306091c73426c38ae68acdd 5 0 58.0
6306091d73426c38ae68ace5 5 0 31.599999999999998
6306091d73426c38ae68ace5 5 0 43.39999999999998
6306091d73426c38ae68ace5 5 0 50.10000000000001
6306091d73426c38ae68ace5 5 0 54.59999999999998
6306091d73426c38ae68ace5 5 0 58.0
6306092373426c38ae68acfa 5 0 31.599999999999998
6306092373426c38ae68acfa 5 0 43.39999999999998
6306092373426c38ae68acfa 5 0 50.10000000000001
6306092373426c38ae68acfa 5 0 54.59999999999998
6306092373426c38ae68acfa 5 0 58.0
6306092973426c38ae68ad01 5 0 31.599999999999998
6306092973426c38ae68ad01 5 0 43.39999999999998
6306092973426c38ae68ad01 5 0 50.10000000000001
6306092973426c38ae68ad01 5 0 54.59999999999998
6306092973426c38ae68ad01 5 0 58.0
6306092c73426c38ae68ad02 5 0 31.599999999999998
6306092c73426c38ae68ad02 5 0 43.39999999999998
6306092c73426c38ae68ad02 5 0 50.10000000000001
6306092c73426c38ae68ad02 5 0 54.59999999999998
6306092c73426c38ae68ad02 5 0 58.0
6306092d73426c38ae68ad04 5 0 31.599999999999998
6306092d73426c38ae68ad04 5 0 43.39999999999998
6306092d73426c38ae68ad04 5 0 50.10000000000001
6306092d73426c38ae68ad04 5 0 54.59999999999998
6306092d73426c38ae68ad04 5 0 58.0
6306092d73426c38ae68ad05 5 0 31.599999999999998
6306092d73426c38ae68ad05 5 0 43.39999999999998
6306092d73426c38ae68ad05 5 0 50.10000000000001
6306092d73426c38ae68ad05 5 0 54.59999999999998
6306092d73426c38ae68ad05 5 0 58.0
6306092d73426c38ae68ad06 5 0 31.599999999999998
6306092d73426c38ae68ad06 5 0 43.39999999999998
6306092d73426c38ae68ad06 5 0 50.10000000000001
6306092d73426c38ae68ad06 5 0 54.59999999999998
6306092d73426c38ae68ad06 5 0 58.0
6306092d73426c38ae68ad07 5 0 31.599999999999998
6306092d73426c38ae68ad07 5 0 43.39999999999998
6306092d73426c38ae68ad07 5 0 50.10000000000001
6306092d73426c38ae68ad07 5 0 54.59999999999998
6306092d73426c38ae68ad07 5 0 58.0
6306092d73426c38ae68ad08 5 0 31.599999999999998
6306092d73426c38ae68ad08 5 0 43.39999999999998
6306092d73426c38ae68ad08 5 0 50.10000000000001
6306092d73426c38ae68ad08 5 0 54.59999999999998
6306092d73426c38ae68ad08 5 0 58.0
6306092e73426c38ae68ad09 5 0 31.599999999999998
6306092e73426c38ae68ad09 5 0 43.39999999999998
6306092e73426c38ae68ad09 5 0 50.10000000000001
6306092e73426c38ae68ad09 5 0 54.59999999999998
6306092e73426c38ae68ad09 5 0 58.0
6306092e73426c38ae68ad0a 5 0 31.599999999999998
6306092e73426c38ae68ad0a 5 0 43.39999999999998
6306092e73426c38ae68ad0a 5 0 50.10000000000001
6306092e73426c38ae68ad0a 5 0 54.59999999999998
6306092e73426c38ae68ad0a 5 0 58.0
6306092e73426c38ae68ad0b 5 0 31.599999999999998
6306092e73426c38ae68ad0b 5 0 43.39999999999998
6306092e73426c38ae68ad0b 5 0 50.10000000000001
6306092e73426c38ae68ad0b 5 0 54.59999999999998
6306092e73426c38ae68ad0b 5 0 58.0
6306092e73426c38ae68ad0d 5 0 31.599999999999998
6306092e73426c38ae68ad0d 5 0 43.39999999999998
6306092e73426c38ae68ad0d 5 0 50.10000000000001
6306092e73426c38ae68ad0d 5 0 54.59999999999998
6306092e73426c38ae68ad0d 5 0 58.0
6306092e73426c38ae68ad0f 5 0 31.599999999999998
6306092e73426c38ae68ad0f 5 0 43.39999999999998
6306092e73426c38ae68ad0f 5 0 50.10000000000001
6306092e73426c38ae68ad0f 5 0 54.59999999999998
6306092e73426c38ae68ad0f 5 0 58.0
6306092e73426c38ae68ad11 5 0 31.599999999999998
6306092e73426c38ae68ad11 5 0 43.39999999999998
6306092e73426c38ae68ad11 5 0 50.10000000000001
6306092e73426c38ae68ad11 5 0 54.59999999999998
6306092e73426c38ae68ad11 5 0 58.0
6306092f73426c38ae68ad13 5 0 31.599999999999998
6306092f73426c38ae68ad13 5 0 43.39999999999998
6306092f73426c38ae68ad13 5 0 50.10000000000001
6306092f73426c38ae68ad13 5 0 54.59999999999998
6306092f73426c38ae68ad13 5 0 58.0
6306093273426c38ae68ad15 5 0 31.599999999999998
6306093273426c38ae68ad15 5 0 43.39999999999998
6306093273426c38ae68ad15 5 0 50.10000000000001
6306093273426c38ae68ad15 5 0 54.59999999999998
6306093273426c38ae68ad15 5 0 58.0
63060ada73426c38ae68ad31 5 0 31.599999999999998
63060ada73426c38ae68ad31 5 0 43.39999999999998
63060ada73426c38ae68ad31 5 0 50.10000000000001
63060ada73426c38ae68ad31 5 0 54.59999999999998
63060ada73426c38ae68ad31 5 0 58.0
63060b1a73426c38ae68ad3e 5 0 31.599999999999998
63060b1a73426c38ae68ad3e 5 0 43.39999999999998
63060b1a73426c38ae68ad3e 5 0 50.10000000000001
63060b1a73426c38ae68ad3e 5 0 54.59999999999998
63060b1a73426c38ae68ad3e 5 0 58.0
63060b1b73426c38ae68ad42 5 0 31.599999999999998
63060b1b73426c38ae68ad42 5 0 43.39999999999998
63060b1b73426c38ae68ad42 5 0 50.10000000000001
63060b1b73426c38ae68ad42 5 0 54.59999999999998
63060b1b73426c38ae68ad42 5 0 58.0
63060b1b73426c38ae68ad43 5 1 31.799999999999997
63060b1b73426c38ae68ad43 5 1 43.799999999999976
63060b1b73426c38ae68ad43 5 1 50.70000000000001
63060b1b73426c38ae68ad43 5 1 55.39999999999998
63060b1b73426c38ae68ad43 5 1 59.0
62ece4982e6aefcf4aabbd64 5 0 31.799999999999997
62ece4982e6aefcf4aabbd64 5 0 43.799999999999976
62ece4982e6aefcf4aabbd64 5 0 50.70000000000001
62ece4982e6aefcf4aabbd64 5 0 55.39999999999998
62ece4982e6aefcf4aabbd64 5 0 59.0
230 230
[31.799999999999997, 43.799999999999976, 50.70000000000001, 55.39999999999998, 59.0]
0.13826086956521738
 13.83%
0.19043478260869554
 19.04%
0.2204347826086957
 22.04%
0.2408695652173912
 24.09%
0.2565217391304348
 25.65%
finish_overall
plib_runnable	21

  20.00%	
  29.52%	
  34.76%	
  39.05%	
  42.86%	


project_runnable	23

  5.22%	
  6.09%	
  6.96%	
  7.83%	
  8.70%	


class_runnable	55

  6.55%	
  8.18%	
  9.27%	
  10.18%	
  10.91%	


self_contained	35

  30.86%	
  40.57%	
  45.71%	
  49.14%	
  51.43%	


file_runnable	68

  12.06%	
  17.79%	
  21.32%	
  23.53%	
  25.00%	


slib_runnable	28

  13.57%	
  19.29%	
  22.14%	
  23.57%	
  25.00%	


230
0
