62e60f43d76274f8a4026e28 5 0 0.0
62e60f43d76274f8a4026e28 5 0 0.0
62e60f43d76274f8a4026e28 5 0 0.0
62e60f43d76274f8a4026e28 5 0 0.0
62e60f43d76274f8a4026e28 5 0 0.0
62e60f3bd76274f8a4026e10 5 0 0.0
62e60f3bd76274f8a4026e10 5 0 0.0
62e60f3bd76274f8a4026e10 5 0 0.0
62e60f3bd76274f8a4026e10 5 0 0.0
62e60f3bd76274f8a4026e10 5 0 0.0
62e60f37d76274f8a4026dfd 5 0 0.0
62e60f37d76274f8a4026dfd 5 0 0.0
62e60f37d76274f8a4026dfd 5 0 0.0
62e60f37d76274f8a4026dfd 5 0 0.0
62e60f37d76274f8a4026dfd 5 0 0.0
62e60f33d76274f8a4026de9 5 0 0.0
62e60f33d76274f8a4026de9 5 0 0.0
62e60f33d76274f8a4026de9 5 0 0.0
62e60f33d76274f8a4026de9 5 0 0.0
62e60f33d76274f8a4026de9 5 0 0.0
62e60ed4d76274f8a4026da0 5 5 1.0
62e60ed4d76274f8a4026da0 5 5 1.0
62e60ed4d76274f8a4026da0 5 5 1.0
62e60ed4d76274f8a4026da0 5 5 1.0
62e60ed4d76274f8a4026da0 5 5 1.0
62e60ecfd76274f8a4026d6a 5 0 1.0
62e60ecfd76274f8a4026d6a 5 0 1.0
62e60ecfd76274f8a4026d6a 5 0 1.0
62e60ecfd76274f8a4026d6a 5 0 1.0
62e60ecfd76274f8a4026d6a 5 0 1.0
62e60e49d76274f8a4026d25 5 5 2.0
62e60e49d76274f8a4026d25 5 5 2.0
62e60e49d76274f8a4026d25 5 5 2.0
62e60e49d76274f8a4026d25 5 5 2.0
62e60e49d76274f8a4026d25 5 5 2.0
62e60e05d76274f8a4026cfd 5 0 2.0
62e60e05d76274f8a4026cfd 5 0 2.0
62e60e05d76274f8a4026cfd 5 0 2.0
62e60e05d76274f8a4026cfd 5 0 2.0
62e60e05d76274f8a4026cfd 5 0 2.0
62e60da4d76274f8a4026cf1 5 1 2.2
62e60da4d76274f8a4026cf1 5 1 2.4
62e60da4d76274f8a4026cf1 5 1 2.6
62e60da4d76274f8a4026cf1 5 1 2.8
62e60da4d76274f8a4026cf1 5 1 3.0
62e60b10d76274f8a4026ccd 5 0 2.2
62e60b10d76274f8a4026ccd 5 0 2.4
62e60b10d76274f8a4026ccd 5 0 2.6
62e60b10d76274f8a4026ccd 5 0 2.8
62e60b10d76274f8a4026ccd 5 0 3.0
62e6087bd76274f8a4026bfa 5 0 2.2
62e6087bd76274f8a4026bfa 5 0 2.4
62e6087bd76274f8a4026bfa 5 0 2.6
62e6087bd76274f8a4026bfa 5 0 2.8
62e6087bd76274f8a4026bfa 5 0 3.0
62e6087ad76274f8a4026bf2 5 0 2.2
62e6087ad76274f8a4026bf2 5 0 2.4
62e6087ad76274f8a4026bf2 5 0 2.6
62e6087ad76274f8a4026bf2 5 0 2.8
62e6087ad76274f8a4026bf2 5 0 3.0
62e60879d76274f8a4026bec 5 0 2.2
62e60879d76274f8a4026bec 5 0 2.4
62e60879d76274f8a4026bec 5 0 2.6
62e60879d76274f8a4026bec 5 0 2.8
62e60879d76274f8a4026bec 5 0 3.0
62e60723d76274f8a4026b75 5 5 3.2
62e60723d76274f8a4026b75 5 5 3.4
62e60723d76274f8a4026b75 5 5 3.6
62e60723d76274f8a4026b75 5 5 3.8
62e60723d76274f8a4026b75 5 5 4.0
62e60707d76274f8a4026b69 5 0 3.2
62e60707d76274f8a4026b69 5 0 3.4
62e60707d76274f8a4026b69 5 0 3.6
62e60707d76274f8a4026b69 5 0 3.8
62e60707d76274f8a4026b69 5 0 4.0
62e5dc9ed76274f8a4026b5b 5 5 4.2
62e5dc9ed76274f8a4026b5b 5 5 4.4
62e5dc9ed76274f8a4026b5b 5 5 4.6
62e5dc9ed76274f8a4026b5b 5 5 4.8
62e5dc9ed76274f8a4026b5b 5 5 5.0
62e4fc3c85ea98643089041e 5 0 4.2
62e4fc3c85ea98643089041e 5 0 4.4
62e4fc3c85ea98643089041e 5 0 4.6
62e4fc3c85ea98643089041e 5 0 4.8
62e4fc3c85ea98643089041e 5 0 5.0
62e4fbda85ea986430890405 5 0 4.2
62e4fbda85ea986430890405 5 0 4.4
62e4fbda85ea986430890405 5 0 4.6
62e4fbda85ea986430890405 5 0 4.8
62e4fbda85ea986430890405 5 0 5.0
62e4fbda85ea986430890403 5 0 4.2
62e4fbda85ea986430890403 5 0 4.4
62e4fbda85ea986430890403 5 0 4.6
62e4fbda85ea986430890403 5 0 4.8
62e4fbda85ea986430890403 5 0 5.0
62e4fb6585ea98643089032b 5 5 5.2
62e4fb6585ea98643089032b 5 5 5.4
62e4fb6585ea98643089032b 5 5 5.6
62e4fb6585ea98643089032b 5 5 5.8
62e4fb6585ea98643089032b 5 5 6.0
62e4fb4d85ea9864308902e7 5 0 5.2
62e4fb4d85ea9864308902e7 5 0 5.4
62e4fb4d85ea9864308902e7 5 0 5.6
62e4fb4d85ea9864308902e7 5 0 5.8
62e4fb4d85ea9864308902e7 5 0 6.0
62b8d27a48ba5a41d1c3f4c6 5 1 5.4
62b8d27a48ba5a41d1c3f4c6 5 1 5.800000000000001
62b8d27a48ba5a41d1c3f4c6 5 1 6.199999999999999
62b8d27a48ba5a41d1c3f4c6 5 1 6.6
62b8d27a48ba5a41d1c3f4c6 5 1 7.0
62b8d24048ba5a41d1c3f49f 5 0 5.4
62b8d24048ba5a41d1c3f49f 5 0 5.800000000000001
62b8d24048ba5a41d1c3f49f 5 0 6.199999999999999
62b8d24048ba5a41d1c3f49f 5 0 6.6
62b8d24048ba5a41d1c3f49f 5 0 7.0
62b8d23b48ba5a41d1c3f49a 5 0 5.4
62b8d23b48ba5a41d1c3f49a 5 0 5.800000000000001
62b8d23b48ba5a41d1c3f49a 5 0 6.199999999999999
62b8d23b48ba5a41d1c3f49a 5 0 6.6
62b8d23b48ba5a41d1c3f49a 5 0 7.0
62b8d23948ba5a41d1c3f498 5 0 5.4
62b8d23948ba5a41d1c3f498 5 0 5.800000000000001
62b8d23948ba5a41d1c3f498 5 0 6.199999999999999
62b8d23948ba5a41d1c3f498 5 0 6.6
62b8d23948ba5a41d1c3f498 5 0 7.0
62b8d23748ba5a41d1c3f496 5 0 5.4
62b8d23748ba5a41d1c3f496 5 0 5.800000000000001
62b8d23748ba5a41d1c3f496 5 0 6.199999999999999
62b8d23748ba5a41d1c3f496 5 0 6.6
62b8d23748ba5a41d1c3f496 5 0 7.0
62b8d22f48ba5a41d1c3f488 5 4 6.2
62b8d22f48ba5a41d1c3f488 5 4 6.800000000000001
62b8d22f48ba5a41d1c3f488 5 4 7.199999999999999
62b8d22f48ba5a41d1c3f488 5 4 7.6
62b8d22f48ba5a41d1c3f488 5 4 8.0
62b8d22a48ba5a41d1c3f47e 5 5 7.2
62b8d22a48ba5a41d1c3f47e 5 5 7.800000000000001
62b8d22a48ba5a41d1c3f47e 5 5 8.2
62b8d22a48ba5a41d1c3f47e 5 5 8.6
62b8d22a48ba5a41d1c3f47e 5 5 9.0
62b8d22948ba5a41d1c3f47c 5 5 8.2
62b8d22948ba5a41d1c3f47c 5 5 8.8
62b8d22948ba5a41d1c3f47c 5 5 9.2
62b8d22948ba5a41d1c3f47c 5 5 9.6
62b8d22948ba5a41d1c3f47c 5 5 10.0
62b8d22548ba5a41d1c3f472 5 0 8.2
62b8d22548ba5a41d1c3f472 5 0 8.8
62b8d22548ba5a41d1c3f472 5 0 9.2
62b8d22548ba5a41d1c3f472 5 0 9.6
62b8d22548ba5a41d1c3f472 5 0 10.0
62b8c517e0d34b282c18122e 5 0 8.2
62b8c517e0d34b282c18122e 5 0 8.8
62b8c517e0d34b282c18122e 5 0 9.2
62b8c517e0d34b282c18122e 5 0 9.6
62b8c517e0d34b282c18122e 5 0 10.0
62b8bbbfe0d34b282c181210 5 4 9.0
62b8bbbfe0d34b282c181210 5 4 9.8
62b8bbbfe0d34b282c181210 5 4 10.2
62b8bbbfe0d34b282c181210 5 4 10.6
62b8bbbfe0d34b282c181210 5 4 11.0
62b8bbbfe0d34b282c18120f 5 1 9.2
62b8bbbfe0d34b282c18120f 5 1 10.200000000000001
62b8bbbfe0d34b282c18120f 5 1 10.799999999999999
62b8bbbfe0d34b282c18120f 5 1 11.4
62b8bbbfe0d34b282c18120f 5 1 12.0
62b8bbbce0d34b282c18120d 5 2 9.6
62b8bbbce0d34b282c18120d 5 2 10.9
62b8bbbce0d34b282c18120d 5 2 11.7
62b8bbbce0d34b282c18120d 5 2 12.4
62b8bbbce0d34b282c18120d 5 2 13.0
62b8b99de0d34b282c1811f8 5 0 9.6
62b8b99de0d34b282c1811f8 5 0 10.9
62b8b99de0d34b282c1811f8 5 0 11.7
62b8b99de0d34b282c1811f8 5 0 12.4
62b8b99de0d34b282c1811f8 5 0 13.0
62b8b59feb7e40a82d2d1291 5 0 9.6
62b8b59feb7e40a82d2d1291 5 0 10.9
62b8b59feb7e40a82d2d1291 5 0 11.7
62b8b59feb7e40a82d2d1291 5 0 12.4
62b8b59feb7e40a82d2d1291 5 0 13.0
62b8b590eb7e40a82d2d1275 5 0 9.6
62b8b590eb7e40a82d2d1275 5 0 10.9
62b8b590eb7e40a82d2d1275 5 0 11.7
62b8b590eb7e40a82d2d1275 5 0 12.4
62b8b590eb7e40a82d2d1275 5 0 13.0
62b8b58deb7e40a82d2d1269 5 3 10.2
62b8b58deb7e40a82d2d1269 5 3 11.8
62b8b58deb7e40a82d2d1269 5 3 12.7
62b8b58deb7e40a82d2d1269 5 3 13.4
62b8b58deb7e40a82d2d1269 5 3 14.0
62b8b559eb7e40a82d2d11f8 5 3 10.799999999999999
62b8b559eb7e40a82d2d11f8 5 3 12.700000000000001
62b8b559eb7e40a82d2d11f8 5 3 13.7
62b8b559eb7e40a82d2d11f8 5 3 14.4
62b8b559eb7e40a82d2d11f8 5 3 15.0
62b8b4b9eb7e40a82d2d1134 5 0 10.799999999999999
62b8b4b9eb7e40a82d2d1134 5 0 12.700000000000001
62b8b4b9eb7e40a82d2d1134 5 0 13.7
62b8b4b9eb7e40a82d2d1134 5 0 14.4
62b8b4b9eb7e40a82d2d1134 5 0 15.0
62b8b416eb7e40a82d2d1129 5 0 10.799999999999999
62b8b416eb7e40a82d2d1129 5 0 12.700000000000001
62b8b416eb7e40a82d2d1129 5 0 13.7
62b8b416eb7e40a82d2d1129 5 0 14.4
62b8b416eb7e40a82d2d1129 5 0 15.0
62b8b3d6eb7e40a82d2d111c 5 4 11.6
62b8b3d6eb7e40a82d2d111c 5 4 13.700000000000001
62b8b3d6eb7e40a82d2d111c 5 4 14.7
62b8b3d6eb7e40a82d2d111c 5 4 15.4
62b8b3d6eb7e40a82d2d111c 5 4 16.0
62b8b3d5eb7e40a82d2d1110 5 0 11.6
62b8b3d5eb7e40a82d2d1110 5 0 13.700000000000001
62b8b3d5eb7e40a82d2d1110 5 0 14.7
62b8b3d5eb7e40a82d2d1110 5 0 15.4
62b8b3d5eb7e40a82d2d1110 5 0 16.0
62b8b3d4eb7e40a82d2d110f 5 4 12.4
62b8b3d4eb7e40a82d2d110f 5 4 14.700000000000001
62b8b3d4eb7e40a82d2d110f 5 4 15.7
62b8b3d4eb7e40a82d2d110f 5 4 16.4
62b8b3d4eb7e40a82d2d110f 5 4 17.0
62b8b3d4eb7e40a82d2d110e 5 0 12.4
62b8b3d4eb7e40a82d2d110e 5 0 14.700000000000001
62b8b3d4eb7e40a82d2d110e 5 0 15.7
62b8b3d4eb7e40a82d2d110e 5 0 16.4
62b8b3d4eb7e40a82d2d110e 5 0 17.0
62b8b3d4eb7e40a82d2d110d 5 3 13.0
62b8b3d4eb7e40a82d2d110d 5 3 15.600000000000001
62b8b3d4eb7e40a82d2d110d 5 3 16.7
62b8b3d4eb7e40a82d2d110d 5 3 17.4
62b8b3d4eb7e40a82d2d110d 5 3 18.0
62b87b989a0c4fa8b80b35ee 5 0 13.0
62b87b989a0c4fa8b80b35ee 5 0 15.600000000000001
62b87b989a0c4fa8b80b35ee 5 0 16.7
62b87b989a0c4fa8b80b35ee 5 0 17.4
62b87b989a0c4fa8b80b35ee 5 0 18.0
62b87b859a0c4fa8b80b35d7 5 2 13.4
62b87b859a0c4fa8b80b35d7 5 2 16.3
62b87b859a0c4fa8b80b35d7 5 2 17.599999999999998
62b87b859a0c4fa8b80b35d7 5 2 18.4
62b87b859a0c4fa8b80b35d7 5 2 19.0
62b87b839a0c4fa8b80b35cb 5 0 13.4
62b87b839a0c4fa8b80b35cb 5 0 16.3
62b87b839a0c4fa8b80b35cb 5 0 17.599999999999998
62b87b839a0c4fa8b80b35cb 5 0 18.4
62b87b839a0c4fa8b80b35cb 5 0 19.0
62b87b7e9a0c4fa8b80b35bc 5 0 13.4
62b87b7e9a0c4fa8b80b35bc 5 0 16.3
62b87b7e9a0c4fa8b80b35bc 5 0 17.599999999999998
62b87b7e9a0c4fa8b80b35bc 5 0 18.4
62b87b7e9a0c4fa8b80b35bc 5 0 19.0
62b87b4f9a0c4fa8b80b3580 5 0 13.4
62b87b4f9a0c4fa8b80b3580 5 0 16.3
62b87b4f9a0c4fa8b80b3580 5 0 17.599999999999998
62b87b4f9a0c4fa8b80b3580 5 0 18.4
62b87b4f9a0c4fa8b80b3580 5 0 19.0
62b87b199a0c4fa8b80b354e 5 4 14.200000000000001
62b87b199a0c4fa8b80b354e 5 4 17.3
62b87b199a0c4fa8b80b354e 5 4 18.599999999999998
62b87b199a0c4fa8b80b354e 5 4 19.4
62b87b199a0c4fa8b80b354e 5 4 20.0
62b87b099a0c4fa8b80b3538 5 5 15.200000000000001
62b87b099a0c4fa8b80b3538 5 5 18.3
62b87b099a0c4fa8b80b3538 5 5 19.599999999999998
62b87b099a0c4fa8b80b3538 5 5 20.4
62b87b099a0c4fa8b80b3538 5 5 21.0
62b87af99a0c4fa8b80b3524 5 5 16.200000000000003
62b87af99a0c4fa8b80b3524 5 5 19.3
62b87af99a0c4fa8b80b3524 5 5 20.599999999999998
62b87af99a0c4fa8b80b3524 5 5 21.4
62b87af99a0c4fa8b80b3524 5 5 22.0
62b87af69a0c4fa8b80b351a 5 5 17.200000000000003
62b87af69a0c4fa8b80b351a 5 5 20.3
62b87af69a0c4fa8b80b351a 5 5 21.599999999999998
62b87af69a0c4fa8b80b351a 5 5 22.4
62b87af69a0c4fa8b80b351a 5 5 23.0
62b87af19a0c4fa8b80b34f7 5 0 17.200000000000003
62b87af19a0c4fa8b80b34f7 5 0 20.3
62b87af19a0c4fa8b80b34f7 5 0 21.599999999999998
62b87af19a0c4fa8b80b34f7 5 0 22.4
62b87af19a0c4fa8b80b34f7 5 0 23.0
62b87af09a0c4fa8b80b34f1 5 0 17.200000000000003
62b87af09a0c4fa8b80b34f1 5 0 20.3
62b87af09a0c4fa8b80b34f1 5 0 21.599999999999998
62b87af09a0c4fa8b80b34f1 5 0 22.4
62b87af09a0c4fa8b80b34f1 5 0 23.0
62b86aa3b4d922cb0e688d36 5 0 17.200000000000003
62b86aa3b4d922cb0e688d36 5 0 20.3
62b86aa3b4d922cb0e688d36 5 0 21.599999999999998
62b86aa3b4d922cb0e688d36 5 0 22.4
62b86aa3b4d922cb0e688d36 5 0 23.0
62b86a9eb4d922cb0e688d25 5 0 17.200000000000003
62b86a9eb4d922cb0e688d25 5 0 20.3
62b86a9eb4d922cb0e688d25 5 0 21.599999999999998
62b86a9eb4d922cb0e688d25 5 0 22.4
62b86a9eb4d922cb0e688d25 5 0 23.0
62b86a4fb4d922cb0e688cf8 5 0 17.200000000000003
62b86a4fb4d922cb0e688cf8 5 0 20.3
62b86a4fb4d922cb0e688cf8 5 0 21.599999999999998
62b86a4fb4d922cb0e688cf8 5 0 22.4
62b86a4fb4d922cb0e688cf8 5 0 23.0
62b86a4fb4d922cb0e688cf7 5 0 17.200000000000003
62b86a4fb4d922cb0e688cf7 5 0 20.3
62b86a4fb4d922cb0e688cf7 5 0 21.599999999999998
62b86a4fb4d922cb0e688cf7 5 0 22.4
62b86a4fb4d922cb0e688cf7 5 0 23.0
62b86a01b4d922cb0e688ccc 5 0 17.200000000000003
62b86a01b4d922cb0e688ccc 5 0 20.3
62b86a01b4d922cb0e688ccc 5 0 21.599999999999998
62b86a01b4d922cb0e688ccc 5 0 22.4
62b86a01b4d922cb0e688ccc 5 0 23.0
62b869ebb4d922cb0e688cc6 5 3 17.800000000000004
62b869ebb4d922cb0e688cc6 5 3 21.2
62b869ebb4d922cb0e688cc6 5 3 22.599999999999998
62b869ebb4d922cb0e688cc6 5 3 23.4
62b869ebb4d922cb0e688cc6 5 3 24.0
62b869eab4d922cb0e688cc5 5 0 17.800000000000004
62b869eab4d922cb0e688cc5 5 0 21.2
62b869eab4d922cb0e688cc5 5 0 22.599999999999998
62b869eab4d922cb0e688cc5 5 0 23.4
62b869eab4d922cb0e688cc5 5 0 24.0
62b869eab4d922cb0e688cbf 5 4 18.600000000000005
62b869eab4d922cb0e688cbf 5 4 22.2
62b869eab4d922cb0e688cbf 5 4 23.599999999999998
62b869eab4d922cb0e688cbf 5 4 24.4
62b869eab4d922cb0e688cbf 5 4 25.0
62b43427903eeb48555d3ea5 5 0 18.600000000000005
62b43427903eeb48555d3ea5 5 0 22.2
62b43427903eeb48555d3ea5 5 0 23.599999999999998
62b43427903eeb48555d3ea5 5 0 24.4
62b43427903eeb48555d3ea5 5 0 25.0
62b43428903eeb48555d3eaa 5 0 18.600000000000005
62b43428903eeb48555d3eaa 5 0 22.2
62b43428903eeb48555d3eaa 5 0 23.599999999999998
62b43428903eeb48555d3eaa 5 0 24.4
62b43428903eeb48555d3eaa 5 0 25.0
62b45df05108cfac7f2109ce 5 0 18.600000000000005
62b45df05108cfac7f2109ce 5 0 22.2
62b45df05108cfac7f2109ce 5 0 23.599999999999998
62b45df05108cfac7f2109ce 5 0 24.4
62b45df05108cfac7f2109ce 5 0 25.0
62b45df15108cfac7f2109dc 5 0 18.600000000000005
62b45df15108cfac7f2109dc 5 0 22.2
62b45df15108cfac7f2109dc 5 0 23.599999999999998
62b45df15108cfac7f2109dc 5 0 24.4
62b45df15108cfac7f2109dc 5 0 25.0
62b45df15108cfac7f2109dd 5 2 19.000000000000004
62b45df15108cfac7f2109dd 5 2 22.9
62b45df15108cfac7f2109dd 5 2 24.499999999999996
62b45df15108cfac7f2109dd 5 2 25.4
62b45df15108cfac7f2109dd 5 2 26.0
62b45e135108cfac7f2109f4 5 5 20.000000000000004
62b45e135108cfac7f2109f4 5 5 23.9
62b45e135108cfac7f2109f4 5 5 25.499999999999996
62b45e135108cfac7f2109f4 5 5 26.4
62b45e135108cfac7f2109f4 5 5 27.0
62b45e145108cfac7f210a07 5 0 20.000000000000004
62b45e145108cfac7f210a07 5 0 23.9
62b45e145108cfac7f210a07 5 0 25.499999999999996
62b45e145108cfac7f210a07 5 0 26.4
62b45e145108cfac7f210a07 5 0 27.0
62b45e145108cfac7f210a09 5 0 20.000000000000004
62b45e145108cfac7f210a09 5 0 23.9
62b45e145108cfac7f210a09 5 0 25.499999999999996
62b45e145108cfac7f210a09 5 0 26.4
62b45e145108cfac7f210a09 5 0 27.0
62b45e165108cfac7f210a16 5 0 20.000000000000004
62b45e165108cfac7f210a16 5 0 23.9
62b45e165108cfac7f210a16 5 0 25.499999999999996
62b45e165108cfac7f210a16 5 0 26.4
62b45e165108cfac7f210a16 5 0 27.0
62b45e165108cfac7f210a17 5 0 20.000000000000004
62b45e165108cfac7f210a17 5 0 23.9
62b45e165108cfac7f210a17 5 0 25.499999999999996
62b45e165108cfac7f210a17 5 0 26.4
62b45e165108cfac7f210a17 5 0 27.0
62b45e175108cfac7f210a19 5 0 20.000000000000004
62b45e175108cfac7f210a19 5 0 23.9
62b45e175108cfac7f210a19 5 0 25.499999999999996
62b45e175108cfac7f210a19 5 0 26.4
62b45e175108cfac7f210a19 5 0 27.0
62b463153879012d19481498 5 0 20.000000000000004
62b463153879012d19481498 5 0 23.9
62b463153879012d19481498 5 0 25.499999999999996
62b463153879012d19481498 5 0 26.4
62b463153879012d19481498 5 0 27.0
62b463153879012d1948149a 5 0 20.000000000000004
62b463153879012d1948149a 5 0 23.9
62b463153879012d1948149a 5 0 25.499999999999996
62b463153879012d1948149a 5 0 26.4
62b463153879012d1948149a 5 0 27.0
62b463153879012d1948149b 5 0 20.000000000000004
62b463153879012d1948149b 5 0 23.9
62b463153879012d1948149b 5 0 25.499999999999996
62b463153879012d1948149b 5 0 26.4
62b463153879012d1948149b 5 0 27.0
62b463153879012d1948149c 5 5 21.000000000000004
62b463153879012d1948149c 5 5 24.9
62b463153879012d1948149c 5 5 26.499999999999996
62b463153879012d1948149c 5 5 27.4
62b463153879012d1948149c 5 5 28.0
62b463153879012d1948149d 5 0 21.000000000000004
62b463153879012d1948149d 5 0 24.9
62b463153879012d1948149d 5 0 26.499999999999996
62b463153879012d1948149d 5 0 27.4
62b463153879012d1948149d 5 0 28.0
62b463153879012d1948149f 5 0 21.000000000000004
62b463153879012d1948149f 5 0 24.9
62b463153879012d1948149f 5 0 26.499999999999996
62b463153879012d1948149f 5 0 27.4
62b463153879012d1948149f 5 0 28.0
62b463153879012d194814a1 5 2 21.400000000000002
62b463153879012d194814a1 5 2 25.599999999999998
62b463153879012d194814a1 5 2 27.399999999999995
62b463153879012d194814a1 5 2 28.4
62b463153879012d194814a1 5 2 29.0
62b463163879012d194814a2 5 0 21.400000000000002
62b463163879012d194814a2 5 0 25.599999999999998
62b463163879012d194814a2 5 0 27.399999999999995
62b463163879012d194814a2 5 0 28.4
62b463163879012d194814a2 5 0 29.0
62b463163879012d194814a4 5 1 21.6
62b463163879012d194814a4 5 1 25.999999999999996
62b463163879012d194814a4 5 1 27.999999999999996
62b463163879012d194814a4 5 1 29.2
62b463163879012d194814a4 5 1 30.0
62b463163879012d194814a6 5 1 21.8
62b463163879012d194814a6 5 1 26.399999999999995
62b463163879012d194814a6 5 1 28.599999999999998
62b463163879012d194814a6 5 1 30.0
62b463163879012d194814a6 5 1 31.0
62b4631b3879012d194814dd 5 0 21.8
62b4631b3879012d194814dd 5 0 26.399999999999995
62b4631b3879012d194814dd 5 0 28.599999999999998
62b4631b3879012d194814dd 5 0 30.0
62b4631b3879012d194814dd 5 0 31.0
62b463283879012d1948153d 5 5 22.8
62b463283879012d1948153d 5 5 27.399999999999995
62b463283879012d1948153d 5 5 29.599999999999998
62b463283879012d1948153d 5 5 31.0
62b463283879012d1948153d 5 5 32.0
62b463303879012d19481579 5 0 22.8
62b463303879012d19481579 5 0 27.399999999999995
62b463303879012d19481579 5 0 29.599999999999998
62b463303879012d19481579 5 0 31.0
62b463303879012d19481579 5 0 32.0
62b46740d2f69a53b466171a 5 3 23.400000000000002
62b46740d2f69a53b466171a 5 3 28.299999999999994
62b46740d2f69a53b466171a 5 3 30.599999999999998
62b46740d2f69a53b466171a 5 3 32.0
62b46740d2f69a53b466171a 5 3 33.0
62b46746d2f69a53b4661722 5 0 23.400000000000002
62b46746d2f69a53b4661722 5 0 28.299999999999994
62b46746d2f69a53b4661722 5 0 30.599999999999998
62b46746d2f69a53b4661722 5 0 32.0
62b46746d2f69a53b4661722 5 0 33.0
62b86707b4d922cb0e688c2a 5 5 24.400000000000002
62b86707b4d922cb0e688c2a 5 5 29.299999999999994
62b86707b4d922cb0e688c2a 5 5 31.599999999999998
62b86707b4d922cb0e688c2a 5 5 33.0
62b86707b4d922cb0e688c2a 5 5 34.0
62b86729b4d922cb0e688c2f 5 0 24.400000000000002
62b86729b4d922cb0e688c2f 5 0 29.299999999999994
62b86729b4d922cb0e688c2f 5 0 31.599999999999998
62b86729b4d922cb0e688c2f 5 0 33.0
62b86729b4d922cb0e688c2f 5 0 34.0
62b8a4a4755ee91dce50a3d2 5 0 24.400000000000002
62b8a4a4755ee91dce50a3d2 5 0 29.299999999999994
62b8a4a4755ee91dce50a3d2 5 0 31.599999999999998
62b8a4a4755ee91dce50a3d2 5 0 33.0
62b8a4a4755ee91dce50a3d2 5 0 34.0
62b8982f755ee91dce50a241 5 1 24.6
62b8982f755ee91dce50a241 5 1 29.699999999999992
62b8982f755ee91dce50a241 5 1 32.199999999999996
62b8982f755ee91dce50a241 5 1 33.8
62b8982f755ee91dce50a241 5 1 35.0
62b89640755ee91dce50a114 5 5 25.6
62b89640755ee91dce50a114 5 5 30.699999999999992
62b89640755ee91dce50a114 5 5 33.199999999999996
62b89640755ee91dce50a114 5 5 34.8
62b89640755ee91dce50a114 5 5 36.0
62b87d24d292efb640a55670 5 0 25.6
62b87d24d292efb640a55670 5 0 30.699999999999992
62b87d24d292efb640a55670 5 0 33.199999999999996
62b87d24d292efb640a55670 5 0 34.8
62b87d24d292efb640a55670 5 0 36.0
62b87d24d292efb640a5566f 5 0 25.6
62b87d24d292efb640a5566f 5 0 30.699999999999992
62b87d24d292efb640a5566f 5 0 33.199999999999996
62b87d24d292efb640a5566f 5 0 34.8
62b87d24d292efb640a5566f 5 0 36.0
62b87d24d292efb640a5566d 5 0 25.6
62b87d24d292efb640a5566d 5 0 30.699999999999992
62b87d24d292efb640a5566d 5 0 33.199999999999996
62b87d24d292efb640a5566d 5 0 34.8
62b87d24d292efb640a5566d 5 0 36.0
62b87d23d292efb640a5566b 5 0 25.6
62b87d23d292efb640a5566b 5 0 30.699999999999992
62b87d23d292efb640a5566b 5 0 33.199999999999996
62b87d23d292efb640a5566b 5 0 34.8
62b87d23d292efb640a5566b 5 0 36.0
62b87d23d292efb640a55668 5 0 25.6
62b87d23d292efb640a55668 5 0 30.699999999999992
62b87d23d292efb640a55668 5 0 33.199999999999996
62b87d23d292efb640a55668 5 0 34.8
62b87d23d292efb640a55668 5 0 36.0
62b87d23d292efb640a55667 5 0 25.6
62b87d23d292efb640a55667 5 0 30.699999999999992
62b87d23d292efb640a55667 5 0 33.199999999999996
62b87d23d292efb640a55667 5 0 34.8
62b87d23d292efb640a55667 5 0 36.0
62b45e945108cfac7f210a4a 5 0 25.6
62b45e945108cfac7f210a4a 5 0 30.699999999999992
62b45e945108cfac7f210a4a 5 0 33.199999999999996
62b45e945108cfac7f210a4a 5 0 34.8
62b45e945108cfac7f210a4a 5 0 36.0
62b45e515108cfac7f210a3c 5 0 25.6
62b45e515108cfac7f210a3c 5 0 30.699999999999992
62b45e515108cfac7f210a3c 5 0 33.199999999999996
62b45e515108cfac7f210a3c 5 0 34.8
62b45e515108cfac7f210a3c 5 0 36.0
62b45e2eb89c9fd354170232 5 0 25.6
62b45e2eb89c9fd354170232 5 0 30.699999999999992
62b45e2eb89c9fd354170232 5 0 33.199999999999996
62b45e2eb89c9fd354170232 5 0 34.8
62b45e2eb89c9fd354170232 5 0 36.0
62b45e23e0d4551b0392c90a 5 0 25.6
62b45e23e0d4551b0392c90a 5 0 30.699999999999992
62b45e23e0d4551b0392c90a 5 0 33.199999999999996
62b45e23e0d4551b0392c90a 5 0 34.8
62b45e23e0d4551b0392c90a 5 0 36.0
62b45e21e0d4551b0392c8ed 5 0 25.6
62b45e21e0d4551b0392c8ed 5 0 30.699999999999992
62b45e21e0d4551b0392c8ed 5 0 33.199999999999996
62b45e21e0d4551b0392c8ed 5 0 34.8
62b45e21e0d4551b0392c8ed 5 0 36.0
62b45b396decaeff903e1001 5 0 25.6
62b45b396decaeff903e1001 5 0 30.699999999999992
62b45b396decaeff903e1001 5 0 33.199999999999996
62b45b396decaeff903e1001 5 0 34.8
62b45b396decaeff903e1001 5 0 36.0
62b4567ed7d32e5b55cc83d9 5 0 25.6
62b4567ed7d32e5b55cc83d9 5 0 30.699999999999992
62b4567ed7d32e5b55cc83d9 5 0 33.199999999999996
62b4567ed7d32e5b55cc83d9 5 0 34.8
62b4567ed7d32e5b55cc83d9 5 0 36.0
62b4567ad7d32e5b55cc83af 5 0 25.6
62b4567ad7d32e5b55cc83af 5 0 30.699999999999992
62b4567ad7d32e5b55cc83af 5 0 33.199999999999996
62b4567ad7d32e5b55cc83af 5 0 34.8
62b4567ad7d32e5b55cc83af 5 0 36.0
62b45679d7d32e5b55cc83a9 5 5 26.6
62b45679d7d32e5b55cc83a9 5 5 31.699999999999992
62b45679d7d32e5b55cc83a9 5 5 34.199999999999996
62b45679d7d32e5b55cc83a9 5 5 35.8
62b45679d7d32e5b55cc83a9 5 5 37.0
62b45665d7d32e5b55cc8365 5 0 26.6
62b45665d7d32e5b55cc8365 5 0 31.699999999999992
62b45665d7d32e5b55cc8365 5 0 34.199999999999996
62b45665d7d32e5b55cc8365 5 0 35.8
62b45665d7d32e5b55cc8365 5 0 37.0
62b45665d7d32e5b55cc8364 5 0 26.6
62b45665d7d32e5b55cc8364 5 0 31.699999999999992
62b45665d7d32e5b55cc8364 5 0 34.199999999999996
62b45665d7d32e5b55cc8364 5 0 35.8
62b45665d7d32e5b55cc8364 5 0 37.0
62b45665d7d32e5b55cc8363 5 0 26.6
62b45665d7d32e5b55cc8363 5 0 31.699999999999992
62b45665d7d32e5b55cc8363 5 0 34.199999999999996
62b45665d7d32e5b55cc8363 5 0 35.8
62b45665d7d32e5b55cc8363 5 0 37.0
62b438ba66fea644fe22cca2 5 2 27.0
62b438ba66fea644fe22cca2 5 2 32.39999999999999
62b438ba66fea644fe22cca2 5 2 35.099999999999994
62b438ba66fea644fe22cca2 5 2 36.8
62b438ba66fea644fe22cca2 5 2 38.0
62b438b666fea644fe22cc78 5 0 27.0
62b438b666fea644fe22cc78 5 0 32.39999999999999
62b438b666fea644fe22cc78 5 0 35.099999999999994
62b438b666fea644fe22cc78 5 0 36.8
62b438b666fea644fe22cc78 5 0 38.0
62b438b666fea644fe22cc72 5 3 27.6
62b438b666fea644fe22cc72 5 3 33.29999999999999
62b438b666fea644fe22cc72 5 3 36.099999999999994
62b438b666fea644fe22cc72 5 3 37.8
62b438b666fea644fe22cc72 5 3 39.0
62b438b566fea644fe22cc70 5 0 27.6
62b438b566fea644fe22cc70 5 0 33.29999999999999
62b438b566fea644fe22cc70 5 0 36.099999999999994
62b438b566fea644fe22cc70 5 0 37.8
62b438b566fea644fe22cc70 5 0 39.0
62b438a266fea644fe22cc2e 5 0 27.6
62b438a266fea644fe22cc2e 5 0 33.29999999999999
62b438a266fea644fe22cc2e 5 0 36.099999999999994
62b438a266fea644fe22cc2e 5 0 37.8
62b438a266fea644fe22cc2e 5 0 39.0
62b438a266fea644fe22cc2d 5 0 27.6
62b438a266fea644fe22cc2d 5 0 33.29999999999999
62b438a266fea644fe22cc2d 5 0 36.099999999999994
62b438a266fea644fe22cc2d 5 0 37.8
62b438a266fea644fe22cc2d 5 0 39.0
62b438a266fea644fe22cc2c 5 5 28.6
62b438a266fea644fe22cc2c 5 5 34.29999999999999
62b438a266fea644fe22cc2c 5 5 37.099999999999994
62b438a266fea644fe22cc2c 5 5 38.8
62b438a266fea644fe22cc2c 5 5 40.0
62ece4982e6aefcf4aabbd5f 5 5 29.6
62ece4982e6aefcf4aabbd5f 5 5 35.29999999999999
62ece4982e6aefcf4aabbd5f 5 5 38.099999999999994
62ece4982e6aefcf4aabbd5f 5 5 39.8
62ece4982e6aefcf4aabbd5f 5 5 41.0
62ece4982e6aefcf4aabbd60 5 4 30.400000000000002
62ece4982e6aefcf4aabbd60 5 4 36.29999999999999
62ece4982e6aefcf4aabbd60 5 4 39.099999999999994
62ece4982e6aefcf4aabbd60 5 4 40.8
62ece4982e6aefcf4aabbd60 5 4 42.0
62ece4982e6aefcf4aabbd61 5 5 31.400000000000002
62ece4982e6aefcf4aabbd61 5 5 37.29999999999999
62ece4982e6aefcf4aabbd61 5 5 40.099999999999994
62ece4982e6aefcf4aabbd61 5 5 41.8
62ece4982e6aefcf4aabbd61 5 5 43.0
62ece4982e6aefcf4aabbd62 5 0 31.400000000000002
62ece4982e6aefcf4aabbd62 5 0 37.29999999999999
62ece4982e6aefcf4aabbd62 5 0 40.099999999999994
62ece4982e6aefcf4aabbd62 5 0 41.8
62ece4982e6aefcf4aabbd62 5 0 43.0
62ece4982e6aefcf4aabbd63 5 0 31.400000000000002
62ece4982e6aefcf4aabbd63 5 0 37.29999999999999
62ece4982e6aefcf4aabbd63 5 0 40.099999999999994
62ece4982e6aefcf4aabbd63 5 0 41.8
62ece4982e6aefcf4aabbd63 5 0 43.0
62ece4982e6aefcf4aabbd65 5 5 32.400000000000006
62ece4982e6aefcf4aabbd65 5 5 38.29999999999999
62ece4982e6aefcf4aabbd65 5 5 41.099999999999994
62ece4982e6aefcf4aabbd65 5 5 42.8
62ece4982e6aefcf4aabbd65 5 5 44.0
62ece4982e6aefcf4aabbd66 5 1 32.60000000000001
62ece4982e6aefcf4aabbd66 5 1 38.69999999999999
62ece4982e6aefcf4aabbd66 5 1 41.699999999999996
62ece4982e6aefcf4aabbd66 5 1 43.599999999999994
62ece4982e6aefcf4aabbd66 5 1 45.0
62ece4982e6aefcf4aabbd67 5 5 33.60000000000001
62ece4982e6aefcf4aabbd67 5 5 39.69999999999999
62ece4982e6aefcf4aabbd67 5 5 42.699999999999996
62ece4982e6aefcf4aabbd67 5 5 44.599999999999994
62ece4982e6aefcf4aabbd67 5 5 46.0
62ece4982e6aefcf4aabbd68 5 0 33.60000000000001
62ece4982e6aefcf4aabbd68 5 0 39.69999999999999
62ece4982e6aefcf4aabbd68 5 0 42.699999999999996
62ece4982e6aefcf4aabbd68 5 0 44.599999999999994
62ece4982e6aefcf4aabbd68 5 0 46.0
62ece4982e6aefcf4aabbd69 5 0 33.60000000000001
62ece4982e6aefcf4aabbd69 5 0 39.69999999999999
62ece4982e6aefcf4aabbd69 5 0 42.699999999999996
62ece4982e6aefcf4aabbd69 5 0 44.599999999999994
62ece4982e6aefcf4aabbd69 5 0 46.0
62ece4982e6aefcf4aabbd6a 5 5 34.60000000000001
62ece4982e6aefcf4aabbd6a 5 5 40.69999999999999
62ece4982e6aefcf4aabbd6a 5 5 43.699999999999996
62ece4982e6aefcf4aabbd6a 5 5 45.599999999999994
62ece4982e6aefcf4aabbd6a 5 5 47.0
62ece4982e6aefcf4aabbd6b 5 1 34.80000000000001
62ece4982e6aefcf4aabbd6b 5 1 41.09999999999999
62ece4982e6aefcf4aabbd6b 5 1 44.3
62ece4982e6aefcf4aabbd6b 5 1 46.39999999999999
62ece4982e6aefcf4aabbd6b 5 1 48.0
62ece4982e6aefcf4aabbd6d 5 0 34.80000000000001
62ece4982e6aefcf4aabbd6d 5 0 41.09999999999999
62ece4982e6aefcf4aabbd6d 5 0 44.3
62ece4982e6aefcf4aabbd6d 5 0 46.39999999999999
62ece4982e6aefcf4aabbd6d 5 0 48.0
62ece4982e6aefcf4aabbd6f 5 0 34.80000000000001
62ece4982e6aefcf4aabbd6f 5 0 41.09999999999999
62ece4982e6aefcf4aabbd6f 5 0 44.3
62ece4982e6aefcf4aabbd6f 5 0 46.39999999999999
62ece4982e6aefcf4aabbd6f 5 0 48.0
62ece4982e6aefcf4aabbd70 5 3 35.40000000000001
62ece4982e6aefcf4aabbd70 5 3 41.999999999999986
62ece4982e6aefcf4aabbd70 5 3 45.3
62ece4982e6aefcf4aabbd70 5 3 47.39999999999999
62ece4982e6aefcf4aabbd70 5 3 49.0
62ece4982e6aefcf4aabbd71 5 0 35.40000000000001
62ece4982e6aefcf4aabbd71 5 0 41.999999999999986
62ece4982e6aefcf4aabbd71 5 0 45.3
62ece4982e6aefcf4aabbd71 5 0 47.39999999999999
62ece4982e6aefcf4aabbd71 5 0 49.0
62ece4982e6aefcf4aabbd72 5 0 35.40000000000001
62ece4982e6aefcf4aabbd72 5 0 41.999999999999986
62ece4982e6aefcf4aabbd72 5 0 45.3
62ece4982e6aefcf4aabbd72 5 0 47.39999999999999
62ece4982e6aefcf4aabbd72 5 0 49.0
62ece4982e6aefcf4aabbd73 5 3 36.000000000000014
62ece4982e6aefcf4aabbd73 5 3 42.899999999999984
62ece4982e6aefcf4aabbd73 5 3 46.3
62ece4982e6aefcf4aabbd73 5 3 48.39999999999999
62ece4982e6aefcf4aabbd73 5 3 50.0
62ece4982e6aefcf4aabbd74 5 0 36.000000000000014
62ece4982e6aefcf4aabbd74 5 0 42.899999999999984
62ece4982e6aefcf4aabbd74 5 0 46.3
62ece4982e6aefcf4aabbd74 5 0 48.39999999999999
62ece4982e6aefcf4aabbd74 5 0 50.0
62ece4982e6aefcf4aabbd75 5 0 36.000000000000014
62ece4982e6aefcf4aabbd75 5 0 42.899999999999984
62ece4982e6aefcf4aabbd75 5 0 46.3
62ece4982e6aefcf4aabbd75 5 0 48.39999999999999
62ece4982e6aefcf4aabbd75 5 0 50.0
62ece4982e6aefcf4aabbd76 5 0 36.000000000000014
62ece4982e6aefcf4aabbd76 5 0 42.899999999999984
62ece4982e6aefcf4aabbd76 5 0 46.3
62ece4982e6aefcf4aabbd76 5 0 48.39999999999999
62ece4982e6aefcf4aabbd76 5 0 50.0
62ece4982e6aefcf4aabbd77 5 0 36.000000000000014
62ece4982e6aefcf4aabbd77 5 0 42.899999999999984
62ece4982e6aefcf4aabbd77 5 0 46.3
62ece4982e6aefcf4aabbd77 5 0 48.39999999999999
62ece4982e6aefcf4aabbd77 5 0 50.0
62ece4992e6aefcf4aabbd78 5 0 36.000000000000014
62ece4992e6aefcf4aabbd78 5 0 42.899999999999984
62ece4992e6aefcf4aabbd78 5 0 46.3
62ece4992e6aefcf4aabbd78 5 0 48.39999999999999
62ece4992e6aefcf4aabbd78 5 0 50.0
62ece4992e6aefcf4aabbd79 5 0 36.000000000000014
62ece4992e6aefcf4aabbd79 5 0 42.899999999999984
62ece4992e6aefcf4aabbd79 5 0 46.3
62ece4992e6aefcf4aabbd79 5 0 48.39999999999999
62ece4992e6aefcf4aabbd79 5 0 50.0
62ece4992e6aefcf4aabbd7a 5 5 37.000000000000014
62ece4992e6aefcf4aabbd7a 5 5 43.899999999999984
62ece4992e6aefcf4aabbd7a 5 5 47.3
62ece4992e6aefcf4aabbd7a 5 5 49.39999999999999
62ece4992e6aefcf4aabbd7a 5 5 51.0
62ece4992e6aefcf4aabbd7b 5 0 37.000000000000014
62ece4992e6aefcf4aabbd7b 5 0 43.899999999999984
62ece4992e6aefcf4aabbd7b 5 0 47.3
62ece4992e6aefcf4aabbd7b 5 0 49.39999999999999
62ece4992e6aefcf4aabbd7b 5 0 51.0
62ece4992e6aefcf4aabbd7c 5 5 38.000000000000014
62ece4992e6aefcf4aabbd7c 5 5 44.899999999999984
62ece4992e6aefcf4aabbd7c 5 5 48.3
62ece4992e6aefcf4aabbd7c 5 5 50.39999999999999
62ece4992e6aefcf4aabbd7c 5 5 52.0
62ece4992e6aefcf4aabbd7d 5 4 38.80000000000001
62ece4992e6aefcf4aabbd7d 5 4 45.899999999999984
62ece4992e6aefcf4aabbd7d 5 4 49.3
62ece4992e6aefcf4aabbd7d 5 4 51.39999999999999
62ece4992e6aefcf4aabbd7d 5 4 53.0
62ece4992e6aefcf4aabbd7e 5 4 39.60000000000001
62ece4992e6aefcf4aabbd7e 5 4 46.899999999999984
62ece4992e6aefcf4aabbd7e 5 4 50.3
62ece4992e6aefcf4aabbd7e 5 4 52.39999999999999
62ece4992e6aefcf4aabbd7e 5 4 54.0
62ece4992e6aefcf4aabbd7f 5 4 40.400000000000006
62ece4992e6aefcf4aabbd7f 5 4 47.899999999999984
62ece4992e6aefcf4aabbd7f 5 4 51.3
62ece4992e6aefcf4aabbd7f 5 4 53.39999999999999
62ece4992e6aefcf4aabbd7f 5 4 55.0
62ece4992e6aefcf4aabbd80 5 5 41.400000000000006
62ece4992e6aefcf4aabbd80 5 5 48.899999999999984
62ece4992e6aefcf4aabbd80 5 5 52.3
62ece4992e6aefcf4aabbd80 5 5 54.39999999999999
62ece4992e6aefcf4aabbd80 5 5 56.0
62ece4992e6aefcf4aabbd82 5 1 41.60000000000001
62ece4992e6aefcf4aabbd82 5 1 49.29999999999998
62ece4992e6aefcf4aabbd82 5 1 52.9
62ece4992e6aefcf4aabbd82 5 1 55.19999999999999
62ece4992e6aefcf4aabbd82 5 1 57.0
62ece4992e6aefcf4aabbd83 5 0 41.60000000000001
62ece4992e6aefcf4aabbd83 5 0 49.29999999999998
62ece4992e6aefcf4aabbd83 5 0 52.9
62ece4992e6aefcf4aabbd83 5 0 55.19999999999999
62ece4992e6aefcf4aabbd83 5 0 57.0
62ece4992e6aefcf4aabbd84 5 5 42.60000000000001
62ece4992e6aefcf4aabbd84 5 5 50.29999999999998
62ece4992e6aefcf4aabbd84 5 5 53.9
62ece4992e6aefcf4aabbd84 5 5 56.19999999999999
62ece4992e6aefcf4aabbd84 5 5 58.0
62ece4992e6aefcf4aabbd85 5 5 43.60000000000001
62ece4992e6aefcf4aabbd85 5 5 51.29999999999998
62ece4992e6aefcf4aabbd85 5 5 54.9
62ece4992e6aefcf4aabbd85 5 5 57.19999999999999
62ece4992e6aefcf4aabbd85 5 5 59.0
62ece4992e6aefcf4aabbd86 5 3 44.20000000000001
62ece4992e6aefcf4aabbd86 5 3 52.19999999999998
62ece4992e6aefcf4aabbd86 5 3 55.9
62ece4992e6aefcf4aabbd86 5 3 58.19999999999999
62ece4992e6aefcf4aabbd86 5 3 60.0
62ece4992e6aefcf4aabbd87 5 0 44.20000000000001
62ece4992e6aefcf4aabbd87 5 0 52.19999999999998
62ece4992e6aefcf4aabbd87 5 0 55.9
62ece4992e6aefcf4aabbd87 5 0 58.19999999999999
62ece4992e6aefcf4aabbd87 5 0 60.0
62ece4992e6aefcf4aabbd88 5 3 44.80000000000001
62ece4992e6aefcf4aabbd88 5 3 53.09999999999998
62ece4992e6aefcf4aabbd88 5 3 56.9
62ece4992e6aefcf4aabbd88 5 3 59.19999999999999
62ece4992e6aefcf4aabbd88 5 3 61.0
62ece4992e6aefcf4aabbd89 5 2 45.20000000000001
62ece4992e6aefcf4aabbd89 5 2 53.79999999999998
62ece4992e6aefcf4aabbd89 5 2 57.8
62ece4992e6aefcf4aabbd89 5 2 60.19999999999999
62ece4992e6aefcf4aabbd89 5 2 62.0
62ece4992e6aefcf4aabbd8a 5 4 46.00000000000001
62ece4992e6aefcf4aabbd8a 5 4 54.79999999999998
62ece4992e6aefcf4aabbd8a 5 4 58.8
62ece4992e6aefcf4aabbd8a 5 4 61.19999999999999
62ece4992e6aefcf4aabbd8a 5 4 63.0
62ece4992e6aefcf4aabbd8b 5 0 46.00000000000001
62ece4992e6aefcf4aabbd8b 5 0 54.79999999999998
62ece4992e6aefcf4aabbd8b 5 0 58.8
62ece4992e6aefcf4aabbd8b 5 0 61.19999999999999
62ece4992e6aefcf4aabbd8b 5 0 63.0
62e60723d76274f8a4026b76 5 1 46.20000000000001
62e60723d76274f8a4026b76 5 1 55.19999999999998
62e60723d76274f8a4026b76 5 1 59.4
62e60723d76274f8a4026b76 5 1 61.999999999999986
62e60723d76274f8a4026b76 5 1 64.0
62e60873d76274f8a4026bd8 5 0 46.20000000000001
62e60873d76274f8a4026bd8 5 0 55.19999999999998
62e60873d76274f8a4026bd8 5 0 59.4
62e60873d76274f8a4026bd8 5 0 61.999999999999986
62e60873d76274f8a4026bd8 5 0 64.0
62e60e3bd76274f8a4026d1a 5 0 46.20000000000001
62e60e3bd76274f8a4026d1a 5 0 55.19999999999998
62e60e3bd76274f8a4026d1a 5 0 59.4
62e60e3bd76274f8a4026d1a 5 0 61.999999999999986
62e60e3bd76274f8a4026d1a 5 0 64.0
62b87b199a0c4fa8b80b354c 5 0 46.20000000000001
62b87b199a0c4fa8b80b354c 5 0 55.19999999999998
62b87b199a0c4fa8b80b354c 5 0 59.4
62b87b199a0c4fa8b80b354c 5 0 61.999999999999986
62b87b199a0c4fa8b80b354c 5 0 64.0
62b87b4f9a0c4fa8b80b3581 5 0 46.20000000000001
62b87b4f9a0c4fa8b80b3581 5 0 55.19999999999998
62b87b4f9a0c4fa8b80b3581 5 0 59.4
62b87b4f9a0c4fa8b80b3581 5 0 61.999999999999986
62b87b4f9a0c4fa8b80b3581 5 0 64.0
62b87b519a0c4fa8b80b3583 5 0 46.20000000000001
62b87b519a0c4fa8b80b3583 5 0 55.19999999999998
62b87b519a0c4fa8b80b3583 5 0 59.4
62b87b519a0c4fa8b80b3583 5 0 61.999999999999986
62b87b519a0c4fa8b80b3583 5 0 64.0
62b87b869a0c4fa8b80b35e1 5 0 46.20000000000001
62b87b869a0c4fa8b80b35e1 5 0 55.19999999999998
62b87b869a0c4fa8b80b35e1 5 0 59.4
62b87b869a0c4fa8b80b35e1 5 0 61.999999999999986
62b87b869a0c4fa8b80b35e1 5 0 64.0
62b8b4baeb7e40a82d2d1136 5 2 46.60000000000001
62b8b4baeb7e40a82d2d1136 5 2 55.899999999999984
62b8b4baeb7e40a82d2d1136 5 2 60.3
62b8b4baeb7e40a82d2d1136 5 2 62.999999999999986
62b8b4baeb7e40a82d2d1136 5 2 65.0
62b8b4baeb7e40a82d2d1137 5 2 47.00000000000001
62b8b4baeb7e40a82d2d1137 5 2 56.59999999999999
62b8b4baeb7e40a82d2d1137 5 2 61.199999999999996
62b8b4baeb7e40a82d2d1137 5 2 63.999999999999986
62b8b4baeb7e40a82d2d1137 5 2 66.0
62b8b4c1eb7e40a82d2d1139 5 5 48.00000000000001
62b8b4c1eb7e40a82d2d1139 5 5 57.59999999999999
62b8b4c1eb7e40a82d2d1139 5 5 62.199999999999996
62b8b4c1eb7e40a82d2d1139 5 5 64.99999999999999
62b8b4c1eb7e40a82d2d1139 5 5 67.0
62b8b559eb7e40a82d2d11f6 5 3 48.60000000000001
62b8b559eb7e40a82d2d11f6 5 3 58.499999999999986
62b8b559eb7e40a82d2d11f6 5 3 63.199999999999996
62b8b559eb7e40a82d2d11f6 5 3 65.99999999999999
62b8b559eb7e40a82d2d11f6 5 3 68.0
62b8d22a48ba5a41d1c3f47d 5 0 48.60000000000001
62b8d22a48ba5a41d1c3f47d 5 0 58.499999999999986
62b8d22a48ba5a41d1c3f47d 5 0 63.199999999999996
62b8d22a48ba5a41d1c3f47d 5 0 65.99999999999999
62b8d22a48ba5a41d1c3f47d 5 0 68.0
62b8d23748ba5a41d1c3f497 5 1 48.80000000000001
62b8d23748ba5a41d1c3f497 5 1 58.899999999999984
62b8d23748ba5a41d1c3f497 5 1 63.8
62b8d23748ba5a41d1c3f497 5 1 66.79999999999998
62b8d23748ba5a41d1c3f497 5 1 69.0
62b8d23a48ba5a41d1c3f499 5 3 49.40000000000001
62b8d23a48ba5a41d1c3f499 5 3 59.79999999999998
62b8d23a48ba5a41d1c3f499 5 3 64.8
62b8d23a48ba5a41d1c3f499 5 3 67.79999999999998
62b8d23a48ba5a41d1c3f499 5 3 70.0
62b8d23c48ba5a41d1c3f49b 5 2 49.80000000000001
62b8d23c48ba5a41d1c3f49b 5 2 60.499999999999986
62b8d23c48ba5a41d1c3f49b 5 2 65.7
62b8d23c48ba5a41d1c3f49b 5 2 68.79999999999998
62b8d23c48ba5a41d1c3f49b 5 2 71.0
62b8d23e48ba5a41d1c3f49e 5 5 50.80000000000001
62b8d23e48ba5a41d1c3f49e 5 5 61.499999999999986
62b8d23e48ba5a41d1c3f49e 5 5 66.7
62b8d23e48ba5a41d1c3f49e 5 5 69.79999999999998
62b8d23e48ba5a41d1c3f49e 5 5 72.0
62b43425903eeb48555d3ea1 5 0 50.80000000000001
62b43425903eeb48555d3ea1 5 0 61.499999999999986
62b43425903eeb48555d3ea1 5 0 66.7
62b43425903eeb48555d3ea1 5 0 69.79999999999998
62b43425903eeb48555d3ea1 5 0 72.0
62b43426903eeb48555d3ea2 5 0 50.80000000000001
62b43426903eeb48555d3ea2 5 0 61.499999999999986
62b43426903eeb48555d3ea2 5 0 66.7
62b43426903eeb48555d3ea2 5 0 69.79999999999998
62b43426903eeb48555d3ea2 5 0 72.0
62b8966c755ee91dce50a154 5 1 51.000000000000014
62b8966c755ee91dce50a154 5 1 61.899999999999984
62b8966c755ee91dce50a154 5 1 67.3
62b8966c755ee91dce50a154 5 1 70.59999999999998
62b8966c755ee91dce50a154 5 1 73.0
62b896de755ee91dce50a183 5 0 51.000000000000014
62b896de755ee91dce50a183 5 0 61.899999999999984
62b896de755ee91dce50a183 5 0 67.3
62b896de755ee91dce50a183 5 0 70.59999999999998
62b896de755ee91dce50a183 5 0 73.0
62b8a4a4755ee91dce50a3d3 5 4 51.80000000000001
62b8a4a4755ee91dce50a3d3 5 4 62.899999999999984
62b8a4a4755ee91dce50a3d3 5 4 68.3
62b8a4a4755ee91dce50a3d3 5 4 71.59999999999998
62b8a4a4755ee91dce50a3d3 5 4 74.0
62b8a7b2755ee91dce50a4a7 5 5 52.80000000000001
62b8a7b2755ee91dce50a4a7 5 5 63.899999999999984
62b8a7b2755ee91dce50a4a7 5 5 69.3
62b8a7b2755ee91dce50a4a7 5 5 72.59999999999998
62b8a7b2755ee91dce50a4a7 5 5 75.0
6305f9991d275c6667163c50 5 4 53.60000000000001
6305f9991d275c6667163c50 5 4 64.89999999999998
6305f9991d275c6667163c50 5 4 70.3
6305f9991d275c6667163c50 5 4 73.59999999999998
6305f9991d275c6667163c50 5 4 76.0
6306292052e177c0ba469f09 5 0 53.60000000000001
6306292052e177c0ba469f09 5 0 64.89999999999998
6306292052e177c0ba469f09 5 0 70.3
6306292052e177c0ba469f09 5 0 73.59999999999998
6306292052e177c0ba469f09 5 0 76.0
6306292152e177c0ba469f0d 5 0 53.60000000000001
6306292152e177c0ba469f0d 5 0 64.89999999999998
6306292152e177c0ba469f0d 5 0 70.3
6306292152e177c0ba469f0d 5 0 73.59999999999998
6306292152e177c0ba469f0d 5 0 76.0
6306292252e177c0ba469f11 5 5 54.60000000000001
6306292252e177c0ba469f11 5 5 65.89999999999998
6306292252e177c0ba469f11 5 5 71.3
6306292252e177c0ba469f11 5 5 74.59999999999998
6306292252e177c0ba469f11 5 5 77.0
6306292352e177c0ba469f1d 5 0 54.60000000000001
6306292352e177c0ba469f1d 5 0 65.89999999999998
6306292352e177c0ba469f1d 5 0 71.3
6306292352e177c0ba469f1d 5 0 74.59999999999998
6306292352e177c0ba469f1d 5 0 77.0
6306292352e177c0ba469f1e 5 0 54.60000000000001
6306292352e177c0ba469f1e 5 0 65.89999999999998
6306292352e177c0ba469f1e 5 0 71.3
6306292352e177c0ba469f1e 5 0 74.59999999999998
6306292352e177c0ba469f1e 5 0 77.0
6306292652e177c0ba469f34 5 0 54.60000000000001
6306292652e177c0ba469f34 5 0 65.89999999999998
6306292652e177c0ba469f34 5 0 71.3
6306292652e177c0ba469f34 5 0 74.59999999999998
6306292652e177c0ba469f34 5 0 77.0
6306292a52e177c0ba469f41 5 0 54.60000000000001
6306292a52e177c0ba469f41 5 0 65.89999999999998
6306292a52e177c0ba469f41 5 0 71.3
6306292a52e177c0ba469f41 5 0 74.59999999999998
6306292a52e177c0ba469f41 5 0 77.0
6306298b52e177c0ba469fdc 5 0 54.60000000000001
6306298b52e177c0ba469fdc 5 0 65.89999999999998
6306298b52e177c0ba469fdc 5 0 71.3
6306298b52e177c0ba469fdc 5 0 74.59999999999998
6306298b52e177c0ba469fdc 5 0 77.0
6306299052e177c0ba469fe8 5 0 54.60000000000001
6306299052e177c0ba469fe8 5 0 65.89999999999998
6306299052e177c0ba469fe8 5 0 71.3
6306299052e177c0ba469fe8 5 0 74.59999999999998
6306299052e177c0ba469fe8 5 0 77.0
630629b952e177c0ba46a043 5 0 54.60000000000001
630629b952e177c0ba46a043 5 0 65.89999999999998
630629b952e177c0ba46a043 5 0 71.3
630629b952e177c0ba46a043 5 0 74.59999999999998
630629b952e177c0ba46a043 5 0 77.0
630629d052e177c0ba46a0a1 5 0 54.60000000000001
630629d052e177c0ba46a0a1 5 0 65.89999999999998
630629d052e177c0ba46a0a1 5 0 71.3
630629d052e177c0ba46a0a1 5 0 74.59999999999998
630629d052e177c0ba46a0a1 5 0 77.0
630629e052e177c0ba46a0c4 5 0 54.60000000000001
630629e052e177c0ba46a0c4 5 0 65.89999999999998
630629e052e177c0ba46a0c4 5 0 71.3
630629e052e177c0ba46a0c4 5 0 74.59999999999998
630629e052e177c0ba46a0c4 5 0 77.0
630629e152e177c0ba46a0d1 5 5 55.60000000000001
630629e152e177c0ba46a0d1 5 5 66.89999999999998
630629e152e177c0ba46a0d1 5 5 72.3
630629e152e177c0ba46a0d1 5 5 75.59999999999998
630629e152e177c0ba46a0d1 5 5 78.0
630629e152e177c0ba46a0d2 5 0 55.60000000000001
630629e152e177c0ba46a0d2 5 0 66.89999999999998
630629e152e177c0ba46a0d2 5 0 72.3
630629e152e177c0ba46a0d2 5 0 75.59999999999998
630629e152e177c0ba46a0d2 5 0 78.0
630629e252e177c0ba46a0d6 5 0 55.60000000000001
630629e252e177c0ba46a0d6 5 0 66.89999999999998
630629e252e177c0ba46a0d6 5 0 72.3
630629e252e177c0ba46a0d6 5 0 75.59999999999998
630629e252e177c0ba46a0d6 5 0 78.0
630629e752e177c0ba46a0fb 5 0 55.60000000000001
630629e752e177c0ba46a0fb 5 0 66.89999999999998
630629e752e177c0ba46a0fb 5 0 72.3
630629e752e177c0ba46a0fb 5 0 75.59999999999998
630629e752e177c0ba46a0fb 5 0 78.0
6306091073426c38ae68acac 5 0 55.60000000000001
6306091073426c38ae68acac 5 0 66.89999999999998
6306091073426c38ae68acac 5 0 72.3
6306091073426c38ae68acac 5 0 75.59999999999998
6306091073426c38ae68acac 5 0 78.0
6306091a73426c38ae68acc8 5 0 55.60000000000001
6306091a73426c38ae68acc8 5 0 66.89999999999998
6306091a73426c38ae68acc8 5 0 72.3
6306091a73426c38ae68acc8 5 0 75.59999999999998
6306091a73426c38ae68acc8 5 0 78.0
6306091b73426c38ae68acd7 5 0 55.60000000000001
6306091b73426c38ae68acd7 5 0 66.89999999999998
6306091b73426c38ae68acd7 5 0 72.3
6306091b73426c38ae68acd7 5 0 75.59999999999998
6306091b73426c38ae68acd7 5 0 78.0
6306091b73426c38ae68acd9 5 0 55.60000000000001
6306091b73426c38ae68acd9 5 0 66.89999999999998
6306091b73426c38ae68acd9 5 0 72.3
6306091b73426c38ae68acd9 5 0 75.59999999999998
6306091b73426c38ae68acd9 5 0 78.0
6306091b73426c38ae68acda 5 0 55.60000000000001
6306091b73426c38ae68acda 5 0 66.89999999999998
6306091b73426c38ae68acda 5 0 72.3
6306091b73426c38ae68acda 5 0 75.59999999999998
6306091b73426c38ae68acda 5 0 78.0
6306091c73426c38ae68acdc 5 3 56.20000000000001
6306091c73426c38ae68acdc 5 3 67.79999999999998
6306091c73426c38ae68acdc 5 3 73.3
6306091c73426c38ae68acdc 5 3 76.59999999999998
6306091c73426c38ae68acdc 5 3 79.0
6306091c73426c38ae68acdd 5 2 56.60000000000001
6306091c73426c38ae68acdd 5 2 68.49999999999999
6306091c73426c38ae68acdd 5 2 74.2
6306091c73426c38ae68acdd 5 2 77.59999999999998
6306091c73426c38ae68acdd 5 2 80.0
6306091d73426c38ae68ace5 5 0 56.60000000000001
6306091d73426c38ae68ace5 5 0 68.49999999999999
6306091d73426c38ae68ace5 5 0 74.2
6306091d73426c38ae68ace5 5 0 77.59999999999998
6306091d73426c38ae68ace5 5 0 80.0
6306092373426c38ae68acfa 5 0 56.60000000000001
6306092373426c38ae68acfa 5 0 68.49999999999999
6306092373426c38ae68acfa 5 0 74.2
6306092373426c38ae68acfa 5 0 77.59999999999998
6306092373426c38ae68acfa 5 0 80.0
6306092973426c38ae68ad01 5 0 56.60000000000001
6306092973426c38ae68ad01 5 0 68.49999999999999
6306092973426c38ae68ad01 5 0 74.2
6306092973426c38ae68ad01 5 0 77.59999999999998
6306092973426c38ae68ad01 5 0 80.0
6306092c73426c38ae68ad02 5 0 56.60000000000001
6306092c73426c38ae68ad02 5 0 68.49999999999999
6306092c73426c38ae68ad02 5 0 74.2
6306092c73426c38ae68ad02 5 0 77.59999999999998
6306092c73426c38ae68ad02 5 0 80.0
6306092d73426c38ae68ad04 5 0 56.60000000000001
6306092d73426c38ae68ad04 5 0 68.49999999999999
6306092d73426c38ae68ad04 5 0 74.2
6306092d73426c38ae68ad04 5 0 77.59999999999998
6306092d73426c38ae68ad04 5 0 80.0
6306092d73426c38ae68ad05 5 0 56.60000000000001
6306092d73426c38ae68ad05 5 0 68.49999999999999
6306092d73426c38ae68ad05 5 0 74.2
6306092d73426c38ae68ad05 5 0 77.59999999999998
6306092d73426c38ae68ad05 5 0 80.0
6306092d73426c38ae68ad06 5 0 56.60000000000001
6306092d73426c38ae68ad06 5 0 68.49999999999999
6306092d73426c38ae68ad06 5 0 74.2
6306092d73426c38ae68ad06 5 0 77.59999999999998
6306092d73426c38ae68ad06 5 0 80.0
6306092d73426c38ae68ad07 5 0 56.60000000000001
6306092d73426c38ae68ad07 5 0 68.49999999999999
6306092d73426c38ae68ad07 5 0 74.2
6306092d73426c38ae68ad07 5 0 77.59999999999998
6306092d73426c38ae68ad07 5 0 80.0
6306092d73426c38ae68ad08 5 3 57.20000000000001
6306092d73426c38ae68ad08 5 3 69.39999999999999
6306092d73426c38ae68ad08 5 3 75.2
6306092d73426c38ae68ad08 5 3 78.59999999999998
6306092d73426c38ae68ad08 5 3 81.0
6306092e73426c38ae68ad09 5 0 57.20000000000001
6306092e73426c38ae68ad09 5 0 69.39999999999999
6306092e73426c38ae68ad09 5 0 75.2
6306092e73426c38ae68ad09 5 0 78.59999999999998
6306092e73426c38ae68ad09 5 0 81.0
6306092e73426c38ae68ad0a 5 0 57.20000000000001
6306092e73426c38ae68ad0a 5 0 69.39999999999999
6306092e73426c38ae68ad0a 5 0 75.2
6306092e73426c38ae68ad0a 5 0 78.59999999999998
6306092e73426c38ae68ad0a 5 0 81.0
6306092e73426c38ae68ad0b 5 0 57.20000000000001
6306092e73426c38ae68ad0b 5 0 69.39999999999999
6306092e73426c38ae68ad0b 5 0 75.2
6306092e73426c38ae68ad0b 5 0 78.59999999999998
6306092e73426c38ae68ad0b 5 0 81.0
6306092e73426c38ae68ad0d 5 0 57.20000000000001
6306092e73426c38ae68ad0d 5 0 69.39999999999999
6306092e73426c38ae68ad0d 5 0 75.2
6306092e73426c38ae68ad0d 5 0 78.59999999999998
6306092e73426c38ae68ad0d 5 0 81.0
6306092e73426c38ae68ad0f 5 0 57.20000000000001
6306092e73426c38ae68ad0f 5 0 69.39999999999999
6306092e73426c38ae68ad0f 5 0 75.2
6306092e73426c38ae68ad0f 5 0 78.59999999999998
6306092e73426c38ae68ad0f 5 0 81.0
6306092e73426c38ae68ad11 5 0 57.20000000000001
6306092e73426c38ae68ad11 5 0 69.39999999999999
6306092e73426c38ae68ad11 5 0 75.2
6306092e73426c38ae68ad11 5 0 78.59999999999998
6306092e73426c38ae68ad11 5 0 81.0
6306092f73426c38ae68ad13 5 0 57.20000000000001
6306092f73426c38ae68ad13 5 0 69.39999999999999
6306092f73426c38ae68ad13 5 0 75.2
6306092f73426c38ae68ad13 5 0 78.59999999999998
6306092f73426c38ae68ad13 5 0 81.0
6306093273426c38ae68ad15 5 0 57.20000000000001
6306093273426c38ae68ad15 5 0 69.39999999999999
6306093273426c38ae68ad15 5 0 75.2
6306093273426c38ae68ad15 5 0 78.59999999999998
6306093273426c38ae68ad15 5 0 81.0
63060ada73426c38ae68ad31 5 2 57.60000000000001
63060ada73426c38ae68ad31 5 2 70.1
63060ada73426c38ae68ad31 5 2 76.10000000000001
63060ada73426c38ae68ad31 5 2 79.59999999999998
63060ada73426c38ae68ad31 5 2 82.0
63060b1a73426c38ae68ad3e 5 0 57.60000000000001
63060b1a73426c38ae68ad3e 5 0 70.1
63060b1a73426c38ae68ad3e 5 0 76.10000000000001
63060b1a73426c38ae68ad3e 5 0 79.59999999999998
63060b1a73426c38ae68ad3e 5 0 82.0
63060b1b73426c38ae68ad42 5 0 57.60000000000001
63060b1b73426c38ae68ad42 5 0 70.1
63060b1b73426c38ae68ad42 5 0 76.10000000000001
63060b1b73426c38ae68ad42 5 0 79.59999999999998
63060b1b73426c38ae68ad42 5 0 82.0
63060b1b73426c38ae68ad43 5 4 58.400000000000006
63060b1b73426c38ae68ad43 5 4 71.1
63060b1b73426c38ae68ad43 5 4 77.10000000000001
63060b1b73426c38ae68ad43 5 4 80.59999999999998
63060b1b73426c38ae68ad43 5 4 83.0
62ece4982e6aefcf4aabbd64 5 0 58.400000000000006
62ece4982e6aefcf4aabbd64 5 0 71.1
62ece4982e6aefcf4aabbd64 5 0 77.10000000000001
62ece4982e6aefcf4aabbd64 5 0 80.59999999999998
62ece4982e6aefcf4aabbd64 5 0 83.0
230 230
[58.400000000000006, 71.1, 77.10000000000001, 80.59999999999998, 83.0]
0.2539130434782609
 25.39%
0.30913043478260865
 30.91%
0.33521739130434786
 33.52%
0.35043478260869554
 35.04%
0.36086956521739133
 36.09%
finish_overall
plib_runnable	21

  30.48%	
  35.71%	
  37.62%	
  38.10%	
  38.10%	


project_runnable	23

  10.43%	
  12.61%	
  13.04%	
  13.04%	
  13.04%	


class_runnable	55

  18.91%	
  26.36%	
  30.55%	
  33.09%	
  34.55%	


self_contained	35

  52.57%	
  56.00%	
  57.71%	
  58.86%	
  60.00%	


file_runnable	68

  19.12%	
  24.56%	
  27.06%	
  28.53%	
  29.41%	


slib_runnable	28

  27.86%	
  35.36%	
  38.57%	
  40.71%	
  42.86%	


230
0
