62e60f43d76274f8a4026e28 5 0 0.0
62e60f43d76274f8a4026e28 5 0 0.0
62e60f43d76274f8a4026e28 5 0 0.0
62e60f43d76274f8a4026e28 5 0 0.0
62e60f43d76274f8a4026e28 5 0 0.0
62e60f3bd76274f8a4026e10 5 0 0.0
62e60f3bd76274f8a4026e10 5 0 0.0
62e60f3bd76274f8a4026e10 5 0 0.0
62e60f3bd76274f8a4026e10 5 0 0.0
62e60f3bd76274f8a4026e10 5 0 0.0
62e60f37d76274f8a4026dfd 5 0 0.0
62e60f37d76274f8a4026dfd 5 0 0.0
62e60f37d76274f8a4026dfd 5 0 0.0
62e60f37d76274f8a4026dfd 5 0 0.0
62e60f37d76274f8a4026dfd 5 0 0.0
62e60f33d76274f8a4026de9 5 0 0.0
62e60f33d76274f8a4026de9 5 0 0.0
62e60f33d76274f8a4026de9 5 0 0.0
62e60f33d76274f8a4026de9 5 0 0.0
62e60f33d76274f8a4026de9 5 0 0.0
62e60ed4d76274f8a4026da0 5 4 0.8
62e60ed4d76274f8a4026da0 5 4 1.0
62e60ed4d76274f8a4026da0 5 4 1.0
62e60ed4d76274f8a4026da0 5 4 1.0
62e60ed4d76274f8a4026da0 5 4 1.0
62e60ecfd76274f8a4026d6a 5 0 0.8
62e60ecfd76274f8a4026d6a 5 0 1.0
62e60ecfd76274f8a4026d6a 5 0 1.0
62e60ecfd76274f8a4026d6a 5 0 1.0
62e60ecfd76274f8a4026d6a 5 0 1.0
62e60e49d76274f8a4026d25 5 1 1.0
62e60e49d76274f8a4026d25 5 1 1.4
62e60e49d76274f8a4026d25 5 1 1.6
62e60e49d76274f8a4026d25 5 1 1.8
62e60e49d76274f8a4026d25 5 1 2.0
62e60e05d76274f8a4026cfd 5 0 1.0
62e60e05d76274f8a4026cfd 5 0 1.4
62e60e05d76274f8a4026cfd 5 0 1.6
62e60e05d76274f8a4026cfd 5 0 1.8
62e60e05d76274f8a4026cfd 5 0 2.0
62e60da4d76274f8a4026cf1 5 0 1.0
62e60da4d76274f8a4026cf1 5 0 1.4
62e60da4d76274f8a4026cf1 5 0 1.6
62e60da4d76274f8a4026cf1 5 0 1.8
62e60da4d76274f8a4026cf1 5 0 2.0
62e60b10d76274f8a4026ccd 5 0 1.0
62e60b10d76274f8a4026ccd 5 0 1.4
62e60b10d76274f8a4026ccd 5 0 1.6
62e60b10d76274f8a4026ccd 5 0 1.8
62e60b10d76274f8a4026ccd 5 0 2.0
62e6087bd76274f8a4026bfa 5 0 1.0
62e6087bd76274f8a4026bfa 5 0 1.4
62e6087bd76274f8a4026bfa 5 0 1.6
62e6087bd76274f8a4026bfa 5 0 1.8
62e6087bd76274f8a4026bfa 5 0 2.0
62e6087ad76274f8a4026bf2 5 0 1.0
62e6087ad76274f8a4026bf2 5 0 1.4
62e6087ad76274f8a4026bf2 5 0 1.6
62e6087ad76274f8a4026bf2 5 0 1.8
62e6087ad76274f8a4026bf2 5 0 2.0
62e60879d76274f8a4026bec 5 0 1.0
62e60879d76274f8a4026bec 5 0 1.4
62e60879d76274f8a4026bec 5 0 1.6
62e60879d76274f8a4026bec 5 0 1.8
62e60879d76274f8a4026bec 5 0 2.0
62e60723d76274f8a4026b75 5 4 1.8
62e60723d76274f8a4026b75 5 4 2.4
62e60723d76274f8a4026b75 5 4 2.6
62e60723d76274f8a4026b75 5 4 2.8
62e60723d76274f8a4026b75 5 4 3.0
62e60707d76274f8a4026b69 5 0 1.8
62e60707d76274f8a4026b69 5 0 2.4
62e60707d76274f8a4026b69 5 0 2.6
62e60707d76274f8a4026b69 5 0 2.8
62e60707d76274f8a4026b69 5 0 3.0
62e5dc9ed76274f8a4026b5b 5 3 2.4
62e5dc9ed76274f8a4026b5b 5 3 3.3
62e5dc9ed76274f8a4026b5b 5 3 3.6
62e5dc9ed76274f8a4026b5b 5 3 3.8
62e5dc9ed76274f8a4026b5b 5 3 4.0
62e4fc3c85ea98643089041e 5 0 2.4
62e4fc3c85ea98643089041e 5 0 3.3
62e4fc3c85ea98643089041e 5 0 3.6
62e4fc3c85ea98643089041e 5 0 3.8
62e4fc3c85ea98643089041e 5 0 4.0
62e4fbda85ea986430890405 5 0 2.4
62e4fbda85ea986430890405 5 0 3.3
62e4fbda85ea986430890405 5 0 3.6
62e4fbda85ea986430890405 5 0 3.8
62e4fbda85ea986430890405 5 0 4.0
62e4fbda85ea986430890403 5 0 2.4
62e4fbda85ea986430890403 5 0 3.3
62e4fbda85ea986430890403 5 0 3.6
62e4fbda85ea986430890403 5 0 3.8
62e4fbda85ea986430890403 5 0 4.0
62e4fb6585ea98643089032b 5 4 3.2
62e4fb6585ea98643089032b 5 4 4.3
62e4fb6585ea98643089032b 5 4 4.6
62e4fb6585ea98643089032b 5 4 4.8
62e4fb6585ea98643089032b 5 4 5.0
62e4fb4d85ea9864308902e7 5 0 3.2
62e4fb4d85ea9864308902e7 5 0 4.3
62e4fb4d85ea9864308902e7 5 0 4.6
62e4fb4d85ea9864308902e7 5 0 4.8
62e4fb4d85ea9864308902e7 5 0 5.0
62b8d27a48ba5a41d1c3f4c6 5 0 3.2
62b8d27a48ba5a41d1c3f4c6 5 0 4.3
62b8d27a48ba5a41d1c3f4c6 5 0 4.6
62b8d27a48ba5a41d1c3f4c6 5 0 4.8
62b8d27a48ba5a41d1c3f4c6 5 0 5.0
62b8d24048ba5a41d1c3f49f 5 0 3.2
62b8d24048ba5a41d1c3f49f 5 0 4.3
62b8d24048ba5a41d1c3f49f 5 0 4.6
62b8d24048ba5a41d1c3f49f 5 0 4.8
62b8d24048ba5a41d1c3f49f 5 0 5.0
62b8d23b48ba5a41d1c3f49a 5 0 3.2
62b8d23b48ba5a41d1c3f49a 5 0 4.3
62b8d23b48ba5a41d1c3f49a 5 0 4.6
62b8d23b48ba5a41d1c3f49a 5 0 4.8
62b8d23b48ba5a41d1c3f49a 5 0 5.0
62b8d23948ba5a41d1c3f498 5 0 3.2
62b8d23948ba5a41d1c3f498 5 0 4.3
62b8d23948ba5a41d1c3f498 5 0 4.6
62b8d23948ba5a41d1c3f498 5 0 4.8
62b8d23948ba5a41d1c3f498 5 0 5.0
62b8d23748ba5a41d1c3f496 5 0 3.2
62b8d23748ba5a41d1c3f496 5 0 4.3
62b8d23748ba5a41d1c3f496 5 0 4.6
62b8d23748ba5a41d1c3f496 5 0 4.8
62b8d23748ba5a41d1c3f496 5 0 5.0
62b8d22f48ba5a41d1c3f488 5 0 3.2
62b8d22f48ba5a41d1c3f488 5 0 4.3
62b8d22f48ba5a41d1c3f488 5 0 4.6
62b8d22f48ba5a41d1c3f488 5 0 4.8
62b8d22f48ba5a41d1c3f488 5 0 5.0
62b8d22a48ba5a41d1c3f47e 5 4 4.0
62b8d22a48ba5a41d1c3f47e 5 4 5.3
62b8d22a48ba5a41d1c3f47e 5 4 5.6
62b8d22a48ba5a41d1c3f47e 5 4 5.8
62b8d22a48ba5a41d1c3f47e 5 4 6.0
62b8d22948ba5a41d1c3f47c 5 3 4.6
62b8d22948ba5a41d1c3f47c 5 3 6.2
62b8d22948ba5a41d1c3f47c 5 3 6.6
62b8d22948ba5a41d1c3f47c 5 3 6.8
62b8d22948ba5a41d1c3f47c 5 3 7.0
62b8d22548ba5a41d1c3f472 5 0 4.6
62b8d22548ba5a41d1c3f472 5 0 6.2
62b8d22548ba5a41d1c3f472 5 0 6.6
62b8d22548ba5a41d1c3f472 5 0 6.8
62b8d22548ba5a41d1c3f472 5 0 7.0
62b8c517e0d34b282c18122e 5 0 4.6
62b8c517e0d34b282c18122e 5 0 6.2
62b8c517e0d34b282c18122e 5 0 6.6
62b8c517e0d34b282c18122e 5 0 6.8
62b8c517e0d34b282c18122e 5 0 7.0
62b8bbbfe0d34b282c181210 5 1 4.8
62b8bbbfe0d34b282c181210 5 1 6.6000000000000005
62b8bbbfe0d34b282c181210 5 1 7.199999999999999
62b8bbbfe0d34b282c181210 5 1 7.6
62b8bbbfe0d34b282c181210 5 1 8.0
62b8bbbfe0d34b282c18120f 5 5 5.8
62b8bbbfe0d34b282c18120f 5 5 7.6000000000000005
62b8bbbfe0d34b282c18120f 5 5 8.2
62b8bbbfe0d34b282c18120f 5 5 8.6
62b8bbbfe0d34b282c18120f 5 5 9.0
62b8bbbce0d34b282c18120d 5 0 5.8
62b8bbbce0d34b282c18120d 5 0 7.6000000000000005
62b8bbbce0d34b282c18120d 5 0 8.2
62b8bbbce0d34b282c18120d 5 0 8.6
62b8bbbce0d34b282c18120d 5 0 9.0
62b8b99de0d34b282c1811f8 5 0 5.8
62b8b99de0d34b282c1811f8 5 0 7.6000000000000005
62b8b99de0d34b282c1811f8 5 0 8.2
62b8b99de0d34b282c1811f8 5 0 8.6
62b8b99de0d34b282c1811f8 5 0 9.0
62b8b59feb7e40a82d2d1291 5 0 5.8
62b8b59feb7e40a82d2d1291 5 0 7.6000000000000005
62b8b59feb7e40a82d2d1291 5 0 8.2
62b8b59feb7e40a82d2d1291 5 0 8.6
62b8b59feb7e40a82d2d1291 5 0 9.0
62b8b590eb7e40a82d2d1275 5 0 5.8
62b8b590eb7e40a82d2d1275 5 0 7.6000000000000005
62b8b590eb7e40a82d2d1275 5 0 8.2
62b8b590eb7e40a82d2d1275 5 0 8.6
62b8b590eb7e40a82d2d1275 5 0 9.0
62b8b58deb7e40a82d2d1269 5 0 5.8
62b8b58deb7e40a82d2d1269 5 0 7.6000000000000005
62b8b58deb7e40a82d2d1269 5 0 8.2
62b8b58deb7e40a82d2d1269 5 0 8.6
62b8b58deb7e40a82d2d1269 5 0 9.0
62b8b559eb7e40a82d2d11f8 5 0 5.8
62b8b559eb7e40a82d2d11f8 5 0 7.6000000000000005
62b8b559eb7e40a82d2d11f8 5 0 8.2
62b8b559eb7e40a82d2d11f8 5 0 8.6
62b8b559eb7e40a82d2d11f8 5 0 9.0
62b8b4b9eb7e40a82d2d1134 5 0 5.8
62b8b4b9eb7e40a82d2d1134 5 0 7.6000000000000005
62b8b4b9eb7e40a82d2d1134 5 0 8.2
62b8b4b9eb7e40a82d2d1134 5 0 8.6
62b8b4b9eb7e40a82d2d1134 5 0 9.0
62b8b416eb7e40a82d2d1129 5 0 5.8
62b8b416eb7e40a82d2d1129 5 0 7.6000000000000005
62b8b416eb7e40a82d2d1129 5 0 8.2
62b8b416eb7e40a82d2d1129 5 0 8.6
62b8b416eb7e40a82d2d1129 5 0 9.0
62b8b3d6eb7e40a82d2d111c 5 0 5.8
62b8b3d6eb7e40a82d2d111c 5 0 7.6000000000000005
62b8b3d6eb7e40a82d2d111c 5 0 8.2
62b8b3d6eb7e40a82d2d111c 5 0 8.6
62b8b3d6eb7e40a82d2d111c 5 0 9.0
62b8b3d5eb7e40a82d2d1110 5 0 5.8
62b8b3d5eb7e40a82d2d1110 5 0 7.6000000000000005
62b8b3d5eb7e40a82d2d1110 5 0 8.2
62b8b3d5eb7e40a82d2d1110 5 0 8.6
62b8b3d5eb7e40a82d2d1110 5 0 9.0
62b8b3d4eb7e40a82d2d110f 5 1 6.0
62b8b3d4eb7e40a82d2d110f 5 1 8.0
62b8b3d4eb7e40a82d2d110f 5 1 8.799999999999999
62b8b3d4eb7e40a82d2d110f 5 1 9.4
62b8b3d4eb7e40a82d2d110f 5 1 10.0
62b8b3d4eb7e40a82d2d110e 5 0 6.0
62b8b3d4eb7e40a82d2d110e 5 0 8.0
62b8b3d4eb7e40a82d2d110e 5 0 8.799999999999999
62b8b3d4eb7e40a82d2d110e 5 0 9.4
62b8b3d4eb7e40a82d2d110e 5 0 10.0
62b8b3d4eb7e40a82d2d110d 5 0 6.0
62b8b3d4eb7e40a82d2d110d 5 0 8.0
62b8b3d4eb7e40a82d2d110d 5 0 8.799999999999999
62b8b3d4eb7e40a82d2d110d 5 0 9.4
62b8b3d4eb7e40a82d2d110d 5 0 10.0
62b87b989a0c4fa8b80b35ee 5 0 6.0
62b87b989a0c4fa8b80b35ee 5 0 8.0
62b87b989a0c4fa8b80b35ee 5 0 8.799999999999999
62b87b989a0c4fa8b80b35ee 5 0 9.4
62b87b989a0c4fa8b80b35ee 5 0 10.0
62b87b859a0c4fa8b80b35d7 5 0 6.0
62b87b859a0c4fa8b80b35d7 5 0 8.0
62b87b859a0c4fa8b80b35d7 5 0 8.799999999999999
62b87b859a0c4fa8b80b35d7 5 0 9.4
62b87b859a0c4fa8b80b35d7 5 0 10.0
62b87b839a0c4fa8b80b35cb 5 0 6.0
62b87b839a0c4fa8b80b35cb 5 0 8.0
62b87b839a0c4fa8b80b35cb 5 0 8.799999999999999
62b87b839a0c4fa8b80b35cb 5 0 9.4
62b87b839a0c4fa8b80b35cb 5 0 10.0
62b87b7e9a0c4fa8b80b35bc 5 0 6.0
62b87b7e9a0c4fa8b80b35bc 5 0 8.0
62b87b7e9a0c4fa8b80b35bc 5 0 8.799999999999999
62b87b7e9a0c4fa8b80b35bc 5 0 9.4
62b87b7e9a0c4fa8b80b35bc 5 0 10.0
62b87b4f9a0c4fa8b80b3580 5 0 6.0
62b87b4f9a0c4fa8b80b3580 5 0 8.0
62b87b4f9a0c4fa8b80b3580 5 0 8.799999999999999
62b87b4f9a0c4fa8b80b3580 5 0 9.4
62b87b4f9a0c4fa8b80b3580 5 0 10.0
62b87b199a0c4fa8b80b354e 5 0 6.0
62b87b199a0c4fa8b80b354e 5 0 8.0
62b87b199a0c4fa8b80b354e 5 0 8.799999999999999
62b87b199a0c4fa8b80b354e 5 0 9.4
62b87b199a0c4fa8b80b354e 5 0 10.0
62b87b099a0c4fa8b80b3538 5 5 7.0
62b87b099a0c4fa8b80b3538 5 5 9.0
62b87b099a0c4fa8b80b3538 5 5 9.799999999999999
62b87b099a0c4fa8b80b3538 5 5 10.4
62b87b099a0c4fa8b80b3538 5 5 11.0
62b87af99a0c4fa8b80b3524 5 5 8.0
62b87af99a0c4fa8b80b3524 5 5 10.0
62b87af99a0c4fa8b80b3524 5 5 10.799999999999999
62b87af99a0c4fa8b80b3524 5 5 11.4
62b87af99a0c4fa8b80b3524 5 5 12.0
62b87af69a0c4fa8b80b351a 5 0 8.0
62b87af69a0c4fa8b80b351a 5 0 10.0
62b87af69a0c4fa8b80b351a 5 0 10.799999999999999
62b87af69a0c4fa8b80b351a 5 0 11.4
62b87af69a0c4fa8b80b351a 5 0 12.0
62b87af19a0c4fa8b80b34f7 5 0 8.0
62b87af19a0c4fa8b80b34f7 5 0 10.0
62b87af19a0c4fa8b80b34f7 5 0 10.799999999999999
62b87af19a0c4fa8b80b34f7 5 0 11.4
62b87af19a0c4fa8b80b34f7 5 0 12.0
62b87af09a0c4fa8b80b34f1 5 0 8.0
62b87af09a0c4fa8b80b34f1 5 0 10.0
62b87af09a0c4fa8b80b34f1 5 0 10.799999999999999
62b87af09a0c4fa8b80b34f1 5 0 11.4
62b87af09a0c4fa8b80b34f1 5 0 12.0
62b86aa3b4d922cb0e688d36 5 0 8.0
62b86aa3b4d922cb0e688d36 5 0 10.0
62b86aa3b4d922cb0e688d36 5 0 10.799999999999999
62b86aa3b4d922cb0e688d36 5 0 11.4
62b86aa3b4d922cb0e688d36 5 0 12.0
62b86a9eb4d922cb0e688d25 5 0 8.0
62b86a9eb4d922cb0e688d25 5 0 10.0
62b86a9eb4d922cb0e688d25 5 0 10.799999999999999
62b86a9eb4d922cb0e688d25 5 0 11.4
62b86a9eb4d922cb0e688d25 5 0 12.0
62b86a4fb4d922cb0e688cf8 5 0 8.0
62b86a4fb4d922cb0e688cf8 5 0 10.0
62b86a4fb4d922cb0e688cf8 5 0 10.799999999999999
62b86a4fb4d922cb0e688cf8 5 0 11.4
62b86a4fb4d922cb0e688cf8 5 0 12.0
62b86a4fb4d922cb0e688cf7 5 0 8.0
62b86a4fb4d922cb0e688cf7 5 0 10.0
62b86a4fb4d922cb0e688cf7 5 0 10.799999999999999
62b86a4fb4d922cb0e688cf7 5 0 11.4
62b86a4fb4d922cb0e688cf7 5 0 12.0
62b86a01b4d922cb0e688ccc 5 0 8.0
62b86a01b4d922cb0e688ccc 5 0 10.0
62b86a01b4d922cb0e688ccc 5 0 10.799999999999999
62b86a01b4d922cb0e688ccc 5 0 11.4
62b86a01b4d922cb0e688ccc 5 0 12.0
62b869ebb4d922cb0e688cc6 5 1 8.2
62b869ebb4d922cb0e688cc6 5 1 10.4
62b869ebb4d922cb0e688cc6 5 1 11.399999999999999
62b869ebb4d922cb0e688cc6 5 1 12.200000000000001
62b869ebb4d922cb0e688cc6 5 1 13.0
62b869eab4d922cb0e688cc5 5 0 8.2
62b869eab4d922cb0e688cc5 5 0 10.4
62b869eab4d922cb0e688cc5 5 0 11.399999999999999
62b869eab4d922cb0e688cc5 5 0 12.200000000000001
62b869eab4d922cb0e688cc5 5 0 13.0
62b869eab4d922cb0e688cbf 5 2 8.6
62b869eab4d922cb0e688cbf 5 2 11.1
62b869eab4d922cb0e688cbf 5 2 12.299999999999999
62b869eab4d922cb0e688cbf 5 2 13.200000000000001
62b869eab4d922cb0e688cbf 5 2 14.0
62b43427903eeb48555d3ea5 5 0 8.6
62b43427903eeb48555d3ea5 5 0 11.1
62b43427903eeb48555d3ea5 5 0 12.299999999999999
62b43427903eeb48555d3ea5 5 0 13.200000000000001
62b43427903eeb48555d3ea5 5 0 14.0
62b43428903eeb48555d3eaa 5 0 8.6
62b43428903eeb48555d3eaa 5 0 11.1
62b43428903eeb48555d3eaa 5 0 12.299999999999999
62b43428903eeb48555d3eaa 5 0 13.200000000000001
62b43428903eeb48555d3eaa 5 0 14.0
62b45df05108cfac7f2109ce 5 0 8.6
62b45df05108cfac7f2109ce 5 0 11.1
62b45df05108cfac7f2109ce 5 0 12.299999999999999
62b45df05108cfac7f2109ce 5 0 13.200000000000001
62b45df05108cfac7f2109ce 5 0 14.0
62b45df15108cfac7f2109dc 5 0 8.6
62b45df15108cfac7f2109dc 5 0 11.1
62b45df15108cfac7f2109dc 5 0 12.299999999999999
62b45df15108cfac7f2109dc 5 0 13.200000000000001
62b45df15108cfac7f2109dc 5 0 14.0
62b45df15108cfac7f2109dd 5 0 8.6
62b45df15108cfac7f2109dd 5 0 11.1
62b45df15108cfac7f2109dd 5 0 12.299999999999999
62b45df15108cfac7f2109dd 5 0 13.200000000000001
62b45df15108cfac7f2109dd 5 0 14.0
62b45e135108cfac7f2109f4 5 4 9.4
62b45e135108cfac7f2109f4 5 4 12.1
62b45e135108cfac7f2109f4 5 4 13.299999999999999
62b45e135108cfac7f2109f4 5 4 14.200000000000001
62b45e135108cfac7f2109f4 5 4 15.0
62b45e145108cfac7f210a07 5 0 9.4
62b45e145108cfac7f210a07 5 0 12.1
62b45e145108cfac7f210a07 5 0 13.299999999999999
62b45e145108cfac7f210a07 5 0 14.200000000000001
62b45e145108cfac7f210a07 5 0 15.0
62b45e145108cfac7f210a09 5 0 9.4
62b45e145108cfac7f210a09 5 0 12.1
62b45e145108cfac7f210a09 5 0 13.299999999999999
62b45e145108cfac7f210a09 5 0 14.200000000000001
62b45e145108cfac7f210a09 5 0 15.0
62b45e165108cfac7f210a16 5 0 9.4
62b45e165108cfac7f210a16 5 0 12.1
62b45e165108cfac7f210a16 5 0 13.299999999999999
62b45e165108cfac7f210a16 5 0 14.200000000000001
62b45e165108cfac7f210a16 5 0 15.0
62b45e165108cfac7f210a17 5 0 9.4
62b45e165108cfac7f210a17 5 0 12.1
62b45e165108cfac7f210a17 5 0 13.299999999999999
62b45e165108cfac7f210a17 5 0 14.200000000000001
62b45e165108cfac7f210a17 5 0 15.0
62b45e175108cfac7f210a19 5 0 9.4
62b45e175108cfac7f210a19 5 0 12.1
62b45e175108cfac7f210a19 5 0 13.299999999999999
62b45e175108cfac7f210a19 5 0 14.200000000000001
62b45e175108cfac7f210a19 5 0 15.0
62b463153879012d19481498 5 2 9.8
62b463153879012d19481498 5 2 12.799999999999999
62b463153879012d19481498 5 2 14.2
62b463153879012d19481498 5 2 15.200000000000001
62b463153879012d19481498 5 2 16.0
62b463153879012d1948149a 5 0 9.8
62b463153879012d1948149a 5 0 12.799999999999999
62b463153879012d1948149a 5 0 14.2
62b463153879012d1948149a 5 0 15.200000000000001
62b463153879012d1948149a 5 0 16.0
62b463153879012d1948149b 5 0 9.8
62b463153879012d1948149b 5 0 12.799999999999999
62b463153879012d1948149b 5 0 14.2
62b463153879012d1948149b 5 0 15.200000000000001
62b463153879012d1948149b 5 0 16.0
62b463153879012d1948149c 5 0 9.8
62b463153879012d1948149c 5 0 12.799999999999999
62b463153879012d1948149c 5 0 14.2
62b463153879012d1948149c 5 0 15.200000000000001
62b463153879012d1948149c 5 0 16.0
62b463153879012d1948149d 5 0 9.8
62b463153879012d1948149d 5 0 12.799999999999999
62b463153879012d1948149d 5 0 14.2
62b463153879012d1948149d 5 0 15.200000000000001
62b463153879012d1948149d 5 0 16.0
62b463153879012d1948149f 5 0 9.8
62b463153879012d1948149f 5 0 12.799999999999999
62b463153879012d1948149f 5 0 14.2
62b463153879012d1948149f 5 0 15.200000000000001
62b463153879012d1948149f 5 0 16.0
62b463153879012d194814a1 5 0 9.8
62b463153879012d194814a1 5 0 12.799999999999999
62b463153879012d194814a1 5 0 14.2
62b463153879012d194814a1 5 0 15.200000000000001
62b463153879012d194814a1 5 0 16.0
62b463163879012d194814a2 5 0 9.8
62b463163879012d194814a2 5 0 12.799999999999999
62b463163879012d194814a2 5 0 14.2
62b463163879012d194814a2 5 0 15.200000000000001
62b463163879012d194814a2 5 0 16.0
62b463163879012d194814a4 5 0 9.8
62b463163879012d194814a4 5 0 12.799999999999999
62b463163879012d194814a4 5 0 14.2
62b463163879012d194814a4 5 0 15.200000000000001
62b463163879012d194814a4 5 0 16.0
62b463163879012d194814a6 5 3 10.4
62b463163879012d194814a6 5 3 13.7
62b463163879012d194814a6 5 3 15.2
62b463163879012d194814a6 5 3 16.200000000000003
62b463163879012d194814a6 5 3 17.0
62b4631b3879012d194814dd 5 0 10.4
62b4631b3879012d194814dd 5 0 13.7
62b4631b3879012d194814dd 5 0 15.2
62b4631b3879012d194814dd 5 0 16.200000000000003
62b4631b3879012d194814dd 5 0 17.0
62b463283879012d1948153d 5 4 11.200000000000001
62b463283879012d1948153d 5 4 14.7
62b463283879012d1948153d 5 4 16.2
62b463283879012d1948153d 5 4 17.200000000000003
62b463283879012d1948153d 5 4 18.0
62b463303879012d19481579 5 0 11.200000000000001
62b463303879012d19481579 5 0 14.7
62b463303879012d19481579 5 0 16.2
62b463303879012d19481579 5 0 17.200000000000003
62b463303879012d19481579 5 0 18.0
62b46740d2f69a53b466171a 5 1 11.4
62b46740d2f69a53b466171a 5 1 15.1
62b46740d2f69a53b466171a 5 1 16.8
62b46740d2f69a53b466171a 5 1 18.000000000000004
62b46740d2f69a53b466171a 5 1 19.0
62b46746d2f69a53b4661722 5 0 11.4
62b46746d2f69a53b4661722 5 0 15.1
62b46746d2f69a53b4661722 5 0 16.8
62b46746d2f69a53b4661722 5 0 18.000000000000004
62b46746d2f69a53b4661722 5 0 19.0
62b86707b4d922cb0e688c2a 5 0 11.4
62b86707b4d922cb0e688c2a 5 0 15.1
62b86707b4d922cb0e688c2a 5 0 16.8
62b86707b4d922cb0e688c2a 5 0 18.000000000000004
62b86707b4d922cb0e688c2a 5 0 19.0
62b86729b4d922cb0e688c2f 5 0 11.4
62b86729b4d922cb0e688c2f 5 0 15.1
62b86729b4d922cb0e688c2f 5 0 16.8
62b86729b4d922cb0e688c2f 5 0 18.000000000000004
62b86729b4d922cb0e688c2f 5 0 19.0
62b8a4a4755ee91dce50a3d2 5 0 11.4
62b8a4a4755ee91dce50a3d2 5 0 15.1
62b8a4a4755ee91dce50a3d2 5 0 16.8
62b8a4a4755ee91dce50a3d2 5 0 18.000000000000004
62b8a4a4755ee91dce50a3d2 5 0 19.0
62b8982f755ee91dce50a241 5 5 12.4
62b8982f755ee91dce50a241 5 5 16.1
62b8982f755ee91dce50a241 5 5 17.8
62b8982f755ee91dce50a241 5 5 19.000000000000004
62b8982f755ee91dce50a241 5 5 20.0
62b89640755ee91dce50a114 5 1 12.6
62b89640755ee91dce50a114 5 1 16.5
62b89640755ee91dce50a114 5 1 18.400000000000002
62b89640755ee91dce50a114 5 1 19.800000000000004
62b89640755ee91dce50a114 5 1 21.0
62b87d24d292efb640a55670 5 0 12.6
62b87d24d292efb640a55670 5 0 16.5
62b87d24d292efb640a55670 5 0 18.400000000000002
62b87d24d292efb640a55670 5 0 19.800000000000004
62b87d24d292efb640a55670 5 0 21.0
62b87d24d292efb640a5566f 5 0 12.6
62b87d24d292efb640a5566f 5 0 16.5
62b87d24d292efb640a5566f 5 0 18.400000000000002
62b87d24d292efb640a5566f 5 0 19.800000000000004
62b87d24d292efb640a5566f 5 0 21.0
62b87d24d292efb640a5566d 5 0 12.6
62b87d24d292efb640a5566d 5 0 16.5
62b87d24d292efb640a5566d 5 0 18.400000000000002
62b87d24d292efb640a5566d 5 0 19.800000000000004
62b87d24d292efb640a5566d 5 0 21.0
62b87d23d292efb640a5566b 5 0 12.6
62b87d23d292efb640a5566b 5 0 16.5
62b87d23d292efb640a5566b 5 0 18.400000000000002
62b87d23d292efb640a5566b 5 0 19.800000000000004
62b87d23d292efb640a5566b 5 0 21.0
62b87d23d292efb640a55668 5 0 12.6
62b87d23d292efb640a55668 5 0 16.5
62b87d23d292efb640a55668 5 0 18.400000000000002
62b87d23d292efb640a55668 5 0 19.800000000000004
62b87d23d292efb640a55668 5 0 21.0
62b87d23d292efb640a55667 5 0 12.6
62b87d23d292efb640a55667 5 0 16.5
62b87d23d292efb640a55667 5 0 18.400000000000002
62b87d23d292efb640a55667 5 0 19.800000000000004
62b87d23d292efb640a55667 5 0 21.0
62b45e945108cfac7f210a4a 5 0 12.6
62b45e945108cfac7f210a4a 5 0 16.5
62b45e945108cfac7f210a4a 5 0 18.400000000000002
62b45e945108cfac7f210a4a 5 0 19.800000000000004
62b45e945108cfac7f210a4a 5 0 21.0
62b45e515108cfac7f210a3c 5 0 12.6
62b45e515108cfac7f210a3c 5 0 16.5
62b45e515108cfac7f210a3c 5 0 18.400000000000002
62b45e515108cfac7f210a3c 5 0 19.800000000000004
62b45e515108cfac7f210a3c 5 0 21.0
62b45e2eb89c9fd354170232 5 0 12.6
62b45e2eb89c9fd354170232 5 0 16.5
62b45e2eb89c9fd354170232 5 0 18.400000000000002
62b45e2eb89c9fd354170232 5 0 19.800000000000004
62b45e2eb89c9fd354170232 5 0 21.0
62b45e23e0d4551b0392c90a 5 0 12.6
62b45e23e0d4551b0392c90a 5 0 16.5
62b45e23e0d4551b0392c90a 5 0 18.400000000000002
62b45e23e0d4551b0392c90a 5 0 19.800000000000004
62b45e23e0d4551b0392c90a 5 0 21.0
62b45e21e0d4551b0392c8ed 5 0 12.6
62b45e21e0d4551b0392c8ed 5 0 16.5
62b45e21e0d4551b0392c8ed 5 0 18.400000000000002
62b45e21e0d4551b0392c8ed 5 0 19.800000000000004
62b45e21e0d4551b0392c8ed 5 0 21.0
62b45b396decaeff903e1001 5 0 12.6
62b45b396decaeff903e1001 5 0 16.5
62b45b396decaeff903e1001 5 0 18.400000000000002
62b45b396decaeff903e1001 5 0 19.800000000000004
62b45b396decaeff903e1001 5 0 21.0
62b4567ed7d32e5b55cc83d9 5 0 12.6
62b4567ed7d32e5b55cc83d9 5 0 16.5
62b4567ed7d32e5b55cc83d9 5 0 18.400000000000002
62b4567ed7d32e5b55cc83d9 5 0 19.800000000000004
62b4567ed7d32e5b55cc83d9 5 0 21.0
62b4567ad7d32e5b55cc83af 5 0 12.6
62b4567ad7d32e5b55cc83af 5 0 16.5
62b4567ad7d32e5b55cc83af 5 0 18.400000000000002
62b4567ad7d32e5b55cc83af 5 0 19.800000000000004
62b4567ad7d32e5b55cc83af 5 0 21.0
62b45679d7d32e5b55cc83a9 5 0 12.6
62b45679d7d32e5b55cc83a9 5 0 16.5
62b45679d7d32e5b55cc83a9 5 0 18.400000000000002
62b45679d7d32e5b55cc83a9 5 0 19.800000000000004
62b45679d7d32e5b55cc83a9 5 0 21.0
62b45665d7d32e5b55cc8365 5 0 12.6
62b45665d7d32e5b55cc8365 5 0 16.5
62b45665d7d32e5b55cc8365 5 0 18.400000000000002
62b45665d7d32e5b55cc8365 5 0 19.800000000000004
62b45665d7d32e5b55cc8365 5 0 21.0
62b45665d7d32e5b55cc8364 5 0 12.6
62b45665d7d32e5b55cc8364 5 0 16.5
62b45665d7d32e5b55cc8364 5 0 18.400000000000002
62b45665d7d32e5b55cc8364 5 0 19.800000000000004
62b45665d7d32e5b55cc8364 5 0 21.0
62b45665d7d32e5b55cc8363 5 0 12.6
62b45665d7d32e5b55cc8363 5 0 16.5
62b45665d7d32e5b55cc8363 5 0 18.400000000000002
62b45665d7d32e5b55cc8363 5 0 19.800000000000004
62b45665d7d32e5b55cc8363 5 0 21.0
62b438ba66fea644fe22cca2 5 0 12.6
62b438ba66fea644fe22cca2 5 0 16.5
62b438ba66fea644fe22cca2 5 0 18.400000000000002
62b438ba66fea644fe22cca2 5 0 19.800000000000004
62b438ba66fea644fe22cca2 5 0 21.0
62b438b666fea644fe22cc78 5 0 12.6
62b438b666fea644fe22cc78 5 0 16.5
62b438b666fea644fe22cc78 5 0 18.400000000000002
62b438b666fea644fe22cc78 5 0 19.800000000000004
62b438b666fea644fe22cc78 5 0 21.0
62b438b666fea644fe22cc72 5 0 12.6
62b438b666fea644fe22cc72 5 0 16.5
62b438b666fea644fe22cc72 5 0 18.400000000000002
62b438b666fea644fe22cc72 5 0 19.800000000000004
62b438b666fea644fe22cc72 5 0 21.0
62b438b566fea644fe22cc70 5 0 12.6
62b438b566fea644fe22cc70 5 0 16.5
62b438b566fea644fe22cc70 5 0 18.400000000000002
62b438b566fea644fe22cc70 5 0 19.800000000000004
62b438b566fea644fe22cc70 5 0 21.0
62b438a266fea644fe22cc2e 5 0 12.6
62b438a266fea644fe22cc2e 5 0 16.5
62b438a266fea644fe22cc2e 5 0 18.400000000000002
62b438a266fea644fe22cc2e 5 0 19.800000000000004
62b438a266fea644fe22cc2e 5 0 21.0
62b438a266fea644fe22cc2d 5 0 12.6
62b438a266fea644fe22cc2d 5 0 16.5
62b438a266fea644fe22cc2d 5 0 18.400000000000002
62b438a266fea644fe22cc2d 5 0 19.800000000000004
62b438a266fea644fe22cc2d 5 0 21.0
62b438a266fea644fe22cc2c 5 1 12.799999999999999
62b438a266fea644fe22cc2c 5 1 16.9
62b438a266fea644fe22cc2c 5 1 19.000000000000004
62b438a266fea644fe22cc2c 5 1 20.600000000000005
62b438a266fea644fe22cc2c 5 1 22.0
62ece4982e6aefcf4aabbd5f 5 4 13.6
62ece4982e6aefcf4aabbd5f 5 4 17.9
62ece4982e6aefcf4aabbd5f 5 4 20.000000000000004
62ece4982e6aefcf4aabbd5f 5 4 21.600000000000005
62ece4982e6aefcf4aabbd5f 5 4 23.0
62ece4982e6aefcf4aabbd60 5 0 13.6
62ece4982e6aefcf4aabbd60 5 0 17.9
62ece4982e6aefcf4aabbd60 5 0 20.000000000000004
62ece4982e6aefcf4aabbd60 5 0 21.600000000000005
62ece4982e6aefcf4aabbd60 5 0 23.0
62ece4982e6aefcf4aabbd61 5 4 14.4
62ece4982e6aefcf4aabbd61 5 4 18.9
62ece4982e6aefcf4aabbd61 5 4 21.000000000000004
62ece4982e6aefcf4aabbd61 5 4 22.600000000000005
62ece4982e6aefcf4aabbd61 5 4 24.0
62ece4982e6aefcf4aabbd62 5 0 14.4
62ece4982e6aefcf4aabbd62 5 0 18.9
62ece4982e6aefcf4aabbd62 5 0 21.000000000000004
62ece4982e6aefcf4aabbd62 5 0 22.600000000000005
62ece4982e6aefcf4aabbd62 5 0 24.0
62ece4982e6aefcf4aabbd63 5 0 14.4
62ece4982e6aefcf4aabbd63 5 0 18.9
62ece4982e6aefcf4aabbd63 5 0 21.000000000000004
62ece4982e6aefcf4aabbd63 5 0 22.600000000000005
62ece4982e6aefcf4aabbd63 5 0 24.0
62ece4982e6aefcf4aabbd65 5 0 14.4
62ece4982e6aefcf4aabbd65 5 0 18.9
62ece4982e6aefcf4aabbd65 5 0 21.000000000000004
62ece4982e6aefcf4aabbd65 5 0 22.600000000000005
62ece4982e6aefcf4aabbd65 5 0 24.0
62ece4982e6aefcf4aabbd66 5 0 14.4
62ece4982e6aefcf4aabbd66 5 0 18.9
62ece4982e6aefcf4aabbd66 5 0 21.000000000000004
62ece4982e6aefcf4aabbd66 5 0 22.600000000000005
62ece4982e6aefcf4aabbd66 5 0 24.0
62ece4982e6aefcf4aabbd67 5 0 14.4
62ece4982e6aefcf4aabbd67 5 0 18.9
62ece4982e6aefcf4aabbd67 5 0 21.000000000000004
62ece4982e6aefcf4aabbd67 5 0 22.600000000000005
62ece4982e6aefcf4aabbd67 5 0 24.0
62ece4982e6aefcf4aabbd68 5 0 14.4
62ece4982e6aefcf4aabbd68 5 0 18.9
62ece4982e6aefcf4aabbd68 5 0 21.000000000000004
62ece4982e6aefcf4aabbd68 5 0 22.600000000000005
62ece4982e6aefcf4aabbd68 5 0 24.0
62ece4982e6aefcf4aabbd69 5 0 14.4
62ece4982e6aefcf4aabbd69 5 0 18.9
62ece4982e6aefcf4aabbd69 5 0 21.000000000000004
62ece4982e6aefcf4aabbd69 5 0 22.600000000000005
62ece4982e6aefcf4aabbd69 5 0 24.0
62ece4982e6aefcf4aabbd6a 5 4 15.200000000000001
62ece4982e6aefcf4aabbd6a 5 4 19.9
62ece4982e6aefcf4aabbd6a 5 4 22.000000000000004
62ece4982e6aefcf4aabbd6a 5 4 23.600000000000005
62ece4982e6aefcf4aabbd6a 5 4 25.0
62ece4982e6aefcf4aabbd6b 5 1 15.4
62ece4982e6aefcf4aabbd6b 5 1 20.299999999999997
62ece4982e6aefcf4aabbd6b 5 1 22.600000000000005
62ece4982e6aefcf4aabbd6b 5 1 24.400000000000006
62ece4982e6aefcf4aabbd6b 5 1 26.0
62ece4982e6aefcf4aabbd6d 5 0 15.4
62ece4982e6aefcf4aabbd6d 5 0 20.299999999999997
62ece4982e6aefcf4aabbd6d 5 0 22.600000000000005
62ece4982e6aefcf4aabbd6d 5 0 24.400000000000006
62ece4982e6aefcf4aabbd6d 5 0 26.0
62ece4982e6aefcf4aabbd6f 5 0 15.4
62ece4982e6aefcf4aabbd6f 5 0 20.299999999999997
62ece4982e6aefcf4aabbd6f 5 0 22.600000000000005
62ece4982e6aefcf4aabbd6f 5 0 24.400000000000006
62ece4982e6aefcf4aabbd6f 5 0 26.0
62ece4982e6aefcf4aabbd70 5 3 16.0
62ece4982e6aefcf4aabbd70 5 3 21.199999999999996
62ece4982e6aefcf4aabbd70 5 3 23.600000000000005
62ece4982e6aefcf4aabbd70 5 3 25.400000000000006
62ece4982e6aefcf4aabbd70 5 3 27.0
62ece4982e6aefcf4aabbd71 5 0 16.0
62ece4982e6aefcf4aabbd71 5 0 21.199999999999996
62ece4982e6aefcf4aabbd71 5 0 23.600000000000005
62ece4982e6aefcf4aabbd71 5 0 25.400000000000006
62ece4982e6aefcf4aabbd71 5 0 27.0
62ece4982e6aefcf4aabbd72 5 0 16.0
62ece4982e6aefcf4aabbd72 5 0 21.199999999999996
62ece4982e6aefcf4aabbd72 5 0 23.600000000000005
62ece4982e6aefcf4aabbd72 5 0 25.400000000000006
62ece4982e6aefcf4aabbd72 5 0 27.0
62ece4982e6aefcf4aabbd73 5 0 16.0
62ece4982e6aefcf4aabbd73 5 0 21.199999999999996
62ece4982e6aefcf4aabbd73 5 0 23.600000000000005
62ece4982e6aefcf4aabbd73 5 0 25.400000000000006
62ece4982e6aefcf4aabbd73 5 0 27.0
62ece4982e6aefcf4aabbd74 5 0 16.0
62ece4982e6aefcf4aabbd74 5 0 21.199999999999996
62ece4982e6aefcf4aabbd74 5 0 23.600000000000005
62ece4982e6aefcf4aabbd74 5 0 25.400000000000006
62ece4982e6aefcf4aabbd74 5 0 27.0
62ece4982e6aefcf4aabbd75 5 0 16.0
62ece4982e6aefcf4aabbd75 5 0 21.199999999999996
62ece4982e6aefcf4aabbd75 5 0 23.600000000000005
62ece4982e6aefcf4aabbd75 5 0 25.400000000000006
62ece4982e6aefcf4aabbd75 5 0 27.0
62ece4982e6aefcf4aabbd76 5 0 16.0
62ece4982e6aefcf4aabbd76 5 0 21.199999999999996
62ece4982e6aefcf4aabbd76 5 0 23.600000000000005
62ece4982e6aefcf4aabbd76 5 0 25.400000000000006
62ece4982e6aefcf4aabbd76 5 0 27.0
62ece4982e6aefcf4aabbd77 5 0 16.0
62ece4982e6aefcf4aabbd77 5 0 21.199999999999996
62ece4982e6aefcf4aabbd77 5 0 23.600000000000005
62ece4982e6aefcf4aabbd77 5 0 25.400000000000006
62ece4982e6aefcf4aabbd77 5 0 27.0
62ece4992e6aefcf4aabbd78 5 0 16.0
62ece4992e6aefcf4aabbd78 5 0 21.199999999999996
62ece4992e6aefcf4aabbd78 5 0 23.600000000000005
62ece4992e6aefcf4aabbd78 5 0 25.400000000000006
62ece4992e6aefcf4aabbd78 5 0 27.0
62ece4992e6aefcf4aabbd79 5 0 16.0
62ece4992e6aefcf4aabbd79 5 0 21.199999999999996
62ece4992e6aefcf4aabbd79 5 0 23.600000000000005
62ece4992e6aefcf4aabbd79 5 0 25.400000000000006
62ece4992e6aefcf4aabbd79 5 0 27.0
62ece4992e6aefcf4aabbd7a 5 4 16.8
62ece4992e6aefcf4aabbd7a 5 4 22.199999999999996
62ece4992e6aefcf4aabbd7a 5 4 24.600000000000005
62ece4992e6aefcf4aabbd7a 5 4 26.400000000000006
62ece4992e6aefcf4aabbd7a 5 4 28.0
62ece4992e6aefcf4aabbd7b 5 0 16.8
62ece4992e6aefcf4aabbd7b 5 0 22.199999999999996
62ece4992e6aefcf4aabbd7b 5 0 24.600000000000005
62ece4992e6aefcf4aabbd7b 5 0 26.400000000000006
62ece4992e6aefcf4aabbd7b 5 0 28.0
62ece4992e6aefcf4aabbd7c 5 0 16.8
62ece4992e6aefcf4aabbd7c 5 0 22.199999999999996
62ece4992e6aefcf4aabbd7c 5 0 24.600000000000005
62ece4992e6aefcf4aabbd7c 5 0 26.400000000000006
62ece4992e6aefcf4aabbd7c 5 0 28.0
62ece4992e6aefcf4aabbd7d 5 4 17.6
62ece4992e6aefcf4aabbd7d 5 4 23.199999999999996
62ece4992e6aefcf4aabbd7d 5 4 25.600000000000005
62ece4992e6aefcf4aabbd7d 5 4 27.400000000000006
62ece4992e6aefcf4aabbd7d 5 4 29.0
62ece4992e6aefcf4aabbd7e 5 0 17.6
62ece4992e6aefcf4aabbd7e 5 0 23.199999999999996
62ece4992e6aefcf4aabbd7e 5 0 25.600000000000005
62ece4992e6aefcf4aabbd7e 5 0 27.400000000000006
62ece4992e6aefcf4aabbd7e 5 0 29.0
62ece4992e6aefcf4aabbd7f 5 0 17.6
62ece4992e6aefcf4aabbd7f 5 0 23.199999999999996
62ece4992e6aefcf4aabbd7f 5 0 25.600000000000005
62ece4992e6aefcf4aabbd7f 5 0 27.400000000000006
62ece4992e6aefcf4aabbd7f 5 0 29.0
62ece4992e6aefcf4aabbd80 5 4 18.400000000000002
62ece4992e6aefcf4aabbd80 5 4 24.199999999999996
62ece4992e6aefcf4aabbd80 5 4 26.600000000000005
62ece4992e6aefcf4aabbd80 5 4 28.400000000000006
62ece4992e6aefcf4aabbd80 5 4 30.0
62ece4992e6aefcf4aabbd82 5 2 18.8
62ece4992e6aefcf4aabbd82 5 2 24.899999999999995
62ece4992e6aefcf4aabbd82 5 2 27.500000000000004
62ece4992e6aefcf4aabbd82 5 2 29.400000000000006
62ece4992e6aefcf4aabbd82 5 2 31.0
62ece4992e6aefcf4aabbd83 5 0 18.8
62ece4992e6aefcf4aabbd83 5 0 24.899999999999995
62ece4992e6aefcf4aabbd83 5 0 27.500000000000004
62ece4992e6aefcf4aabbd83 5 0 29.400000000000006
62ece4992e6aefcf4aabbd83 5 0 31.0
62ece4992e6aefcf4aabbd84 5 3 19.400000000000002
62ece4992e6aefcf4aabbd84 5 3 25.799999999999994
62ece4992e6aefcf4aabbd84 5 3 28.500000000000004
62ece4992e6aefcf4aabbd84 5 3 30.400000000000006
62ece4992e6aefcf4aabbd84 5 3 32.0
62ece4992e6aefcf4aabbd85 5 2 19.8
62ece4992e6aefcf4aabbd85 5 2 26.499999999999993
62ece4992e6aefcf4aabbd85 5 2 29.400000000000002
62ece4992e6aefcf4aabbd85 5 2 31.400000000000006
62ece4992e6aefcf4aabbd85 5 2 33.0
62ece4992e6aefcf4aabbd86 5 0 19.8
62ece4992e6aefcf4aabbd86 5 0 26.499999999999993
62ece4992e6aefcf4aabbd86 5 0 29.400000000000002
62ece4992e6aefcf4aabbd86 5 0 31.400000000000006
62ece4992e6aefcf4aabbd86 5 0 33.0
62ece4992e6aefcf4aabbd87 5 0 19.8
62ece4992e6aefcf4aabbd87 5 0 26.499999999999993
62ece4992e6aefcf4aabbd87 5 0 29.400000000000002
62ece4992e6aefcf4aabbd87 5 0 31.400000000000006
62ece4992e6aefcf4aabbd87 5 0 33.0
62ece4992e6aefcf4aabbd88 5 1 20.0
62ece4992e6aefcf4aabbd88 5 1 26.89999999999999
62ece4992e6aefcf4aabbd88 5 1 30.000000000000004
62ece4992e6aefcf4aabbd88 5 1 32.2
62ece4992e6aefcf4aabbd88 5 1 34.0
62ece4992e6aefcf4aabbd89 5 3 20.6
62ece4992e6aefcf4aabbd89 5 3 27.79999999999999
62ece4992e6aefcf4aabbd89 5 3 31.000000000000004
62ece4992e6aefcf4aabbd89 5 3 33.2
62ece4992e6aefcf4aabbd89 5 3 35.0
62ece4992e6aefcf4aabbd8a 5 0 20.6
62ece4992e6aefcf4aabbd8a 5 0 27.79999999999999
62ece4992e6aefcf4aabbd8a 5 0 31.000000000000004
62ece4992e6aefcf4aabbd8a 5 0 33.2
62ece4992e6aefcf4aabbd8a 5 0 35.0
62ece4992e6aefcf4aabbd8b 5 0 20.6
62ece4992e6aefcf4aabbd8b 5 0 27.79999999999999
62ece4992e6aefcf4aabbd8b 5 0 31.000000000000004
62ece4992e6aefcf4aabbd8b 5 0 33.2
62ece4992e6aefcf4aabbd8b 5 0 35.0
62e60723d76274f8a4026b76 5 0 20.6
62e60723d76274f8a4026b76 5 0 27.79999999999999
62e60723d76274f8a4026b76 5 0 31.000000000000004
62e60723d76274f8a4026b76 5 0 33.2
62e60723d76274f8a4026b76 5 0 35.0
62e60873d76274f8a4026bd8 5 0 20.6
62e60873d76274f8a4026bd8 5 0 27.79999999999999
62e60873d76274f8a4026bd8 5 0 31.000000000000004
62e60873d76274f8a4026bd8 5 0 33.2
62e60873d76274f8a4026bd8 5 0 35.0
62e60e3bd76274f8a4026d1a 5 0 20.6
62e60e3bd76274f8a4026d1a 5 0 27.79999999999999
62e60e3bd76274f8a4026d1a 5 0 31.000000000000004
62e60e3bd76274f8a4026d1a 5 0 33.2
62e60e3bd76274f8a4026d1a 5 0 35.0
62b87b199a0c4fa8b80b354c 5 0 20.6
62b87b199a0c4fa8b80b354c 5 0 27.79999999999999
62b87b199a0c4fa8b80b354c 5 0 31.000000000000004
62b87b199a0c4fa8b80b354c 5 0 33.2
62b87b199a0c4fa8b80b354c 5 0 35.0
62b87b4f9a0c4fa8b80b3581 5 0 20.6
62b87b4f9a0c4fa8b80b3581 5 0 27.79999999999999
62b87b4f9a0c4fa8b80b3581 5 0 31.000000000000004
62b87b4f9a0c4fa8b80b3581 5 0 33.2
62b87b4f9a0c4fa8b80b3581 5 0 35.0
62b87b519a0c4fa8b80b3583 5 0 20.6
62b87b519a0c4fa8b80b3583 5 0 27.79999999999999
62b87b519a0c4fa8b80b3583 5 0 31.000000000000004
62b87b519a0c4fa8b80b3583 5 0 33.2
62b87b519a0c4fa8b80b3583 5 0 35.0
62b87b869a0c4fa8b80b35e1 5 0 20.6
62b87b869a0c4fa8b80b35e1 5 0 27.79999999999999
62b87b869a0c4fa8b80b35e1 5 0 31.000000000000004
62b87b869a0c4fa8b80b35e1 5 0 33.2
62b87b869a0c4fa8b80b35e1 5 0 35.0
62b8b4baeb7e40a82d2d1136 5 5 21.6
62b8b4baeb7e40a82d2d1136 5 5 28.79999999999999
62b8b4baeb7e40a82d2d1136 5 5 32.0
62b8b4baeb7e40a82d2d1136 5 5 34.2
62b8b4baeb7e40a82d2d1136 5 5 36.0
62b8b4baeb7e40a82d2d1137 5 2 22.0
62b8b4baeb7e40a82d2d1137 5 2 29.49999999999999
62b8b4baeb7e40a82d2d1137 5 2 32.9
62b8b4baeb7e40a82d2d1137 5 2 35.2
62b8b4baeb7e40a82d2d1137 5 2 37.0
62b8b4c1eb7e40a82d2d1139 5 5 23.0
62b8b4c1eb7e40a82d2d1139 5 5 30.49999999999999
62b8b4c1eb7e40a82d2d1139 5 5 33.9
62b8b4c1eb7e40a82d2d1139 5 5 36.2
62b8b4c1eb7e40a82d2d1139 5 5 38.0
62b8b559eb7e40a82d2d11f6 5 1 23.2
62b8b559eb7e40a82d2d11f6 5 1 30.899999999999988
62b8b559eb7e40a82d2d11f6 5 1 34.5
62b8b559eb7e40a82d2d11f6 5 1 37.0
62b8b559eb7e40a82d2d11f6 5 1 39.0
62b8d22a48ba5a41d1c3f47d 5 0 23.2
62b8d22a48ba5a41d1c3f47d 5 0 30.899999999999988
62b8d22a48ba5a41d1c3f47d 5 0 34.5
62b8d22a48ba5a41d1c3f47d 5 0 37.0
62b8d22a48ba5a41d1c3f47d 5 0 39.0
62b8d23748ba5a41d1c3f497 5 1 23.4
62b8d23748ba5a41d1c3f497 5 1 31.299999999999986
62b8d23748ba5a41d1c3f497 5 1 35.1
62b8d23748ba5a41d1c3f497 5 1 37.8
62b8d23748ba5a41d1c3f497 5 1 40.0
62b8d23a48ba5a41d1c3f499 5 0 23.4
62b8d23a48ba5a41d1c3f499 5 0 31.299999999999986
62b8d23a48ba5a41d1c3f499 5 0 35.1
62b8d23a48ba5a41d1c3f499 5 0 37.8
62b8d23a48ba5a41d1c3f499 5 0 40.0
62b8d23c48ba5a41d1c3f49b 5 0 23.4
62b8d23c48ba5a41d1c3f49b 5 0 31.299999999999986
62b8d23c48ba5a41d1c3f49b 5 0 35.1
62b8d23c48ba5a41d1c3f49b 5 0 37.8
62b8d23c48ba5a41d1c3f49b 5 0 40.0
62b8d23e48ba5a41d1c3f49e 5 4 24.2
62b8d23e48ba5a41d1c3f49e 5 4 32.29999999999998
62b8d23e48ba5a41d1c3f49e 5 4 36.1
62b8d23e48ba5a41d1c3f49e 5 4 38.8
62b8d23e48ba5a41d1c3f49e 5 4 41.0
62b43425903eeb48555d3ea1 5 0 24.2
62b43425903eeb48555d3ea1 5 0 32.29999999999998
62b43425903eeb48555d3ea1 5 0 36.1
62b43425903eeb48555d3ea1 5 0 38.8
62b43425903eeb48555d3ea1 5 0 41.0
62b43426903eeb48555d3ea2 5 0 24.2
62b43426903eeb48555d3ea2 5 0 32.29999999999998
62b43426903eeb48555d3ea2 5 0 36.1
62b43426903eeb48555d3ea2 5 0 38.8
62b43426903eeb48555d3ea2 5 0 41.0
62b8966c755ee91dce50a154 5 0 24.2
62b8966c755ee91dce50a154 5 0 32.29999999999998
62b8966c755ee91dce50a154 5 0 36.1
62b8966c755ee91dce50a154 5 0 38.8
62b8966c755ee91dce50a154 5 0 41.0
62b896de755ee91dce50a183 5 0 24.2
62b896de755ee91dce50a183 5 0 32.29999999999998
62b896de755ee91dce50a183 5 0 36.1
62b896de755ee91dce50a183 5 0 38.8
62b896de755ee91dce50a183 5 0 41.0
62b8a4a4755ee91dce50a3d3 5 2 24.599999999999998
62b8a4a4755ee91dce50a3d3 5 2 32.999999999999986
62b8a4a4755ee91dce50a3d3 5 2 37.0
62b8a4a4755ee91dce50a3d3 5 2 39.8
62b8a4a4755ee91dce50a3d3 5 2 42.0
62b8a7b2755ee91dce50a4a7 5 2 24.999999999999996
62b8a7b2755ee91dce50a4a7 5 2 33.69999999999999
62b8a7b2755ee91dce50a4a7 5 2 37.9
62b8a7b2755ee91dce50a4a7 5 2 40.8
62b8a7b2755ee91dce50a4a7 5 2 43.0
6305f9991d275c6667163c50 5 5 25.999999999999996
6305f9991d275c6667163c50 5 5 34.69999999999999
6305f9991d275c6667163c50 5 5 38.9
6305f9991d275c6667163c50 5 5 41.8
6305f9991d275c6667163c50 5 5 44.0
6306292052e177c0ba469f09 5 0 25.999999999999996
6306292052e177c0ba469f09 5 0 34.69999999999999
6306292052e177c0ba469f09 5 0 38.9
6306292052e177c0ba469f09 5 0 41.8
6306292052e177c0ba469f09 5 0 44.0
6306292152e177c0ba469f0d 5 0 25.999999999999996
6306292152e177c0ba469f0d 5 0 34.69999999999999
6306292152e177c0ba469f0d 5 0 38.9
6306292152e177c0ba469f0d 5 0 41.8
6306292152e177c0ba469f0d 5 0 44.0
6306292252e177c0ba469f11 5 5 26.999999999999996
6306292252e177c0ba469f11 5 5 35.69999999999999
6306292252e177c0ba469f11 5 5 39.9
6306292252e177c0ba469f11 5 5 42.8
6306292252e177c0ba469f11 5 5 45.0
6306292352e177c0ba469f1d 5 0 26.999999999999996
6306292352e177c0ba469f1d 5 0 35.69999999999999
6306292352e177c0ba469f1d 5 0 39.9
6306292352e177c0ba469f1d 5 0 42.8
6306292352e177c0ba469f1d 5 0 45.0
6306292352e177c0ba469f1e 5 0 26.999999999999996
6306292352e177c0ba469f1e 5 0 35.69999999999999
6306292352e177c0ba469f1e 5 0 39.9
6306292352e177c0ba469f1e 5 0 42.8
6306292352e177c0ba469f1e 5 0 45.0
6306292652e177c0ba469f34 5 1 27.199999999999996
6306292652e177c0ba469f34 5 1 36.09999999999999
6306292652e177c0ba469f34 5 1 40.5
6306292652e177c0ba469f34 5 1 43.599999999999994
6306292652e177c0ba469f34 5 1 46.0
6306292a52e177c0ba469f41 5 0 27.199999999999996
6306292a52e177c0ba469f41 5 0 36.09999999999999
6306292a52e177c0ba469f41 5 0 40.5
6306292a52e177c0ba469f41 5 0 43.599999999999994
6306292a52e177c0ba469f41 5 0 46.0
6306298b52e177c0ba469fdc 5 0 27.199999999999996
6306298b52e177c0ba469fdc 5 0 36.09999999999999
6306298b52e177c0ba469fdc 5 0 40.5
6306298b52e177c0ba469fdc 5 0 43.599999999999994
6306298b52e177c0ba469fdc 5 0 46.0
6306299052e177c0ba469fe8 5 0 27.199999999999996
6306299052e177c0ba469fe8 5 0 36.09999999999999
6306299052e177c0ba469fe8 5 0 40.5
6306299052e177c0ba469fe8 5 0 43.599999999999994
6306299052e177c0ba469fe8 5 0 46.0
630629b952e177c0ba46a043 5 0 27.199999999999996
630629b952e177c0ba46a043 5 0 36.09999999999999
630629b952e177c0ba46a043 5 0 40.5
630629b952e177c0ba46a043 5 0 43.599999999999994
630629b952e177c0ba46a043 5 0 46.0
630629d052e177c0ba46a0a1 5 0 27.199999999999996
630629d052e177c0ba46a0a1 5 0 36.09999999999999
630629d052e177c0ba46a0a1 5 0 40.5
630629d052e177c0ba46a0a1 5 0 43.599999999999994
630629d052e177c0ba46a0a1 5 0 46.0
630629e052e177c0ba46a0c4 5 0 27.199999999999996
630629e052e177c0ba46a0c4 5 0 36.09999999999999
630629e052e177c0ba46a0c4 5 0 40.5
630629e052e177c0ba46a0c4 5 0 43.599999999999994
630629e052e177c0ba46a0c4 5 0 46.0
630629e152e177c0ba46a0d1 5 4 27.999999999999996
630629e152e177c0ba46a0d1 5 4 37.09999999999999
630629e152e177c0ba46a0d1 5 4 41.5
630629e152e177c0ba46a0d1 5 4 44.599999999999994
630629e152e177c0ba46a0d1 5 4 47.0
630629e152e177c0ba46a0d2 5 0 27.999999999999996
630629e152e177c0ba46a0d2 5 0 37.09999999999999
630629e152e177c0ba46a0d2 5 0 41.5
630629e152e177c0ba46a0d2 5 0 44.599999999999994
630629e152e177c0ba46a0d2 5 0 47.0
630629e252e177c0ba46a0d6 5 0 27.999999999999996
630629e252e177c0ba46a0d6 5 0 37.09999999999999
630629e252e177c0ba46a0d6 5 0 41.5
630629e252e177c0ba46a0d6 5 0 44.599999999999994
630629e252e177c0ba46a0d6 5 0 47.0
630629e752e177c0ba46a0fb 5 0 27.999999999999996
630629e752e177c0ba46a0fb 5 0 37.09999999999999
630629e752e177c0ba46a0fb 5 0 41.5
630629e752e177c0ba46a0fb 5 0 44.599999999999994
630629e752e177c0ba46a0fb 5 0 47.0
6306091073426c38ae68acac 5 0 27.999999999999996
6306091073426c38ae68acac 5 0 37.09999999999999
6306091073426c38ae68acac 5 0 41.5
6306091073426c38ae68acac 5 0 44.599999999999994
6306091073426c38ae68acac 5 0 47.0
6306091a73426c38ae68acc8 5 0 27.999999999999996
6306091a73426c38ae68acc8 5 0 37.09999999999999
6306091a73426c38ae68acc8 5 0 41.5
6306091a73426c38ae68acc8 5 0 44.599999999999994
6306091a73426c38ae68acc8 5 0 47.0
6306091b73426c38ae68acd7 5 0 27.999999999999996
6306091b73426c38ae68acd7 5 0 37.09999999999999
6306091b73426c38ae68acd7 5 0 41.5
6306091b73426c38ae68acd7 5 0 44.599999999999994
6306091b73426c38ae68acd7 5 0 47.0
6306091b73426c38ae68acd9 5 0 27.999999999999996
6306091b73426c38ae68acd9 5 0 37.09999999999999
6306091b73426c38ae68acd9 5 0 41.5
6306091b73426c38ae68acd9 5 0 44.599999999999994
6306091b73426c38ae68acd9 5 0 47.0
6306091b73426c38ae68acda 5 0 27.999999999999996
6306091b73426c38ae68acda 5 0 37.09999999999999
6306091b73426c38ae68acda 5 0 41.5
6306091b73426c38ae68acda 5 0 44.599999999999994
6306091b73426c38ae68acda 5 0 47.0
6306091c73426c38ae68acdc 5 0 27.999999999999996
6306091c73426c38ae68acdc 5 0 37.09999999999999
6306091c73426c38ae68acdc 5 0 41.5
6306091c73426c38ae68acdc 5 0 44.599999999999994
6306091c73426c38ae68acdc 5 0 47.0
6306091c73426c38ae68acdd 5 0 27.999999999999996
6306091c73426c38ae68acdd 5 0 37.09999999999999
6306091c73426c38ae68acdd 5 0 41.5
6306091c73426c38ae68acdd 5 0 44.599999999999994
6306091c73426c38ae68acdd 5 0 47.0
6306091d73426c38ae68ace5 5 0 27.999999999999996
6306091d73426c38ae68ace5 5 0 37.09999999999999
6306091d73426c38ae68ace5 5 0 41.5
6306091d73426c38ae68ace5 5 0 44.599999999999994
6306091d73426c38ae68ace5 5 0 47.0
6306092373426c38ae68acfa 5 0 27.999999999999996
6306092373426c38ae68acfa 5 0 37.09999999999999
6306092373426c38ae68acfa 5 0 41.5
6306092373426c38ae68acfa 5 0 44.599999999999994
6306092373426c38ae68acfa 5 0 47.0
6306092973426c38ae68ad01 5 0 27.999999999999996
6306092973426c38ae68ad01 5 0 37.09999999999999
6306092973426c38ae68ad01 5 0 41.5
6306092973426c38ae68ad01 5 0 44.599999999999994
6306092973426c38ae68ad01 5 0 47.0
6306092c73426c38ae68ad02 5 0 27.999999999999996
6306092c73426c38ae68ad02 5 0 37.09999999999999
6306092c73426c38ae68ad02 5 0 41.5
6306092c73426c38ae68ad02 5 0 44.599999999999994
6306092c73426c38ae68ad02 5 0 47.0
6306092d73426c38ae68ad04 5 0 27.999999999999996
6306092d73426c38ae68ad04 5 0 37.09999999999999
6306092d73426c38ae68ad04 5 0 41.5
6306092d73426c38ae68ad04 5 0 44.599999999999994
6306092d73426c38ae68ad04 5 0 47.0
6306092d73426c38ae68ad05 5 0 27.999999999999996
6306092d73426c38ae68ad05 5 0 37.09999999999999
6306092d73426c38ae68ad05 5 0 41.5
6306092d73426c38ae68ad05 5 0 44.599999999999994
6306092d73426c38ae68ad05 5 0 47.0
6306092d73426c38ae68ad06 5 0 27.999999999999996
6306092d73426c38ae68ad06 5 0 37.09999999999999
6306092d73426c38ae68ad06 5 0 41.5
6306092d73426c38ae68ad06 5 0 44.599999999999994
6306092d73426c38ae68ad06 5 0 47.0
6306092d73426c38ae68ad07 5 0 27.999999999999996
6306092d73426c38ae68ad07 5 0 37.09999999999999
6306092d73426c38ae68ad07 5 0 41.5
6306092d73426c38ae68ad07 5 0 44.599999999999994
6306092d73426c38ae68ad07 5 0 47.0
6306092d73426c38ae68ad08 5 0 27.999999999999996
6306092d73426c38ae68ad08 5 0 37.09999999999999
6306092d73426c38ae68ad08 5 0 41.5
6306092d73426c38ae68ad08 5 0 44.599999999999994
6306092d73426c38ae68ad08 5 0 47.0
6306092e73426c38ae68ad09 5 0 27.999999999999996
6306092e73426c38ae68ad09 5 0 37.09999999999999
6306092e73426c38ae68ad09 5 0 41.5
6306092e73426c38ae68ad09 5 0 44.599999999999994
6306092e73426c38ae68ad09 5 0 47.0
6306092e73426c38ae68ad0a 5 0 27.999999999999996
6306092e73426c38ae68ad0a 5 0 37.09999999999999
6306092e73426c38ae68ad0a 5 0 41.5
6306092e73426c38ae68ad0a 5 0 44.599999999999994
6306092e73426c38ae68ad0a 5 0 47.0
6306092e73426c38ae68ad0b 5 0 27.999999999999996
6306092e73426c38ae68ad0b 5 0 37.09999999999999
6306092e73426c38ae68ad0b 5 0 41.5
6306092e73426c38ae68ad0b 5 0 44.599999999999994
6306092e73426c38ae68ad0b 5 0 47.0
6306092e73426c38ae68ad0d 5 0 27.999999999999996
6306092e73426c38ae68ad0d 5 0 37.09999999999999
6306092e73426c38ae68ad0d 5 0 41.5
6306092e73426c38ae68ad0d 5 0 44.599999999999994
6306092e73426c38ae68ad0d 5 0 47.0
6306092e73426c38ae68ad0f 5 0 27.999999999999996
6306092e73426c38ae68ad0f 5 0 37.09999999999999
6306092e73426c38ae68ad0f 5 0 41.5
6306092e73426c38ae68ad0f 5 0 44.599999999999994
6306092e73426c38ae68ad0f 5 0 47.0
6306092e73426c38ae68ad11 5 0 27.999999999999996
6306092e73426c38ae68ad11 5 0 37.09999999999999
6306092e73426c38ae68ad11 5 0 41.5
6306092e73426c38ae68ad11 5 0 44.599999999999994
6306092e73426c38ae68ad11 5 0 47.0
6306092f73426c38ae68ad13 5 1 28.199999999999996
6306092f73426c38ae68ad13 5 1 37.499999999999986
6306092f73426c38ae68ad13 5 1 42.1
6306092f73426c38ae68ad13 5 1 45.39999999999999
6306092f73426c38ae68ad13 5 1 48.0
6306093273426c38ae68ad15 5 0 28.199999999999996
6306093273426c38ae68ad15 5 0 37.499999999999986
6306093273426c38ae68ad15 5 0 42.1
6306093273426c38ae68ad15 5 0 45.39999999999999
6306093273426c38ae68ad15 5 0 48.0
63060ada73426c38ae68ad31 5 0 28.199999999999996
63060ada73426c38ae68ad31 5 0 37.499999999999986
63060ada73426c38ae68ad31 5 0 42.1
63060ada73426c38ae68ad31 5 0 45.39999999999999
63060ada73426c38ae68ad31 5 0 48.0
63060b1a73426c38ae68ad3e 5 0 28.199999999999996
63060b1a73426c38ae68ad3e 5 0 37.499999999999986
63060b1a73426c38ae68ad3e 5 0 42.1
63060b1a73426c38ae68ad3e 5 0 45.39999999999999
63060b1a73426c38ae68ad3e 5 0 48.0
63060b1b73426c38ae68ad42 5 0 28.199999999999996
63060b1b73426c38ae68ad42 5 0 37.499999999999986
63060b1b73426c38ae68ad42 5 0 42.1
63060b1b73426c38ae68ad42 5 0 45.39999999999999
63060b1b73426c38ae68ad42 5 0 48.0
63060b1b73426c38ae68ad43 5 0 28.199999999999996
63060b1b73426c38ae68ad43 5 0 37.499999999999986
63060b1b73426c38ae68ad43 5 0 42.1
63060b1b73426c38ae68ad43 5 0 45.39999999999999
63060b1b73426c38ae68ad43 5 0 48.0
62ece4982e6aefcf4aabbd64 5 0 28.199999999999996
62ece4982e6aefcf4aabbd64 5 0 37.499999999999986
62ece4982e6aefcf4aabbd64 5 0 42.1
62ece4982e6aefcf4aabbd64 5 0 45.39999999999999
62ece4982e6aefcf4aabbd64 5 0 48.0
230 230
[28.199999999999996, 37.499999999999986, 42.1, 45.39999999999999, 48.0]
0.12260869565217389
 12.26%
0.1630434782608695
 16.30%
0.18304347826086956
 18.30%
0.19739130434782606
 19.74%
0.20869565217391303
 20.87%
finish_overall
plib_runnable	21

  13.33%	
  20.48%	
  24.29%	
  26.67%	
  28.57%	


project_runnable	23

  4.35%	
  4.35%	
  4.35%	
  4.35%	
  4.35%	


class_runnable	55

  8.00%	
  10.00%	
  11.09%	
  12.00%	
  12.73%	


self_contained	35

  25.71%	
  32.57%	
  34.57%	
  36.00%	
  37.14%	


file_runnable	68

  9.71%	
  13.38%	
  16.18%	
  18.53%	
  20.59%	


slib_runnable	28

  15.71%	
  22.14%	
  24.29%	
  25.00%	
  25.00%	


230
0
