62e60f43d76274f8a4026e28 5 0 0.0
62e60f43d76274f8a4026e28 5 0 0.0
62e60f43d76274f8a4026e28 5 0 0.0
62e60f43d76274f8a4026e28 5 0 0.0
62e60f43d76274f8a4026e28 5 0 0.0
62e60f3bd76274f8a4026e10 5 0 0.0
62e60f3bd76274f8a4026e10 5 0 0.0
62e60f3bd76274f8a4026e10 5 0 0.0
62e60f3bd76274f8a4026e10 5 0 0.0
62e60f3bd76274f8a4026e10 5 0 0.0
62e60f37d76274f8a4026dfd 5 0 0.0
62e60f37d76274f8a4026dfd 5 0 0.0
62e60f37d76274f8a4026dfd 5 0 0.0
62e60f37d76274f8a4026dfd 5 0 0.0
62e60f37d76274f8a4026dfd 5 0 0.0
62e60f33d76274f8a4026de9 5 0 0.0
62e60f33d76274f8a4026de9 5 0 0.0
62e60f33d76274f8a4026de9 5 0 0.0
62e60f33d76274f8a4026de9 5 0 0.0
62e60f33d76274f8a4026de9 5 0 0.0
62e60ed4d76274f8a4026da0 5 5 1.0
62e60ed4d76274f8a4026da0 5 5 1.0
62e60ed4d76274f8a4026da0 5 5 1.0
62e60ed4d76274f8a4026da0 5 5 1.0
62e60ed4d76274f8a4026da0 5 5 1.0
62e60ecfd76274f8a4026d6a 5 0 1.0
62e60ecfd76274f8a4026d6a 5 0 1.0
62e60ecfd76274f8a4026d6a 5 0 1.0
62e60ecfd76274f8a4026d6a 5 0 1.0
62e60ecfd76274f8a4026d6a 5 0 1.0
62e60e49d76274f8a4026d25 5 0 1.0
62e60e49d76274f8a4026d25 5 0 1.0
62e60e49d76274f8a4026d25 5 0 1.0
62e60e49d76274f8a4026d25 5 0 1.0
62e60e49d76274f8a4026d25 5 0 1.0
62e60e05d76274f8a4026cfd 5 0 1.0
62e60e05d76274f8a4026cfd 5 0 1.0
62e60e05d76274f8a4026cfd 5 0 1.0
62e60e05d76274f8a4026cfd 5 0 1.0
62e60e05d76274f8a4026cfd 5 0 1.0
62e60da4d76274f8a4026cf1 5 2 1.4
62e60da4d76274f8a4026cf1 5 2 1.7
62e60da4d76274f8a4026cf1 5 2 1.9
62e60da4d76274f8a4026cf1 5 2 2.0
62e60da4d76274f8a4026cf1 5 2 2.0
62e60b10d76274f8a4026ccd 5 0 1.4
62e60b10d76274f8a4026ccd 5 0 1.7
62e60b10d76274f8a4026ccd 5 0 1.9
62e60b10d76274f8a4026ccd 5 0 2.0
62e60b10d76274f8a4026ccd 5 0 2.0
62e6087bd76274f8a4026bfa 5 0 1.4
62e6087bd76274f8a4026bfa 5 0 1.7
62e6087bd76274f8a4026bfa 5 0 1.9
62e6087bd76274f8a4026bfa 5 0 2.0
62e6087bd76274f8a4026bfa 5 0 2.0
62e6087ad76274f8a4026bf2 5 0 1.4
62e6087ad76274f8a4026bf2 5 0 1.7
62e6087ad76274f8a4026bf2 5 0 1.9
62e6087ad76274f8a4026bf2 5 0 2.0
62e6087ad76274f8a4026bf2 5 0 2.0
62e60879d76274f8a4026bec 5 0 1.4
62e60879d76274f8a4026bec 5 0 1.7
62e60879d76274f8a4026bec 5 0 1.9
62e60879d76274f8a4026bec 5 0 2.0
62e60879d76274f8a4026bec 5 0 2.0
62e60723d76274f8a4026b75 5 4 2.2
62e60723d76274f8a4026b75 5 4 2.7
62e60723d76274f8a4026b75 5 4 2.9
62e60723d76274f8a4026b75 5 4 3.0
62e60723d76274f8a4026b75 5 4 3.0
62e60707d76274f8a4026b69 5 0 2.2
62e60707d76274f8a4026b69 5 0 2.7
62e60707d76274f8a4026b69 5 0 2.9
62e60707d76274f8a4026b69 5 0 3.0
62e60707d76274f8a4026b69 5 0 3.0
62e5dc9ed76274f8a4026b5b 5 1 2.4000000000000004
62e5dc9ed76274f8a4026b5b 5 1 3.1
62e5dc9ed76274f8a4026b5b 5 1 3.5
62e5dc9ed76274f8a4026b5b 5 1 3.8
62e5dc9ed76274f8a4026b5b 5 1 4.0
62e4fc3c85ea98643089041e 5 0 2.4000000000000004
62e4fc3c85ea98643089041e 5 0 3.1
62e4fc3c85ea98643089041e 5 0 3.5
62e4fc3c85ea98643089041e 5 0 3.8
62e4fc3c85ea98643089041e 5 0 4.0
62e4fbda85ea986430890405 5 0 2.4000000000000004
62e4fbda85ea986430890405 5 0 3.1
62e4fbda85ea986430890405 5 0 3.5
62e4fbda85ea986430890405 5 0 3.8
62e4fbda85ea986430890405 5 0 4.0
62e4fbda85ea986430890403 5 0 2.4000000000000004
62e4fbda85ea986430890403 5 0 3.1
62e4fbda85ea986430890403 5 0 3.5
62e4fbda85ea986430890403 5 0 3.8
62e4fbda85ea986430890403 5 0 4.0
62e4fb6585ea98643089032b 5 3 3.0000000000000004
62e4fb6585ea98643089032b 5 3 4.0
62e4fb6585ea98643089032b 5 3 4.5
62e4fb6585ea98643089032b 5 3 4.8
62e4fb6585ea98643089032b 5 3 5.0
62e4fb4d85ea9864308902e7 5 0 3.0000000000000004
62e4fb4d85ea9864308902e7 5 0 4.0
62e4fb4d85ea9864308902e7 5 0 4.5
62e4fb4d85ea9864308902e7 5 0 4.8
62e4fb4d85ea9864308902e7 5 0 5.0
62b8d27a48ba5a41d1c3f4c6 5 0 3.0000000000000004
62b8d27a48ba5a41d1c3f4c6 5 0 4.0
62b8d27a48ba5a41d1c3f4c6 5 0 4.5
62b8d27a48ba5a41d1c3f4c6 5 0 4.8
62b8d27a48ba5a41d1c3f4c6 5 0 5.0
62b8d24048ba5a41d1c3f49f 5 0 3.0000000000000004
62b8d24048ba5a41d1c3f49f 5 0 4.0
62b8d24048ba5a41d1c3f49f 5 0 4.5
62b8d24048ba5a41d1c3f49f 5 0 4.8
62b8d24048ba5a41d1c3f49f 5 0 5.0
62b8d23b48ba5a41d1c3f49a 5 0 3.0000000000000004
62b8d23b48ba5a41d1c3f49a 5 0 4.0
62b8d23b48ba5a41d1c3f49a 5 0 4.5
62b8d23b48ba5a41d1c3f49a 5 0 4.8
62b8d23b48ba5a41d1c3f49a 5 0 5.0
62b8d23948ba5a41d1c3f498 5 0 3.0000000000000004
62b8d23948ba5a41d1c3f498 5 0 4.0
62b8d23948ba5a41d1c3f498 5 0 4.5
62b8d23948ba5a41d1c3f498 5 0 4.8
62b8d23948ba5a41d1c3f498 5 0 5.0
62b8d23748ba5a41d1c3f496 5 0 3.0000000000000004
62b8d23748ba5a41d1c3f496 5 0 4.0
62b8d23748ba5a41d1c3f496 5 0 4.5
62b8d23748ba5a41d1c3f496 5 0 4.8
62b8d23748ba5a41d1c3f496 5 0 5.0
62b8d22f48ba5a41d1c3f488 5 0 3.0000000000000004
62b8d22f48ba5a41d1c3f488 5 0 4.0
62b8d22f48ba5a41d1c3f488 5 0 4.5
62b8d22f48ba5a41d1c3f488 5 0 4.8
62b8d22f48ba5a41d1c3f488 5 0 5.0
62b8d22a48ba5a41d1c3f47e 5 1 3.2
62b8d22a48ba5a41d1c3f47e 5 1 4.4
62b8d22a48ba5a41d1c3f47e 5 1 5.1
62b8d22a48ba5a41d1c3f47e 5 1 5.6
62b8d22a48ba5a41d1c3f47e 5 1 6.0
62b8d22948ba5a41d1c3f47c 5 3 3.8000000000000003
62b8d22948ba5a41d1c3f47c 5 3 5.300000000000001
62b8d22948ba5a41d1c3f47c 5 3 6.1
62b8d22948ba5a41d1c3f47c 5 3 6.6
62b8d22948ba5a41d1c3f47c 5 3 7.0
62b8d22548ba5a41d1c3f472 5 0 3.8000000000000003
62b8d22548ba5a41d1c3f472 5 0 5.300000000000001
62b8d22548ba5a41d1c3f472 5 0 6.1
62b8d22548ba5a41d1c3f472 5 0 6.6
62b8d22548ba5a41d1c3f472 5 0 7.0
62b8c517e0d34b282c18122e 5 0 3.8000000000000003
62b8c517e0d34b282c18122e 5 0 5.300000000000001
62b8c517e0d34b282c18122e 5 0 6.1
62b8c517e0d34b282c18122e 5 0 6.6
62b8c517e0d34b282c18122e 5 0 7.0
62b8bbbfe0d34b282c181210 5 3 4.4
62b8bbbfe0d34b282c181210 5 3 6.200000000000001
62b8bbbfe0d34b282c181210 5 3 7.1
62b8bbbfe0d34b282c181210 5 3 7.6
62b8bbbfe0d34b282c181210 5 3 8.0
62b8bbbfe0d34b282c18120f 5 3 5.0
62b8bbbfe0d34b282c18120f 5 3 7.100000000000001
62b8bbbfe0d34b282c18120f 5 3 8.1
62b8bbbfe0d34b282c18120f 5 3 8.6
62b8bbbfe0d34b282c18120f 5 3 9.0
62b8bbbce0d34b282c18120d 5 2 5.4
62b8bbbce0d34b282c18120d 5 2 7.800000000000002
62b8bbbce0d34b282c18120d 5 2 9.0
62b8bbbce0d34b282c18120d 5 2 9.6
62b8bbbce0d34b282c18120d 5 2 10.0
62b8b99de0d34b282c1811f8 5 0 5.4
62b8b99de0d34b282c1811f8 5 0 7.800000000000002
62b8b99de0d34b282c1811f8 5 0 9.0
62b8b99de0d34b282c1811f8 5 0 9.6
62b8b99de0d34b282c1811f8 5 0 10.0
62b8b59feb7e40a82d2d1291 5 0 5.4
62b8b59feb7e40a82d2d1291 5 0 7.800000000000002
62b8b59feb7e40a82d2d1291 5 0 9.0
62b8b59feb7e40a82d2d1291 5 0 9.6
62b8b59feb7e40a82d2d1291 5 0 10.0
62b8b590eb7e40a82d2d1275 5 0 5.4
62b8b590eb7e40a82d2d1275 5 0 7.800000000000002
62b8b590eb7e40a82d2d1275 5 0 9.0
62b8b590eb7e40a82d2d1275 5 0 9.6
62b8b590eb7e40a82d2d1275 5 0 10.0
62b8b58deb7e40a82d2d1269 5 0 5.4
62b8b58deb7e40a82d2d1269 5 0 7.800000000000002
62b8b58deb7e40a82d2d1269 5 0 9.0
62b8b58deb7e40a82d2d1269 5 0 9.6
62b8b58deb7e40a82d2d1269 5 0 10.0
62b8b559eb7e40a82d2d11f8 5 0 5.4
62b8b559eb7e40a82d2d11f8 5 0 7.800000000000002
62b8b559eb7e40a82d2d11f8 5 0 9.0
62b8b559eb7e40a82d2d11f8 5 0 9.6
62b8b559eb7e40a82d2d11f8 5 0 10.0
62b8b4b9eb7e40a82d2d1134 5 0 5.4
62b8b4b9eb7e40a82d2d1134 5 0 7.800000000000002
62b8b4b9eb7e40a82d2d1134 5 0 9.0
62b8b4b9eb7e40a82d2d1134 5 0 9.6
62b8b4b9eb7e40a82d2d1134 5 0 10.0
62b8b416eb7e40a82d2d1129 5 0 5.4
62b8b416eb7e40a82d2d1129 5 0 7.800000000000002
62b8b416eb7e40a82d2d1129 5 0 9.0
62b8b416eb7e40a82d2d1129 5 0 9.6
62b8b416eb7e40a82d2d1129 5 0 10.0
62b8b3d6eb7e40a82d2d111c 5 0 5.4
62b8b3d6eb7e40a82d2d111c 5 0 7.800000000000002
62b8b3d6eb7e40a82d2d111c 5 0 9.0
62b8b3d6eb7e40a82d2d111c 5 0 9.6
62b8b3d6eb7e40a82d2d111c 5 0 10.0
62b8b3d5eb7e40a82d2d1110 5 1 5.6000000000000005
62b8b3d5eb7e40a82d2d1110 5 1 8.200000000000001
62b8b3d5eb7e40a82d2d1110 5 1 9.6
62b8b3d5eb7e40a82d2d1110 5 1 10.4
62b8b3d5eb7e40a82d2d1110 5 1 11.0
62b8b3d4eb7e40a82d2d110f 5 1 5.800000000000001
62b8b3d4eb7e40a82d2d110f 5 1 8.600000000000001
62b8b3d4eb7e40a82d2d110f 5 1 10.2
62b8b3d4eb7e40a82d2d110f 5 1 11.200000000000001
62b8b3d4eb7e40a82d2d110f 5 1 12.0
62b8b3d4eb7e40a82d2d110e 5 0 5.800000000000001
62b8b3d4eb7e40a82d2d110e 5 0 8.600000000000001
62b8b3d4eb7e40a82d2d110e 5 0 10.2
62b8b3d4eb7e40a82d2d110e 5 0 11.200000000000001
62b8b3d4eb7e40a82d2d110e 5 0 12.0
62b8b3d4eb7e40a82d2d110d 5 0 5.800000000000001
62b8b3d4eb7e40a82d2d110d 5 0 8.600000000000001
62b8b3d4eb7e40a82d2d110d 5 0 10.2
62b8b3d4eb7e40a82d2d110d 5 0 11.200000000000001
62b8b3d4eb7e40a82d2d110d 5 0 12.0
62b87b989a0c4fa8b80b35ee 5 0 5.800000000000001
62b87b989a0c4fa8b80b35ee 5 0 8.600000000000001
62b87b989a0c4fa8b80b35ee 5 0 10.2
62b87b989a0c4fa8b80b35ee 5 0 11.200000000000001
62b87b989a0c4fa8b80b35ee 5 0 12.0
62b87b859a0c4fa8b80b35d7 5 0 5.800000000000001
62b87b859a0c4fa8b80b35d7 5 0 8.600000000000001
62b87b859a0c4fa8b80b35d7 5 0 10.2
62b87b859a0c4fa8b80b35d7 5 0 11.200000000000001
62b87b859a0c4fa8b80b35d7 5 0 12.0
62b87b839a0c4fa8b80b35cb 5 0 5.800000000000001
62b87b839a0c4fa8b80b35cb 5 0 8.600000000000001
62b87b839a0c4fa8b80b35cb 5 0 10.2
62b87b839a0c4fa8b80b35cb 5 0 11.200000000000001
62b87b839a0c4fa8b80b35cb 5 0 12.0
62b87b7e9a0c4fa8b80b35bc 5 0 5.800000000000001
62b87b7e9a0c4fa8b80b35bc 5 0 8.600000000000001
62b87b7e9a0c4fa8b80b35bc 5 0 10.2
62b87b7e9a0c4fa8b80b35bc 5 0 11.200000000000001
62b87b7e9a0c4fa8b80b35bc 5 0 12.0
62b87b4f9a0c4fa8b80b3580 5 0 5.800000000000001
62b87b4f9a0c4fa8b80b3580 5 0 8.600000000000001
62b87b4f9a0c4fa8b80b3580 5 0 10.2
62b87b4f9a0c4fa8b80b3580 5 0 11.200000000000001
62b87b4f9a0c4fa8b80b3580 5 0 12.0
62b87b199a0c4fa8b80b354e 5 0 5.800000000000001
62b87b199a0c4fa8b80b354e 5 0 8.600000000000001
62b87b199a0c4fa8b80b354e 5 0 10.2
62b87b199a0c4fa8b80b354e 5 0 11.200000000000001
62b87b199a0c4fa8b80b354e 5 0 12.0
62b87b099a0c4fa8b80b3538 5 4 6.6000000000000005
62b87b099a0c4fa8b80b3538 5 4 9.600000000000001
62b87b099a0c4fa8b80b3538 5 4 11.2
62b87b099a0c4fa8b80b3538 5 4 12.200000000000001
62b87b099a0c4fa8b80b3538 5 4 13.0
62b87af99a0c4fa8b80b3524 5 5 7.6000000000000005
62b87af99a0c4fa8b80b3524 5 5 10.600000000000001
62b87af99a0c4fa8b80b3524 5 5 12.2
62b87af99a0c4fa8b80b3524 5 5 13.200000000000001
62b87af99a0c4fa8b80b3524 5 5 14.0
62b87af69a0c4fa8b80b351a 5 5 8.600000000000001
62b87af69a0c4fa8b80b351a 5 5 11.600000000000001
62b87af69a0c4fa8b80b351a 5 5 13.2
62b87af69a0c4fa8b80b351a 5 5 14.200000000000001
62b87af69a0c4fa8b80b351a 5 5 15.0
62b87af19a0c4fa8b80b34f7 5 0 8.600000000000001
62b87af19a0c4fa8b80b34f7 5 0 11.600000000000001
62b87af19a0c4fa8b80b34f7 5 0 13.2
62b87af19a0c4fa8b80b34f7 5 0 14.200000000000001
62b87af19a0c4fa8b80b34f7 5 0 15.0
62b87af09a0c4fa8b80b34f1 5 0 8.600000000000001
62b87af09a0c4fa8b80b34f1 5 0 11.600000000000001
62b87af09a0c4fa8b80b34f1 5 0 13.2
62b87af09a0c4fa8b80b34f1 5 0 14.200000000000001
62b87af09a0c4fa8b80b34f1 5 0 15.0
62b86aa3b4d922cb0e688d36 5 0 8.600000000000001
62b86aa3b4d922cb0e688d36 5 0 11.600000000000001
62b86aa3b4d922cb0e688d36 5 0 13.2
62b86aa3b4d922cb0e688d36 5 0 14.200000000000001
62b86aa3b4d922cb0e688d36 5 0 15.0
62b86a9eb4d922cb0e688d25 5 0 8.600000000000001
62b86a9eb4d922cb0e688d25 5 0 11.600000000000001
62b86a9eb4d922cb0e688d25 5 0 13.2
62b86a9eb4d922cb0e688d25 5 0 14.200000000000001
62b86a9eb4d922cb0e688d25 5 0 15.0
62b86a4fb4d922cb0e688cf8 5 3 9.200000000000001
62b86a4fb4d922cb0e688cf8 5 3 12.500000000000002
62b86a4fb4d922cb0e688cf8 5 3 14.2
62b86a4fb4d922cb0e688cf8 5 3 15.200000000000001
62b86a4fb4d922cb0e688cf8 5 3 16.0
62b86a4fb4d922cb0e688cf7 5 0 9.200000000000001
62b86a4fb4d922cb0e688cf7 5 0 12.500000000000002
62b86a4fb4d922cb0e688cf7 5 0 14.2
62b86a4fb4d922cb0e688cf7 5 0 15.200000000000001
62b86a4fb4d922cb0e688cf7 5 0 16.0
62b86a01b4d922cb0e688ccc 5 0 9.200000000000001
62b86a01b4d922cb0e688ccc 5 0 12.500000000000002
62b86a01b4d922cb0e688ccc 5 0 14.2
62b86a01b4d922cb0e688ccc 5 0 15.200000000000001
62b86a01b4d922cb0e688ccc 5 0 16.0
62b869ebb4d922cb0e688cc6 5 0 9.200000000000001
62b869ebb4d922cb0e688cc6 5 0 12.500000000000002
62b869ebb4d922cb0e688cc6 5 0 14.2
62b869ebb4d922cb0e688cc6 5 0 15.200000000000001
62b869ebb4d922cb0e688cc6 5 0 16.0
62b869eab4d922cb0e688cc5 5 0 9.200000000000001
62b869eab4d922cb0e688cc5 5 0 12.500000000000002
62b869eab4d922cb0e688cc5 5 0 14.2
62b869eab4d922cb0e688cc5 5 0 15.200000000000001
62b869eab4d922cb0e688cc5 5 0 16.0
62b869eab4d922cb0e688cbf 5 0 9.200000000000001
62b869eab4d922cb0e688cbf 5 0 12.500000000000002
62b869eab4d922cb0e688cbf 5 0 14.2
62b869eab4d922cb0e688cbf 5 0 15.200000000000001
62b869eab4d922cb0e688cbf 5 0 16.0
62b43427903eeb48555d3ea5 5 0 9.200000000000001
62b43427903eeb48555d3ea5 5 0 12.500000000000002
62b43427903eeb48555d3ea5 5 0 14.2
62b43427903eeb48555d3ea5 5 0 15.200000000000001
62b43427903eeb48555d3ea5 5 0 16.0
62b43428903eeb48555d3eaa 5 0 9.200000000000001
62b43428903eeb48555d3eaa 5 0 12.500000000000002
62b43428903eeb48555d3eaa 5 0 14.2
62b43428903eeb48555d3eaa 5 0 15.200000000000001
62b43428903eeb48555d3eaa 5 0 16.0
62b45df05108cfac7f2109ce 5 0 9.200000000000001
62b45df05108cfac7f2109ce 5 0 12.500000000000002
62b45df05108cfac7f2109ce 5 0 14.2
62b45df05108cfac7f2109ce 5 0 15.200000000000001
62b45df05108cfac7f2109ce 5 0 16.0
62b45df15108cfac7f2109dc 5 0 9.200000000000001
62b45df15108cfac7f2109dc 5 0 12.500000000000002
62b45df15108cfac7f2109dc 5 0 14.2
62b45df15108cfac7f2109dc 5 0 15.200000000000001
62b45df15108cfac7f2109dc 5 0 16.0
62b45df15108cfac7f2109dd 5 0 9.200000000000001
62b45df15108cfac7f2109dd 5 0 12.500000000000002
62b45df15108cfac7f2109dd 5 0 14.2
62b45df15108cfac7f2109dd 5 0 15.200000000000001
62b45df15108cfac7f2109dd 5 0 16.0
62b45e135108cfac7f2109f4 5 5 10.200000000000001
62b45e135108cfac7f2109f4 5 5 13.500000000000002
62b45e135108cfac7f2109f4 5 5 15.2
62b45e135108cfac7f2109f4 5 5 16.200000000000003
62b45e135108cfac7f2109f4 5 5 17.0
62b45e145108cfac7f210a07 5 0 10.200000000000001
62b45e145108cfac7f210a07 5 0 13.500000000000002
62b45e145108cfac7f210a07 5 0 15.2
62b45e145108cfac7f210a07 5 0 16.200000000000003
62b45e145108cfac7f210a07 5 0 17.0
62b45e145108cfac7f210a09 5 0 10.200000000000001
62b45e145108cfac7f210a09 5 0 13.500000000000002
62b45e145108cfac7f210a09 5 0 15.2
62b45e145108cfac7f210a09 5 0 16.200000000000003
62b45e145108cfac7f210a09 5 0 17.0
62b45e165108cfac7f210a16 5 0 10.200000000000001
62b45e165108cfac7f210a16 5 0 13.500000000000002
62b45e165108cfac7f210a16 5 0 15.2
62b45e165108cfac7f210a16 5 0 16.200000000000003
62b45e165108cfac7f210a16 5 0 17.0
62b45e165108cfac7f210a17 5 0 10.200000000000001
62b45e165108cfac7f210a17 5 0 13.500000000000002
62b45e165108cfac7f210a17 5 0 15.2
62b45e165108cfac7f210a17 5 0 16.200000000000003
62b45e165108cfac7f210a17 5 0 17.0
62b45e175108cfac7f210a19 5 0 10.200000000000001
62b45e175108cfac7f210a19 5 0 13.500000000000002
62b45e175108cfac7f210a19 5 0 15.2
62b45e175108cfac7f210a19 5 0 16.200000000000003
62b45e175108cfac7f210a19 5 0 17.0
62b463153879012d19481498 5 0 10.200000000000001
62b463153879012d19481498 5 0 13.500000000000002
62b463153879012d19481498 5 0 15.2
62b463153879012d19481498 5 0 16.200000000000003
62b463153879012d19481498 5 0 17.0
62b463153879012d1948149a 5 0 10.200000000000001
62b463153879012d1948149a 5 0 13.500000000000002
62b463153879012d1948149a 5 0 15.2
62b463153879012d1948149a 5 0 16.200000000000003
62b463153879012d1948149a 5 0 17.0
62b463153879012d1948149b 5 0 10.200000000000001
62b463153879012d1948149b 5 0 13.500000000000002
62b463153879012d1948149b 5 0 15.2
62b463153879012d1948149b 5 0 16.200000000000003
62b463153879012d1948149b 5 0 17.0
62b463153879012d1948149c 5 5 11.200000000000001
62b463153879012d1948149c 5 5 14.500000000000002
62b463153879012d1948149c 5 5 16.2
62b463153879012d1948149c 5 5 17.200000000000003
62b463153879012d1948149c 5 5 18.0
62b463153879012d1948149d 5 0 11.200000000000001
62b463153879012d1948149d 5 0 14.500000000000002
62b463153879012d1948149d 5 0 16.2
62b463153879012d1948149d 5 0 17.200000000000003
62b463153879012d1948149d 5 0 18.0
62b463153879012d1948149f 5 0 11.200000000000001
62b463153879012d1948149f 5 0 14.500000000000002
62b463153879012d1948149f 5 0 16.2
62b463153879012d1948149f 5 0 17.200000000000003
62b463153879012d1948149f 5 0 18.0
62b463153879012d194814a1 5 0 11.200000000000001
62b463153879012d194814a1 5 0 14.500000000000002
62b463153879012d194814a1 5 0 16.2
62b463153879012d194814a1 5 0 17.200000000000003
62b463153879012d194814a1 5 0 18.0
62b463163879012d194814a2 5 0 11.200000000000001
62b463163879012d194814a2 5 0 14.500000000000002
62b463163879012d194814a2 5 0 16.2
62b463163879012d194814a2 5 0 17.200000000000003
62b463163879012d194814a2 5 0 18.0
62b463163879012d194814a4 5 0 11.200000000000001
62b463163879012d194814a4 5 0 14.500000000000002
62b463163879012d194814a4 5 0 16.2
62b463163879012d194814a4 5 0 17.200000000000003
62b463163879012d194814a4 5 0 18.0
62b463163879012d194814a6 5 0 11.200000000000001
62b463163879012d194814a6 5 0 14.500000000000002
62b463163879012d194814a6 5 0 16.2
62b463163879012d194814a6 5 0 17.200000000000003
62b463163879012d194814a6 5 0 18.0
62b4631b3879012d194814dd 5 0 11.200000000000001
62b4631b3879012d194814dd 5 0 14.500000000000002
62b4631b3879012d194814dd 5 0 16.2
62b4631b3879012d194814dd 5 0 17.200000000000003
62b4631b3879012d194814dd 5 0 18.0
62b463283879012d1948153d 5 5 12.200000000000001
62b463283879012d1948153d 5 5 15.500000000000002
62b463283879012d1948153d 5 5 17.2
62b463283879012d1948153d 5 5 18.200000000000003
62b463283879012d1948153d 5 5 19.0
62b463303879012d19481579 5 0 12.200000000000001
62b463303879012d19481579 5 0 15.500000000000002
62b463303879012d19481579 5 0 17.2
62b463303879012d19481579 5 0 18.200000000000003
62b463303879012d19481579 5 0 19.0
62b46740d2f69a53b466171a 5 2 12.600000000000001
62b46740d2f69a53b466171a 5 2 16.200000000000003
62b46740d2f69a53b466171a 5 2 18.099999999999998
62b46740d2f69a53b466171a 5 2 19.200000000000003
62b46740d2f69a53b466171a 5 2 20.0
62b46746d2f69a53b4661722 5 0 12.600000000000001
62b46746d2f69a53b4661722 5 0 16.200000000000003
62b46746d2f69a53b4661722 5 0 18.099999999999998
62b46746d2f69a53b4661722 5 0 19.200000000000003
62b46746d2f69a53b4661722 5 0 20.0
62b86707b4d922cb0e688c2a 5 1 12.8
62b86707b4d922cb0e688c2a 5 1 16.6
62b86707b4d922cb0e688c2a 5 1 18.7
62b86707b4d922cb0e688c2a 5 1 20.000000000000004
62b86707b4d922cb0e688c2a 5 1 21.0
62b86729b4d922cb0e688c2f 5 0 12.8
62b86729b4d922cb0e688c2f 5 0 16.6
62b86729b4d922cb0e688c2f 5 0 18.7
62b86729b4d922cb0e688c2f 5 0 20.000000000000004
62b86729b4d922cb0e688c2f 5 0 21.0
62b8a4a4755ee91dce50a3d2 5 0 12.8
62b8a4a4755ee91dce50a3d2 5 0 16.6
62b8a4a4755ee91dce50a3d2 5 0 18.7
62b8a4a4755ee91dce50a3d2 5 0 20.000000000000004
62b8a4a4755ee91dce50a3d2 5 0 21.0
62b8982f755ee91dce50a241 5 5 13.8
62b8982f755ee91dce50a241 5 5 17.6
62b8982f755ee91dce50a241 5 5 19.7
62b8982f755ee91dce50a241 5 5 21.000000000000004
62b8982f755ee91dce50a241 5 5 22.0
62b89640755ee91dce50a114 5 5 14.8
62b89640755ee91dce50a114 5 5 18.6
62b89640755ee91dce50a114 5 5 20.7
62b89640755ee91dce50a114 5 5 22.000000000000004
62b89640755ee91dce50a114 5 5 23.0
62b87d24d292efb640a55670 5 0 14.8
62b87d24d292efb640a55670 5 0 18.6
62b87d24d292efb640a55670 5 0 20.7
62b87d24d292efb640a55670 5 0 22.000000000000004
62b87d24d292efb640a55670 5 0 23.0
62b87d24d292efb640a5566f 5 0 14.8
62b87d24d292efb640a5566f 5 0 18.6
62b87d24d292efb640a5566f 5 0 20.7
62b87d24d292efb640a5566f 5 0 22.000000000000004
62b87d24d292efb640a5566f 5 0 23.0
62b87d24d292efb640a5566d 5 0 14.8
62b87d24d292efb640a5566d 5 0 18.6
62b87d24d292efb640a5566d 5 0 20.7
62b87d24d292efb640a5566d 5 0 22.000000000000004
62b87d24d292efb640a5566d 5 0 23.0
62b87d23d292efb640a5566b 5 0 14.8
62b87d23d292efb640a5566b 5 0 18.6
62b87d23d292efb640a5566b 5 0 20.7
62b87d23d292efb640a5566b 5 0 22.000000000000004
62b87d23d292efb640a5566b 5 0 23.0
62b87d23d292efb640a55668 5 0 14.8
62b87d23d292efb640a55668 5 0 18.6
62b87d23d292efb640a55668 5 0 20.7
62b87d23d292efb640a55668 5 0 22.000000000000004
62b87d23d292efb640a55668 5 0 23.0
62b87d23d292efb640a55667 5 4 15.600000000000001
62b87d23d292efb640a55667 5 4 19.6
62b87d23d292efb640a55667 5 4 21.7
62b87d23d292efb640a55667 5 4 23.000000000000004
62b87d23d292efb640a55667 5 4 24.0
62b45e945108cfac7f210a4a 5 0 15.600000000000001
62b45e945108cfac7f210a4a 5 0 19.6
62b45e945108cfac7f210a4a 5 0 21.7
62b45e945108cfac7f210a4a 5 0 23.000000000000004
62b45e945108cfac7f210a4a 5 0 24.0
62b45e515108cfac7f210a3c 5 0 15.600000000000001
62b45e515108cfac7f210a3c 5 0 19.6
62b45e515108cfac7f210a3c 5 0 21.7
62b45e515108cfac7f210a3c 5 0 23.000000000000004
62b45e515108cfac7f210a3c 5 0 24.0
62b45e2eb89c9fd354170232 5 0 15.600000000000001
62b45e2eb89c9fd354170232 5 0 19.6
62b45e2eb89c9fd354170232 5 0 21.7
62b45e2eb89c9fd354170232 5 0 23.000000000000004
62b45e2eb89c9fd354170232 5 0 24.0
62b45e23e0d4551b0392c90a 5 0 15.600000000000001
62b45e23e0d4551b0392c90a 5 0 19.6
62b45e23e0d4551b0392c90a 5 0 21.7
62b45e23e0d4551b0392c90a 5 0 23.000000000000004
62b45e23e0d4551b0392c90a 5 0 24.0
62b45e21e0d4551b0392c8ed 5 0 15.600000000000001
62b45e21e0d4551b0392c8ed 5 0 19.6
62b45e21e0d4551b0392c8ed 5 0 21.7
62b45e21e0d4551b0392c8ed 5 0 23.000000000000004
62b45e21e0d4551b0392c8ed 5 0 24.0
62b45b396decaeff903e1001 5 0 15.600000000000001
62b45b396decaeff903e1001 5 0 19.6
62b45b396decaeff903e1001 5 0 21.7
62b45b396decaeff903e1001 5 0 23.000000000000004
62b45b396decaeff903e1001 5 0 24.0
62b4567ed7d32e5b55cc83d9 5 0 15.600000000000001
62b4567ed7d32e5b55cc83d9 5 0 19.6
62b4567ed7d32e5b55cc83d9 5 0 21.7
62b4567ed7d32e5b55cc83d9 5 0 23.000000000000004
62b4567ed7d32e5b55cc83d9 5 0 24.0
62b4567ad7d32e5b55cc83af 5 0 15.600000000000001
62b4567ad7d32e5b55cc83af 5 0 19.6
62b4567ad7d32e5b55cc83af 5 0 21.7
62b4567ad7d32e5b55cc83af 5 0 23.000000000000004
62b4567ad7d32e5b55cc83af 5 0 24.0
62b45679d7d32e5b55cc83a9 5 0 15.600000000000001
62b45679d7d32e5b55cc83a9 5 0 19.6
62b45679d7d32e5b55cc83a9 5 0 21.7
62b45679d7d32e5b55cc83a9 5 0 23.000000000000004
62b45679d7d32e5b55cc83a9 5 0 24.0
62b45665d7d32e5b55cc8365 5 0 15.600000000000001
62b45665d7d32e5b55cc8365 5 0 19.6
62b45665d7d32e5b55cc8365 5 0 21.7
62b45665d7d32e5b55cc8365 5 0 23.000000000000004
62b45665d7d32e5b55cc8365 5 0 24.0
62b45665d7d32e5b55cc8364 5 0 15.600000000000001
62b45665d7d32e5b55cc8364 5 0 19.6
62b45665d7d32e5b55cc8364 5 0 21.7
62b45665d7d32e5b55cc8364 5 0 23.000000000000004
62b45665d7d32e5b55cc8364 5 0 24.0
62b45665d7d32e5b55cc8363 5 0 15.600000000000001
62b45665d7d32e5b55cc8363 5 0 19.6
62b45665d7d32e5b55cc8363 5 0 21.7
62b45665d7d32e5b55cc8363 5 0 23.000000000000004
62b45665d7d32e5b55cc8363 5 0 24.0
62b438ba66fea644fe22cca2 5 0 15.600000000000001
62b438ba66fea644fe22cca2 5 0 19.6
62b438ba66fea644fe22cca2 5 0 21.7
62b438ba66fea644fe22cca2 5 0 23.000000000000004
62b438ba66fea644fe22cca2 5 0 24.0
62b438b666fea644fe22cc78 5 0 15.600000000000001
62b438b666fea644fe22cc78 5 0 19.6
62b438b666fea644fe22cc78 5 0 21.7
62b438b666fea644fe22cc78 5 0 23.000000000000004
62b438b666fea644fe22cc78 5 0 24.0
62b438b666fea644fe22cc72 5 0 15.600000000000001
62b438b666fea644fe22cc72 5 0 19.6
62b438b666fea644fe22cc72 5 0 21.7
62b438b666fea644fe22cc72 5 0 23.000000000000004
62b438b666fea644fe22cc72 5 0 24.0
62b438b566fea644fe22cc70 5 0 15.600000000000001
62b438b566fea644fe22cc70 5 0 19.6
62b438b566fea644fe22cc70 5 0 21.7
62b438b566fea644fe22cc70 5 0 23.000000000000004
62b438b566fea644fe22cc70 5 0 24.0
62b438a266fea644fe22cc2e 5 0 15.600000000000001
62b438a266fea644fe22cc2e 5 0 19.6
62b438a266fea644fe22cc2e 5 0 21.7
62b438a266fea644fe22cc2e 5 0 23.000000000000004
62b438a266fea644fe22cc2e 5 0 24.0
62b438a266fea644fe22cc2d 5 0 15.600000000000001
62b438a266fea644fe22cc2d 5 0 19.6
62b438a266fea644fe22cc2d 5 0 21.7
62b438a266fea644fe22cc2d 5 0 23.000000000000004
62b438a266fea644fe22cc2d 5 0 24.0
62b438a266fea644fe22cc2c 5 0 15.600000000000001
62b438a266fea644fe22cc2c 5 0 19.6
62b438a266fea644fe22cc2c 5 0 21.7
62b438a266fea644fe22cc2c 5 0 23.000000000000004
62b438a266fea644fe22cc2c 5 0 24.0
62ece4982e6aefcf4aabbd5f 5 3 16.200000000000003
62ece4982e6aefcf4aabbd5f 5 3 20.5
62ece4982e6aefcf4aabbd5f 5 3 22.7
62ece4982e6aefcf4aabbd5f 5 3 24.000000000000004
62ece4982e6aefcf4aabbd5f 5 3 25.0
62ece4982e6aefcf4aabbd60 5 0 16.200000000000003
62ece4982e6aefcf4aabbd60 5 0 20.5
62ece4982e6aefcf4aabbd60 5 0 22.7
62ece4982e6aefcf4aabbd60 5 0 24.000000000000004
62ece4982e6aefcf4aabbd60 5 0 25.0
62ece4982e6aefcf4aabbd61 5 3 16.800000000000004
62ece4982e6aefcf4aabbd61 5 3 21.4
62ece4982e6aefcf4aabbd61 5 3 23.7
62ece4982e6aefcf4aabbd61 5 3 25.000000000000004
62ece4982e6aefcf4aabbd61 5 3 26.0
62ece4982e6aefcf4aabbd62 5 0 16.800000000000004
62ece4982e6aefcf4aabbd62 5 0 21.4
62ece4982e6aefcf4aabbd62 5 0 23.7
62ece4982e6aefcf4aabbd62 5 0 25.000000000000004
62ece4982e6aefcf4aabbd62 5 0 26.0
62ece4982e6aefcf4aabbd63 5 1 17.000000000000004
62ece4982e6aefcf4aabbd63 5 1 21.799999999999997
62ece4982e6aefcf4aabbd63 5 1 24.3
62ece4982e6aefcf4aabbd63 5 1 25.800000000000004
62ece4982e6aefcf4aabbd63 5 1 27.0
62ece4982e6aefcf4aabbd65 5 0 17.000000000000004
62ece4982e6aefcf4aabbd65 5 0 21.799999999999997
62ece4982e6aefcf4aabbd65 5 0 24.3
62ece4982e6aefcf4aabbd65 5 0 25.800000000000004
62ece4982e6aefcf4aabbd65 5 0 27.0
62ece4982e6aefcf4aabbd66 5 0 17.000000000000004
62ece4982e6aefcf4aabbd66 5 0 21.799999999999997
62ece4982e6aefcf4aabbd66 5 0 24.3
62ece4982e6aefcf4aabbd66 5 0 25.800000000000004
62ece4982e6aefcf4aabbd66 5 0 27.0
62ece4982e6aefcf4aabbd67 5 1 17.200000000000003
62ece4982e6aefcf4aabbd67 5 1 22.199999999999996
62ece4982e6aefcf4aabbd67 5 1 24.900000000000002
62ece4982e6aefcf4aabbd67 5 1 26.600000000000005
62ece4982e6aefcf4aabbd67 5 1 28.0
62ece4982e6aefcf4aabbd68 5 0 17.200000000000003
62ece4982e6aefcf4aabbd68 5 0 22.199999999999996
62ece4982e6aefcf4aabbd68 5 0 24.900000000000002
62ece4982e6aefcf4aabbd68 5 0 26.600000000000005
62ece4982e6aefcf4aabbd68 5 0 28.0
62ece4982e6aefcf4aabbd69 5 0 17.200000000000003
62ece4982e6aefcf4aabbd69 5 0 22.199999999999996
62ece4982e6aefcf4aabbd69 5 0 24.900000000000002
62ece4982e6aefcf4aabbd69 5 0 26.600000000000005
62ece4982e6aefcf4aabbd69 5 0 28.0
62ece4982e6aefcf4aabbd6a 5 5 18.200000000000003
62ece4982e6aefcf4aabbd6a 5 5 23.199999999999996
62ece4982e6aefcf4aabbd6a 5 5 25.900000000000002
62ece4982e6aefcf4aabbd6a 5 5 27.600000000000005
62ece4982e6aefcf4aabbd6a 5 5 29.0
62ece4982e6aefcf4aabbd6b 5 5 19.200000000000003
62ece4982e6aefcf4aabbd6b 5 5 24.199999999999996
62ece4982e6aefcf4aabbd6b 5 5 26.900000000000002
62ece4982e6aefcf4aabbd6b 5 5 28.600000000000005
62ece4982e6aefcf4aabbd6b 5 5 30.0
62ece4982e6aefcf4aabbd6d 5 1 19.400000000000002
62ece4982e6aefcf4aabbd6d 5 1 24.599999999999994
62ece4982e6aefcf4aabbd6d 5 1 27.500000000000004
62ece4982e6aefcf4aabbd6d 5 1 29.400000000000006
62ece4982e6aefcf4aabbd6d 5 1 31.0
62ece4982e6aefcf4aabbd6f 5 0 19.400000000000002
62ece4982e6aefcf4aabbd6f 5 0 24.599999999999994
62ece4982e6aefcf4aabbd6f 5 0 27.500000000000004
62ece4982e6aefcf4aabbd6f 5 0 29.400000000000006
62ece4982e6aefcf4aabbd6f 5 0 31.0
62ece4982e6aefcf4aabbd70 5 1 19.6
62ece4982e6aefcf4aabbd70 5 1 24.999999999999993
62ece4982e6aefcf4aabbd70 5 1 28.100000000000005
62ece4982e6aefcf4aabbd70 5 1 30.200000000000006
62ece4982e6aefcf4aabbd70 5 1 32.0
62ece4982e6aefcf4aabbd71 5 0 19.6
62ece4982e6aefcf4aabbd71 5 0 24.999999999999993
62ece4982e6aefcf4aabbd71 5 0 28.100000000000005
62ece4982e6aefcf4aabbd71 5 0 30.200000000000006
62ece4982e6aefcf4aabbd71 5 0 32.0
62ece4982e6aefcf4aabbd72 5 0 19.6
62ece4982e6aefcf4aabbd72 5 0 24.999999999999993
62ece4982e6aefcf4aabbd72 5 0 28.100000000000005
62ece4982e6aefcf4aabbd72 5 0 30.200000000000006
62ece4982e6aefcf4aabbd72 5 0 32.0
62ece4982e6aefcf4aabbd73 5 0 19.6
62ece4982e6aefcf4aabbd73 5 0 24.999999999999993
62ece4982e6aefcf4aabbd73 5 0 28.100000000000005
62ece4982e6aefcf4aabbd73 5 0 30.200000000000006
62ece4982e6aefcf4aabbd73 5 0 32.0
62ece4982e6aefcf4aabbd74 5 0 19.6
62ece4982e6aefcf4aabbd74 5 0 24.999999999999993
62ece4982e6aefcf4aabbd74 5 0 28.100000000000005
62ece4982e6aefcf4aabbd74 5 0 30.200000000000006
62ece4982e6aefcf4aabbd74 5 0 32.0
62ece4982e6aefcf4aabbd75 5 0 19.6
62ece4982e6aefcf4aabbd75 5 0 24.999999999999993
62ece4982e6aefcf4aabbd75 5 0 28.100000000000005
62ece4982e6aefcf4aabbd75 5 0 30.200000000000006
62ece4982e6aefcf4aabbd75 5 0 32.0
62ece4982e6aefcf4aabbd76 5 1 19.8
62ece4982e6aefcf4aabbd76 5 1 25.39999999999999
62ece4982e6aefcf4aabbd76 5 1 28.700000000000006
62ece4982e6aefcf4aabbd76 5 1 31.000000000000007
62ece4982e6aefcf4aabbd76 5 1 33.0
62ece4982e6aefcf4aabbd77 5 0 19.8
62ece4982e6aefcf4aabbd77 5 0 25.39999999999999
62ece4982e6aefcf4aabbd77 5 0 28.700000000000006
62ece4982e6aefcf4aabbd77 5 0 31.000000000000007
62ece4982e6aefcf4aabbd77 5 0 33.0
62ece4992e6aefcf4aabbd78 5 0 19.8
62ece4992e6aefcf4aabbd78 5 0 25.39999999999999
62ece4992e6aefcf4aabbd78 5 0 28.700000000000006
62ece4992e6aefcf4aabbd78 5 0 31.000000000000007
62ece4992e6aefcf4aabbd78 5 0 33.0
62ece4992e6aefcf4aabbd79 5 0 19.8
62ece4992e6aefcf4aabbd79 5 0 25.39999999999999
62ece4992e6aefcf4aabbd79 5 0 28.700000000000006
62ece4992e6aefcf4aabbd79 5 0 31.000000000000007
62ece4992e6aefcf4aabbd79 5 0 33.0
62ece4992e6aefcf4aabbd7a 5 5 20.8
62ece4992e6aefcf4aabbd7a 5 5 26.39999999999999
62ece4992e6aefcf4aabbd7a 5 5 29.700000000000006
62ece4992e6aefcf4aabbd7a 5 5 32.00000000000001
62ece4992e6aefcf4aabbd7a 5 5 34.0
62ece4992e6aefcf4aabbd7b 5 0 20.8
62ece4992e6aefcf4aabbd7b 5 0 26.39999999999999
62ece4992e6aefcf4aabbd7b 5 0 29.700000000000006
62ece4992e6aefcf4aabbd7b 5 0 32.00000000000001
62ece4992e6aefcf4aabbd7b 5 0 34.0
62ece4992e6aefcf4aabbd7c 5 1 21.0
62ece4992e6aefcf4aabbd7c 5 1 26.79999999999999
62ece4992e6aefcf4aabbd7c 5 1 30.300000000000008
62ece4992e6aefcf4aabbd7c 5 1 32.800000000000004
62ece4992e6aefcf4aabbd7c 5 1 35.0
62ece4992e6aefcf4aabbd7d 5 4 21.8
62ece4992e6aefcf4aabbd7d 5 4 27.79999999999999
62ece4992e6aefcf4aabbd7d 5 4 31.300000000000008
62ece4992e6aefcf4aabbd7d 5 4 33.800000000000004
62ece4992e6aefcf4aabbd7d 5 4 36.0
62ece4992e6aefcf4aabbd7e 5 0 21.8
62ece4992e6aefcf4aabbd7e 5 0 27.79999999999999
62ece4992e6aefcf4aabbd7e 5 0 31.300000000000008
62ece4992e6aefcf4aabbd7e 5 0 33.800000000000004
62ece4992e6aefcf4aabbd7e 5 0 36.0
62ece4992e6aefcf4aabbd7f 5 1 22.0
62ece4992e6aefcf4aabbd7f 5 1 28.19999999999999
62ece4992e6aefcf4aabbd7f 5 1 31.90000000000001
62ece4992e6aefcf4aabbd7f 5 1 34.6
62ece4992e6aefcf4aabbd7f 5 1 37.0
62ece4992e6aefcf4aabbd80 5 3 22.6
62ece4992e6aefcf4aabbd80 5 3 29.099999999999987
62ece4992e6aefcf4aabbd80 5 3 32.900000000000006
62ece4992e6aefcf4aabbd80 5 3 35.6
62ece4992e6aefcf4aabbd80 5 3 38.0
62ece4992e6aefcf4aabbd82 5 2 23.0
62ece4992e6aefcf4aabbd82 5 2 29.799999999999986
62ece4992e6aefcf4aabbd82 5 2 33.800000000000004
62ece4992e6aefcf4aabbd82 5 2 36.6
62ece4992e6aefcf4aabbd82 5 2 39.0
62ece4992e6aefcf4aabbd83 5 0 23.0
62ece4992e6aefcf4aabbd83 5 0 29.799999999999986
62ece4992e6aefcf4aabbd83 5 0 33.800000000000004
62ece4992e6aefcf4aabbd83 5 0 36.6
62ece4992e6aefcf4aabbd83 5 0 39.0
62ece4992e6aefcf4aabbd84 5 1 23.2
62ece4992e6aefcf4aabbd84 5 1 30.199999999999985
62ece4992e6aefcf4aabbd84 5 1 34.400000000000006
62ece4992e6aefcf4aabbd84 5 1 37.4
62ece4992e6aefcf4aabbd84 5 1 40.0
62ece4992e6aefcf4aabbd85 5 1 23.4
62ece4992e6aefcf4aabbd85 5 1 30.599999999999984
62ece4992e6aefcf4aabbd85 5 1 35.00000000000001
62ece4992e6aefcf4aabbd85 5 1 38.199999999999996
62ece4992e6aefcf4aabbd85 5 1 41.0
62ece4992e6aefcf4aabbd86 5 1 23.599999999999998
62ece4992e6aefcf4aabbd86 5 1 30.999999999999982
62ece4992e6aefcf4aabbd86 5 1 35.60000000000001
62ece4992e6aefcf4aabbd86 5 1 38.99999999999999
62ece4992e6aefcf4aabbd86 5 1 42.0
62ece4992e6aefcf4aabbd87 5 0 23.599999999999998
62ece4992e6aefcf4aabbd87 5 0 30.999999999999982
62ece4992e6aefcf4aabbd87 5 0 35.60000000000001
62ece4992e6aefcf4aabbd87 5 0 38.99999999999999
62ece4992e6aefcf4aabbd87 5 0 42.0
62ece4992e6aefcf4aabbd88 5 0 23.599999999999998
62ece4992e6aefcf4aabbd88 5 0 30.999999999999982
62ece4992e6aefcf4aabbd88 5 0 35.60000000000001
62ece4992e6aefcf4aabbd88 5 0 38.99999999999999
62ece4992e6aefcf4aabbd88 5 0 42.0
62ece4992e6aefcf4aabbd89 5 2 23.999999999999996
62ece4992e6aefcf4aabbd89 5 2 31.69999999999998
62ece4992e6aefcf4aabbd89 5 2 36.50000000000001
62ece4992e6aefcf4aabbd89 5 2 39.99999999999999
62ece4992e6aefcf4aabbd89 5 2 43.0
62ece4992e6aefcf4aabbd8a 5 1 24.199999999999996
62ece4992e6aefcf4aabbd8a 5 1 32.09999999999998
62ece4992e6aefcf4aabbd8a 5 1 37.10000000000001
62ece4992e6aefcf4aabbd8a 5 1 40.79999999999999
62ece4992e6aefcf4aabbd8a 5 1 44.0
62ece4992e6aefcf4aabbd8b 5 0 24.199999999999996
62ece4992e6aefcf4aabbd8b 5 0 32.09999999999998
62ece4992e6aefcf4aabbd8b 5 0 37.10000000000001
62ece4992e6aefcf4aabbd8b 5 0 40.79999999999999
62ece4992e6aefcf4aabbd8b 5 0 44.0
62e60723d76274f8a4026b76 5 0 24.199999999999996
62e60723d76274f8a4026b76 5 0 32.09999999999998
62e60723d76274f8a4026b76 5 0 37.10000000000001
62e60723d76274f8a4026b76 5 0 40.79999999999999
62e60723d76274f8a4026b76 5 0 44.0
62e60873d76274f8a4026bd8 5 0 24.199999999999996
62e60873d76274f8a4026bd8 5 0 32.09999999999998
62e60873d76274f8a4026bd8 5 0 37.10000000000001
62e60873d76274f8a4026bd8 5 0 40.79999999999999
62e60873d76274f8a4026bd8 5 0 44.0
62e60e3bd76274f8a4026d1a 5 0 24.199999999999996
62e60e3bd76274f8a4026d1a 5 0 32.09999999999998
62e60e3bd76274f8a4026d1a 5 0 37.10000000000001
62e60e3bd76274f8a4026d1a 5 0 40.79999999999999
62e60e3bd76274f8a4026d1a 5 0 44.0
62b87b199a0c4fa8b80b354c 5 0 24.199999999999996
62b87b199a0c4fa8b80b354c 5 0 32.09999999999998
62b87b199a0c4fa8b80b354c 5 0 37.10000000000001
62b87b199a0c4fa8b80b354c 5 0 40.79999999999999
62b87b199a0c4fa8b80b354c 5 0 44.0
62b87b4f9a0c4fa8b80b3581 5 0 24.199999999999996
62b87b4f9a0c4fa8b80b3581 5 0 32.09999999999998
62b87b4f9a0c4fa8b80b3581 5 0 37.10000000000001
62b87b4f9a0c4fa8b80b3581 5 0 40.79999999999999
62b87b4f9a0c4fa8b80b3581 5 0 44.0
62b87b519a0c4fa8b80b3583 5 0 24.199999999999996
62b87b519a0c4fa8b80b3583 5 0 32.09999999999998
62b87b519a0c4fa8b80b3583 5 0 37.10000000000001
62b87b519a0c4fa8b80b3583 5 0 40.79999999999999
62b87b519a0c4fa8b80b3583 5 0 44.0
62b87b869a0c4fa8b80b35e1 5 0 24.199999999999996
62b87b869a0c4fa8b80b35e1 5 0 32.09999999999998
62b87b869a0c4fa8b80b35e1 5 0 37.10000000000001
62b87b869a0c4fa8b80b35e1 5 0 40.79999999999999
62b87b869a0c4fa8b80b35e1 5 0 44.0
62b8b4baeb7e40a82d2d1136 5 5 25.199999999999996
62b8b4baeb7e40a82d2d1136 5 5 33.09999999999998
62b8b4baeb7e40a82d2d1136 5 5 38.10000000000001
62b8b4baeb7e40a82d2d1136 5 5 41.79999999999999
62b8b4baeb7e40a82d2d1136 5 5 45.0
62b8b4baeb7e40a82d2d1137 5 5 26.199999999999996
62b8b4baeb7e40a82d2d1137 5 5 34.09999999999998
62b8b4baeb7e40a82d2d1137 5 5 39.10000000000001
62b8b4baeb7e40a82d2d1137 5 5 42.79999999999999
62b8b4baeb7e40a82d2d1137 5 5 46.0
62b8b4c1eb7e40a82d2d1139 5 1 26.399999999999995
62b8b4c1eb7e40a82d2d1139 5 1 34.49999999999998
62b8b4c1eb7e40a82d2d1139 5 1 39.70000000000001
62b8b4c1eb7e40a82d2d1139 5 1 43.59999999999999
62b8b4c1eb7e40a82d2d1139 5 1 47.0
62b8b559eb7e40a82d2d11f6 5 0 26.399999999999995
62b8b559eb7e40a82d2d11f6 5 0 34.49999999999998
62b8b559eb7e40a82d2d11f6 5 0 39.70000000000001
62b8b559eb7e40a82d2d11f6 5 0 43.59999999999999
62b8b559eb7e40a82d2d11f6 5 0 47.0
62b8d22a48ba5a41d1c3f47d 5 0 26.399999999999995
62b8d22a48ba5a41d1c3f47d 5 0 34.49999999999998
62b8d22a48ba5a41d1c3f47d 5 0 39.70000000000001
62b8d22a48ba5a41d1c3f47d 5 0 43.59999999999999
62b8d22a48ba5a41d1c3f47d 5 0 47.0
62b8d23748ba5a41d1c3f497 5 2 26.799999999999994
62b8d23748ba5a41d1c3f497 5 2 35.19999999999998
62b8d23748ba5a41d1c3f497 5 2 40.60000000000001
62b8d23748ba5a41d1c3f497 5 2 44.59999999999999
62b8d23748ba5a41d1c3f497 5 2 48.0
62b8d23a48ba5a41d1c3f499 5 0 26.799999999999994
62b8d23a48ba5a41d1c3f499 5 0 35.19999999999998
62b8d23a48ba5a41d1c3f499 5 0 40.60000000000001
62b8d23a48ba5a41d1c3f499 5 0 44.59999999999999
62b8d23a48ba5a41d1c3f499 5 0 48.0
62b8d23c48ba5a41d1c3f49b 5 1 26.999999999999993
62b8d23c48ba5a41d1c3f49b 5 1 35.59999999999998
62b8d23c48ba5a41d1c3f49b 5 1 41.20000000000001
62b8d23c48ba5a41d1c3f49b 5 1 45.399999999999984
62b8d23c48ba5a41d1c3f49b 5 1 49.0
62b8d23e48ba5a41d1c3f49e 5 0 26.999999999999993
62b8d23e48ba5a41d1c3f49e 5 0 35.59999999999998
62b8d23e48ba5a41d1c3f49e 5 0 41.20000000000001
62b8d23e48ba5a41d1c3f49e 5 0 45.399999999999984
62b8d23e48ba5a41d1c3f49e 5 0 49.0
62b43425903eeb48555d3ea1 5 0 26.999999999999993
62b43425903eeb48555d3ea1 5 0 35.59999999999998
62b43425903eeb48555d3ea1 5 0 41.20000000000001
62b43425903eeb48555d3ea1 5 0 45.399999999999984
62b43425903eeb48555d3ea1 5 0 49.0
62b43426903eeb48555d3ea2 5 0 26.999999999999993
62b43426903eeb48555d3ea2 5 0 35.59999999999998
62b43426903eeb48555d3ea2 5 0 41.20000000000001
62b43426903eeb48555d3ea2 5 0 45.399999999999984
62b43426903eeb48555d3ea2 5 0 49.0
62b8966c755ee91dce50a154 5 0 26.999999999999993
62b8966c755ee91dce50a154 5 0 35.59999999999998
62b8966c755ee91dce50a154 5 0 41.20000000000001
62b8966c755ee91dce50a154 5 0 45.399999999999984
62b8966c755ee91dce50a154 5 0 49.0
62b896de755ee91dce50a183 5 0 26.999999999999993
62b896de755ee91dce50a183 5 0 35.59999999999998
62b896de755ee91dce50a183 5 0 41.20000000000001
62b896de755ee91dce50a183 5 0 45.399999999999984
62b896de755ee91dce50a183 5 0 49.0
62b8a4a4755ee91dce50a3d3 5 4 27.799999999999994
62b8a4a4755ee91dce50a3d3 5 4 36.59999999999998
62b8a4a4755ee91dce50a3d3 5 4 42.20000000000001
62b8a4a4755ee91dce50a3d3 5 4 46.399999999999984
62b8a4a4755ee91dce50a3d3 5 4 50.0
62b8a7b2755ee91dce50a4a7 5 2 28.199999999999992
62b8a7b2755ee91dce50a4a7 5 2 37.29999999999998
62b8a7b2755ee91dce50a4a7 5 2 43.10000000000001
62b8a7b2755ee91dce50a4a7 5 2 47.399999999999984
62b8a7b2755ee91dce50a4a7 5 2 51.0
6305f9991d275c6667163c50 5 5 29.199999999999992
6305f9991d275c6667163c50 5 5 38.29999999999998
6305f9991d275c6667163c50 5 5 44.10000000000001
6305f9991d275c6667163c50 5 5 48.399999999999984
6305f9991d275c6667163c50 5 5 52.0
6306292052e177c0ba469f09 5 4 29.999999999999993
6306292052e177c0ba469f09 5 4 39.29999999999998
6306292052e177c0ba469f09 5 4 45.10000000000001
6306292052e177c0ba469f09 5 4 49.399999999999984
6306292052e177c0ba469f09 5 4 53.0
6306292152e177c0ba469f0d 5 0 29.999999999999993
6306292152e177c0ba469f0d 5 0 39.29999999999998
6306292152e177c0ba469f0d 5 0 45.10000000000001
6306292152e177c0ba469f0d 5 0 49.399999999999984
6306292152e177c0ba469f0d 5 0 53.0
6306292252e177c0ba469f11 5 5 30.999999999999993
6306292252e177c0ba469f11 5 5 40.29999999999998
6306292252e177c0ba469f11 5 5 46.10000000000001
6306292252e177c0ba469f11 5 5 50.399999999999984
6306292252e177c0ba469f11 5 5 54.0
6306292352e177c0ba469f1d 5 0 30.999999999999993
6306292352e177c0ba469f1d 5 0 40.29999999999998
6306292352e177c0ba469f1d 5 0 46.10000000000001
6306292352e177c0ba469f1d 5 0 50.399999999999984
6306292352e177c0ba469f1d 5 0 54.0
6306292352e177c0ba469f1e 5 0 30.999999999999993
6306292352e177c0ba469f1e 5 0 40.29999999999998
6306292352e177c0ba469f1e 5 0 46.10000000000001
6306292352e177c0ba469f1e 5 0 50.399999999999984
6306292352e177c0ba469f1e 5 0 54.0
6306292652e177c0ba469f34 5 0 30.999999999999993
6306292652e177c0ba469f34 5 0 40.29999999999998
6306292652e177c0ba469f34 5 0 46.10000000000001
6306292652e177c0ba469f34 5 0 50.399999999999984
6306292652e177c0ba469f34 5 0 54.0
6306292a52e177c0ba469f41 5 0 30.999999999999993
6306292a52e177c0ba469f41 5 0 40.29999999999998
6306292a52e177c0ba469f41 5 0 46.10000000000001
6306292a52e177c0ba469f41 5 0 50.399999999999984
6306292a52e177c0ba469f41 5 0 54.0
6306298b52e177c0ba469fdc 5 2 31.39999999999999
6306298b52e177c0ba469fdc 5 2 40.999999999999986
6306298b52e177c0ba469fdc 5 2 47.00000000000001
6306298b52e177c0ba469fdc 5 2 51.399999999999984
6306298b52e177c0ba469fdc 5 2 55.0
6306299052e177c0ba469fe8 5 5 32.39999999999999
6306299052e177c0ba469fe8 5 5 41.999999999999986
6306299052e177c0ba469fe8 5 5 48.00000000000001
6306299052e177c0ba469fe8 5 5 52.399999999999984
6306299052e177c0ba469fe8 5 5 56.0
630629b952e177c0ba46a043 5 0 32.39999999999999
630629b952e177c0ba46a043 5 0 41.999999999999986
630629b952e177c0ba46a043 5 0 48.00000000000001
630629b952e177c0ba46a043 5 0 52.399999999999984
630629b952e177c0ba46a043 5 0 56.0
630629d052e177c0ba46a0a1 5 0 32.39999999999999
630629d052e177c0ba46a0a1 5 0 41.999999999999986
630629d052e177c0ba46a0a1 5 0 48.00000000000001
630629d052e177c0ba46a0a1 5 0 52.399999999999984
630629d052e177c0ba46a0a1 5 0 56.0
630629e052e177c0ba46a0c4 5 0 32.39999999999999
630629e052e177c0ba46a0c4 5 0 41.999999999999986
630629e052e177c0ba46a0c4 5 0 48.00000000000001
630629e052e177c0ba46a0c4 5 0 52.399999999999984
630629e052e177c0ba46a0c4 5 0 56.0
630629e152e177c0ba46a0d1 5 3 32.99999999999999
630629e152e177c0ba46a0d1 5 3 42.899999999999984
630629e152e177c0ba46a0d1 5 3 49.00000000000001
630629e152e177c0ba46a0d1 5 3 53.399999999999984
630629e152e177c0ba46a0d1 5 3 57.0
630629e152e177c0ba46a0d2 5 0 32.99999999999999
630629e152e177c0ba46a0d2 5 0 42.899999999999984
630629e152e177c0ba46a0d2 5 0 49.00000000000001
630629e152e177c0ba46a0d2 5 0 53.399999999999984
630629e152e177c0ba46a0d2 5 0 57.0
630629e252e177c0ba46a0d6 5 3 33.599999999999994
630629e252e177c0ba46a0d6 5 3 43.79999999999998
630629e252e177c0ba46a0d6 5 3 50.00000000000001
630629e252e177c0ba46a0d6 5 3 54.399999999999984
630629e252e177c0ba46a0d6 5 3 58.0
630629e752e177c0ba46a0fb 5 2 33.99999999999999
630629e752e177c0ba46a0fb 5 2 44.499999999999986
630629e752e177c0ba46a0fb 5 2 50.900000000000006
630629e752e177c0ba46a0fb 5 2 55.399999999999984
630629e752e177c0ba46a0fb 5 2 59.0
6306091073426c38ae68acac 5 0 33.99999999999999
6306091073426c38ae68acac 5 0 44.499999999999986
6306091073426c38ae68acac 5 0 50.900000000000006
6306091073426c38ae68acac 5 0 55.399999999999984
6306091073426c38ae68acac 5 0 59.0
6306091a73426c38ae68acc8 5 0 33.99999999999999
6306091a73426c38ae68acc8 5 0 44.499999999999986
6306091a73426c38ae68acc8 5 0 50.900000000000006
6306091a73426c38ae68acc8 5 0 55.399999999999984
6306091a73426c38ae68acc8 5 0 59.0
6306091b73426c38ae68acd7 5 0 33.99999999999999
6306091b73426c38ae68acd7 5 0 44.499999999999986
6306091b73426c38ae68acd7 5 0 50.900000000000006
6306091b73426c38ae68acd7 5 0 55.399999999999984
6306091b73426c38ae68acd7 5 0 59.0
6306091b73426c38ae68acd9 5 0 33.99999999999999
6306091b73426c38ae68acd9 5 0 44.499999999999986
6306091b73426c38ae68acd9 5 0 50.900000000000006
6306091b73426c38ae68acd9 5 0 55.399999999999984
6306091b73426c38ae68acd9 5 0 59.0
6306091b73426c38ae68acda 5 0 33.99999999999999
6306091b73426c38ae68acda 5 0 44.499999999999986
6306091b73426c38ae68acda 5 0 50.900000000000006
6306091b73426c38ae68acda 5 0 55.399999999999984
6306091b73426c38ae68acda 5 0 59.0
6306091c73426c38ae68acdc 5 1 34.199999999999996
6306091c73426c38ae68acdc 5 1 44.899999999999984
6306091c73426c38ae68acdc 5 1 51.50000000000001
6306091c73426c38ae68acdc 5 1 56.19999999999998
6306091c73426c38ae68acdc 5 1 60.0
6306091c73426c38ae68acdd 5 0 34.199999999999996
6306091c73426c38ae68acdd 5 0 44.899999999999984
6306091c73426c38ae68acdd 5 0 51.50000000000001
6306091c73426c38ae68acdd 5 0 56.19999999999998
6306091c73426c38ae68acdd 5 0 60.0
6306091d73426c38ae68ace5 5 0 34.199999999999996
6306091d73426c38ae68ace5 5 0 44.899999999999984
6306091d73426c38ae68ace5 5 0 51.50000000000001
6306091d73426c38ae68ace5 5 0 56.19999999999998
6306091d73426c38ae68ace5 5 0 60.0
6306092373426c38ae68acfa 5 0 34.199999999999996
6306092373426c38ae68acfa 5 0 44.899999999999984
6306092373426c38ae68acfa 5 0 51.50000000000001
6306092373426c38ae68acfa 5 0 56.19999999999998
6306092373426c38ae68acfa 5 0 60.0
6306092973426c38ae68ad01 5 0 34.199999999999996
6306092973426c38ae68ad01 5 0 44.899999999999984
6306092973426c38ae68ad01 5 0 51.50000000000001
6306092973426c38ae68ad01 5 0 56.19999999999998
6306092973426c38ae68ad01 5 0 60.0
6306092c73426c38ae68ad02 5 0 34.199999999999996
6306092c73426c38ae68ad02 5 0 44.899999999999984
6306092c73426c38ae68ad02 5 0 51.50000000000001
6306092c73426c38ae68ad02 5 0 56.19999999999998
6306092c73426c38ae68ad02 5 0 60.0
6306092d73426c38ae68ad04 5 0 34.199999999999996
6306092d73426c38ae68ad04 5 0 44.899999999999984
6306092d73426c38ae68ad04 5 0 51.50000000000001
6306092d73426c38ae68ad04 5 0 56.19999999999998
6306092d73426c38ae68ad04 5 0 60.0
6306092d73426c38ae68ad05 5 0 34.199999999999996
6306092d73426c38ae68ad05 5 0 44.899999999999984
6306092d73426c38ae68ad05 5 0 51.50000000000001
6306092d73426c38ae68ad05 5 0 56.19999999999998
6306092d73426c38ae68ad05 5 0 60.0
6306092d73426c38ae68ad06 5 0 34.199999999999996
6306092d73426c38ae68ad06 5 0 44.899999999999984
6306092d73426c38ae68ad06 5 0 51.50000000000001
6306092d73426c38ae68ad06 5 0 56.19999999999998
6306092d73426c38ae68ad06 5 0 60.0
6306092d73426c38ae68ad07 5 0 34.199999999999996
6306092d73426c38ae68ad07 5 0 44.899999999999984
6306092d73426c38ae68ad07 5 0 51.50000000000001
6306092d73426c38ae68ad07 5 0 56.19999999999998
6306092d73426c38ae68ad07 5 0 60.0
6306092d73426c38ae68ad08 5 0 34.199999999999996
6306092d73426c38ae68ad08 5 0 44.899999999999984
6306092d73426c38ae68ad08 5 0 51.50000000000001
6306092d73426c38ae68ad08 5 0 56.19999999999998
6306092d73426c38ae68ad08 5 0 60.0
6306092e73426c38ae68ad09 5 0 34.199999999999996
6306092e73426c38ae68ad09 5 0 44.899999999999984
6306092e73426c38ae68ad09 5 0 51.50000000000001
6306092e73426c38ae68ad09 5 0 56.19999999999998
6306092e73426c38ae68ad09 5 0 60.0
6306092e73426c38ae68ad0a 5 0 34.199999999999996
6306092e73426c38ae68ad0a 5 0 44.899999999999984
6306092e73426c38ae68ad0a 5 0 51.50000000000001
6306092e73426c38ae68ad0a 5 0 56.19999999999998
6306092e73426c38ae68ad0a 5 0 60.0
6306092e73426c38ae68ad0b 5 0 34.199999999999996
6306092e73426c38ae68ad0b 5 0 44.899999999999984
6306092e73426c38ae68ad0b 5 0 51.50000000000001
6306092e73426c38ae68ad0b 5 0 56.19999999999998
6306092e73426c38ae68ad0b 5 0 60.0
6306092e73426c38ae68ad0d 5 0 34.199999999999996
6306092e73426c38ae68ad0d 5 0 44.899999999999984
6306092e73426c38ae68ad0d 5 0 51.50000000000001
6306092e73426c38ae68ad0d 5 0 56.19999999999998
6306092e73426c38ae68ad0d 5 0 60.0
6306092e73426c38ae68ad0f 5 0 34.199999999999996
6306092e73426c38ae68ad0f 5 0 44.899999999999984
6306092e73426c38ae68ad0f 5 0 51.50000000000001
6306092e73426c38ae68ad0f 5 0 56.19999999999998
6306092e73426c38ae68ad0f 5 0 60.0
6306092e73426c38ae68ad11 5 0 34.199999999999996
6306092e73426c38ae68ad11 5 0 44.899999999999984
6306092e73426c38ae68ad11 5 0 51.50000000000001
6306092e73426c38ae68ad11 5 0 56.19999999999998
6306092e73426c38ae68ad11 5 0 60.0
6306092f73426c38ae68ad13 5 0 34.199999999999996
6306092f73426c38ae68ad13 5 0 44.899999999999984
6306092f73426c38ae68ad13 5 0 51.50000000000001
6306092f73426c38ae68ad13 5 0 56.19999999999998
6306092f73426c38ae68ad13 5 0 60.0
6306093273426c38ae68ad15 5 0 34.199999999999996
6306093273426c38ae68ad15 5 0 44.899999999999984
6306093273426c38ae68ad15 5 0 51.50000000000001
6306093273426c38ae68ad15 5 0 56.19999999999998
6306093273426c38ae68ad15 5 0 60.0
63060ada73426c38ae68ad31 5 0 34.199999999999996
63060ada73426c38ae68ad31 5 0 44.899999999999984
63060ada73426c38ae68ad31 5 0 51.50000000000001
63060ada73426c38ae68ad31 5 0 56.19999999999998
63060ada73426c38ae68ad31 5 0 60.0
63060b1a73426c38ae68ad3e 5 0 34.199999999999996
63060b1a73426c38ae68ad3e 5 0 44.899999999999984
63060b1a73426c38ae68ad3e 5 0 51.50000000000001
63060b1a73426c38ae68ad3e 5 0 56.19999999999998
63060b1a73426c38ae68ad3e 5 0 60.0
63060b1b73426c38ae68ad42 5 0 34.199999999999996
63060b1b73426c38ae68ad42 5 0 44.899999999999984
63060b1b73426c38ae68ad42 5 0 51.50000000000001
63060b1b73426c38ae68ad42 5 0 56.19999999999998
63060b1b73426c38ae68ad42 5 0 60.0
63060b1b73426c38ae68ad43 5 3 34.8
63060b1b73426c38ae68ad43 5 3 45.79999999999998
63060b1b73426c38ae68ad43 5 3 52.50000000000001
63060b1b73426c38ae68ad43 5 3 57.19999999999998
63060b1b73426c38ae68ad43 5 3 61.0
62ece4982e6aefcf4aabbd64 5 0 34.8
62ece4982e6aefcf4aabbd64 5 0 45.79999999999998
62ece4982e6aefcf4aabbd64 5 0 52.50000000000001
62ece4982e6aefcf4aabbd64 5 0 57.19999999999998
62ece4982e6aefcf4aabbd64 5 0 61.0
230 230
[34.8, 45.79999999999998, 52.50000000000001, 57.19999999999998, 61.0]
0.15130434782608695
 15.13%
0.1991304347826086
 19.91%
0.22826086956521743
 22.83%
0.24869565217391296
 24.87%
0.26521739130434785
 26.52%
finish_overall
plib_runnable	21

  18.10%	
  27.62%	
  34.29%	
  39.05%	
  42.86%	


project_runnable	23

  6.96%	
  8.26%	
  8.70%	
  8.70%	
  8.70%	


class_runnable	55

  10.18%	
  13.27%	
  15.45%	
  17.09%	
  18.18%	


self_contained	35

  32.57%	
  40.00%	
  43.71%	
  46.29%	
  48.57%	


file_runnable	68

  12.94%	
  17.06%	
  19.41%	
  20.88%	
  22.06%	


slib_runnable	28

  12.86%	
  18.57%	
  22.50%	
  25.71%	
  28.57%	


230
0
