62e60f43d76274f8a4026e28 5 0 0.0
62e60f43d76274f8a4026e28 5 0 0.0
62e60f43d76274f8a4026e28 5 0 0.0
62e60f43d76274f8a4026e28 5 0 0.0
62e60f43d76274f8a4026e28 5 0 0.0
62e60f3bd76274f8a4026e10 5 0 0.0
62e60f3bd76274f8a4026e10 5 0 0.0
62e60f3bd76274f8a4026e10 5 0 0.0
62e60f3bd76274f8a4026e10 5 0 0.0
62e60f3bd76274f8a4026e10 5 0 0.0
62e60f37d76274f8a4026dfd 5 0 0.0
62e60f37d76274f8a4026dfd 5 0 0.0
62e60f37d76274f8a4026dfd 5 0 0.0
62e60f37d76274f8a4026dfd 5 0 0.0
62e60f37d76274f8a4026dfd 5 0 0.0
62e60f33d76274f8a4026de9 5 0 0.0
62e60f33d76274f8a4026de9 5 0 0.0
62e60f33d76274f8a4026de9 5 0 0.0
62e60f33d76274f8a4026de9 5 0 0.0
62e60f33d76274f8a4026de9 5 0 0.0
62e60ed4d76274f8a4026da0 5 5 1.0
62e60ed4d76274f8a4026da0 5 5 1.0
62e60ed4d76274f8a4026da0 5 5 1.0
62e60ed4d76274f8a4026da0 5 5 1.0
62e60ed4d76274f8a4026da0 5 5 1.0
62e60ecfd76274f8a4026d6a 5 0 1.0
62e60ecfd76274f8a4026d6a 5 0 1.0
62e60ecfd76274f8a4026d6a 5 0 1.0
62e60ecfd76274f8a4026d6a 5 0 1.0
62e60ecfd76274f8a4026d6a 5 0 1.0
62e60e49d76274f8a4026d25 5 0 1.0
62e60e49d76274f8a4026d25 5 0 1.0
62e60e49d76274f8a4026d25 5 0 1.0
62e60e49d76274f8a4026d25 5 0 1.0
62e60e49d76274f8a4026d25 5 0 1.0
62e60e05d76274f8a4026cfd 5 0 1.0
62e60e05d76274f8a4026cfd 5 0 1.0
62e60e05d76274f8a4026cfd 5 0 1.0
62e60e05d76274f8a4026cfd 5 0 1.0
62e60e05d76274f8a4026cfd 5 0 1.0
62e60da4d76274f8a4026cf1 5 0 1.0
62e60da4d76274f8a4026cf1 5 0 1.0
62e60da4d76274f8a4026cf1 5 0 1.0
62e60da4d76274f8a4026cf1 5 0 1.0
62e60da4d76274f8a4026cf1 5 0 1.0
62e60b10d76274f8a4026ccd 5 1 1.2
62e60b10d76274f8a4026ccd 5 1 1.4
62e60b10d76274f8a4026ccd 5 1 1.6
62e60b10d76274f8a4026ccd 5 1 1.8
62e60b10d76274f8a4026ccd 5 1 2.0
62e6087bd76274f8a4026bfa 5 0 1.2
62e6087bd76274f8a4026bfa 5 0 1.4
62e6087bd76274f8a4026bfa 5 0 1.6
62e6087bd76274f8a4026bfa 5 0 1.8
62e6087bd76274f8a4026bfa 5 0 2.0
62e6087ad76274f8a4026bf2 5 0 1.2
62e6087ad76274f8a4026bf2 5 0 1.4
62e6087ad76274f8a4026bf2 5 0 1.6
62e6087ad76274f8a4026bf2 5 0 1.8
62e6087ad76274f8a4026bf2 5 0 2.0
62e60879d76274f8a4026bec 5 0 1.2
62e60879d76274f8a4026bec 5 0 1.4
62e60879d76274f8a4026bec 5 0 1.6
62e60879d76274f8a4026bec 5 0 1.8
62e60879d76274f8a4026bec 5 0 2.0
62e60723d76274f8a4026b75 5 5 2.2
62e60723d76274f8a4026b75 5 5 2.4
62e60723d76274f8a4026b75 5 5 2.6
62e60723d76274f8a4026b75 5 5 2.8
62e60723d76274f8a4026b75 5 5 3.0
62e60707d76274f8a4026b69 5 0 2.2
62e60707d76274f8a4026b69 5 0 2.4
62e60707d76274f8a4026b69 5 0 2.6
62e60707d76274f8a4026b69 5 0 2.8
62e60707d76274f8a4026b69 5 0 3.0
62e5dc9ed76274f8a4026b5b 5 1 2.4000000000000004
62e5dc9ed76274f8a4026b5b 5 1 2.8
62e5dc9ed76274f8a4026b5b 5 1 3.2
62e5dc9ed76274f8a4026b5b 5 1 3.5999999999999996
62e5dc9ed76274f8a4026b5b 5 1 4.0
62e4fc3c85ea98643089041e 5 0 2.4000000000000004
62e4fc3c85ea98643089041e 5 0 2.8
62e4fc3c85ea98643089041e 5 0 3.2
62e4fc3c85ea98643089041e 5 0 3.5999999999999996
62e4fc3c85ea98643089041e 5 0 4.0
62e4fbda85ea986430890405 5 0 2.4000000000000004
62e4fbda85ea986430890405 5 0 2.8
62e4fbda85ea986430890405 5 0 3.2
62e4fbda85ea986430890405 5 0 3.5999999999999996
62e4fbda85ea986430890405 5 0 4.0
62e4fbda85ea986430890403 5 0 2.4000000000000004
62e4fbda85ea986430890403 5 0 2.8
62e4fbda85ea986430890403 5 0 3.2
62e4fbda85ea986430890403 5 0 3.5999999999999996
62e4fbda85ea986430890403 5 0 4.0
62e4fb6585ea98643089032b 5 5 3.4000000000000004
62e4fb6585ea98643089032b 5 5 3.8
62e4fb6585ea98643089032b 5 5 4.2
62e4fb6585ea98643089032b 5 5 4.6
62e4fb6585ea98643089032b 5 5 5.0
62e4fb4d85ea9864308902e7 5 0 3.4000000000000004
62e4fb4d85ea9864308902e7 5 0 3.8
62e4fb4d85ea9864308902e7 5 0 4.2
62e4fb4d85ea9864308902e7 5 0 4.6
62e4fb4d85ea9864308902e7 5 0 5.0
62b8d27a48ba5a41d1c3f4c6 5 0 3.4000000000000004
62b8d27a48ba5a41d1c3f4c6 5 0 3.8
62b8d27a48ba5a41d1c3f4c6 5 0 4.2
62b8d27a48ba5a41d1c3f4c6 5 0 4.6
62b8d27a48ba5a41d1c3f4c6 5 0 5.0
62b8d24048ba5a41d1c3f49f 5 0 3.4000000000000004
62b8d24048ba5a41d1c3f49f 5 0 3.8
62b8d24048ba5a41d1c3f49f 5 0 4.2
62b8d24048ba5a41d1c3f49f 5 0 4.6
62b8d24048ba5a41d1c3f49f 5 0 5.0
62b8d23b48ba5a41d1c3f49a 5 0 3.4000000000000004
62b8d23b48ba5a41d1c3f49a 5 0 3.8
62b8d23b48ba5a41d1c3f49a 5 0 4.2
62b8d23b48ba5a41d1c3f49a 5 0 4.6
62b8d23b48ba5a41d1c3f49a 5 0 5.0
62b8d23948ba5a41d1c3f498 5 0 3.4000000000000004
62b8d23948ba5a41d1c3f498 5 0 3.8
62b8d23948ba5a41d1c3f498 5 0 4.2
62b8d23948ba5a41d1c3f498 5 0 4.6
62b8d23948ba5a41d1c3f498 5 0 5.0
62b8d23748ba5a41d1c3f496 5 0 3.4000000000000004
62b8d23748ba5a41d1c3f496 5 0 3.8
62b8d23748ba5a41d1c3f496 5 0 4.2
62b8d23748ba5a41d1c3f496 5 0 4.6
62b8d23748ba5a41d1c3f496 5 0 5.0
62b8d22f48ba5a41d1c3f488 5 1 3.6000000000000005
62b8d22f48ba5a41d1c3f488 5 1 4.2
62b8d22f48ba5a41d1c3f488 5 1 4.8
62b8d22f48ba5a41d1c3f488 5 1 5.3999999999999995
62b8d22f48ba5a41d1c3f488 5 1 6.0
62b8d22a48ba5a41d1c3f47e 5 2 4.0
62b8d22a48ba5a41d1c3f47e 5 2 4.9
62b8d22a48ba5a41d1c3f47e 5 2 5.7
62b8d22a48ba5a41d1c3f47e 5 2 6.3999999999999995
62b8d22a48ba5a41d1c3f47e 5 2 7.0
62b8d22948ba5a41d1c3f47c 5 2 4.4
62b8d22948ba5a41d1c3f47c 5 2 5.6000000000000005
62b8d22948ba5a41d1c3f47c 5 2 6.6000000000000005
62b8d22948ba5a41d1c3f47c 5 2 7.3999999999999995
62b8d22948ba5a41d1c3f47c 5 2 8.0
62b8d22548ba5a41d1c3f472 5 0 4.4
62b8d22548ba5a41d1c3f472 5 0 5.6000000000000005
62b8d22548ba5a41d1c3f472 5 0 6.6000000000000005
62b8d22548ba5a41d1c3f472 5 0 7.3999999999999995
62b8d22548ba5a41d1c3f472 5 0 8.0
62b8c517e0d34b282c18122e 5 0 4.4
62b8c517e0d34b282c18122e 5 0 5.6000000000000005
62b8c517e0d34b282c18122e 5 0 6.6000000000000005
62b8c517e0d34b282c18122e 5 0 7.3999999999999995
62b8c517e0d34b282c18122e 5 0 8.0
62b8bbbfe0d34b282c181210 5 4 5.2
62b8bbbfe0d34b282c181210 5 4 6.6000000000000005
62b8bbbfe0d34b282c181210 5 4 7.6000000000000005
62b8bbbfe0d34b282c181210 5 4 8.399999999999999
62b8bbbfe0d34b282c181210 5 4 9.0
62b8bbbfe0d34b282c18120f 5 5 6.2
62b8bbbfe0d34b282c18120f 5 5 7.6000000000000005
62b8bbbfe0d34b282c18120f 5 5 8.600000000000001
62b8bbbfe0d34b282c18120f 5 5 9.399999999999999
62b8bbbfe0d34b282c18120f 5 5 10.0
62b8bbbce0d34b282c18120d 5 4 7.0
62b8bbbce0d34b282c18120d 5 4 8.600000000000001
62b8bbbce0d34b282c18120d 5 4 9.600000000000001
62b8bbbce0d34b282c18120d 5 4 10.399999999999999
62b8bbbce0d34b282c18120d 5 4 11.0
62b8b99de0d34b282c1811f8 5 0 7.0
62b8b99de0d34b282c1811f8 5 0 8.600000000000001
62b8b99de0d34b282c1811f8 5 0 9.600000000000001
62b8b99de0d34b282c1811f8 5 0 10.399999999999999
62b8b99de0d34b282c1811f8 5 0 11.0
62b8b59feb7e40a82d2d1291 5 0 7.0
62b8b59feb7e40a82d2d1291 5 0 8.600000000000001
62b8b59feb7e40a82d2d1291 5 0 9.600000000000001
62b8b59feb7e40a82d2d1291 5 0 10.399999999999999
62b8b59feb7e40a82d2d1291 5 0 11.0
62b8b590eb7e40a82d2d1275 5 0 7.0
62b8b590eb7e40a82d2d1275 5 0 8.600000000000001
62b8b590eb7e40a82d2d1275 5 0 9.600000000000001
62b8b590eb7e40a82d2d1275 5 0 10.399999999999999
62b8b590eb7e40a82d2d1275 5 0 11.0
62b8b58deb7e40a82d2d1269 5 3 7.6
62b8b58deb7e40a82d2d1269 5 3 9.500000000000002
62b8b58deb7e40a82d2d1269 5 3 10.600000000000001
62b8b58deb7e40a82d2d1269 5 3 11.399999999999999
62b8b58deb7e40a82d2d1269 5 3 12.0
62b8b559eb7e40a82d2d11f8 5 0 7.6
62b8b559eb7e40a82d2d11f8 5 0 9.500000000000002
62b8b559eb7e40a82d2d11f8 5 0 10.600000000000001
62b8b559eb7e40a82d2d11f8 5 0 11.399999999999999
62b8b559eb7e40a82d2d11f8 5 0 12.0
62b8b4b9eb7e40a82d2d1134 5 0 7.6
62b8b4b9eb7e40a82d2d1134 5 0 9.500000000000002
62b8b4b9eb7e40a82d2d1134 5 0 10.600000000000001
62b8b4b9eb7e40a82d2d1134 5 0 11.399999999999999
62b8b4b9eb7e40a82d2d1134 5 0 12.0
62b8b416eb7e40a82d2d1129 5 0 7.6
62b8b416eb7e40a82d2d1129 5 0 9.500000000000002
62b8b416eb7e40a82d2d1129 5 0 10.600000000000001
62b8b416eb7e40a82d2d1129 5 0 11.399999999999999
62b8b416eb7e40a82d2d1129 5 0 12.0
62b8b3d6eb7e40a82d2d111c 5 0 7.6
62b8b3d6eb7e40a82d2d111c 5 0 9.500000000000002
62b8b3d6eb7e40a82d2d111c 5 0 10.600000000000001
62b8b3d6eb7e40a82d2d111c 5 0 11.399999999999999
62b8b3d6eb7e40a82d2d111c 5 0 12.0
62b8b3d5eb7e40a82d2d1110 5 1 7.8
62b8b3d5eb7e40a82d2d1110 5 1 9.900000000000002
62b8b3d5eb7e40a82d2d1110 5 1 11.200000000000001
62b8b3d5eb7e40a82d2d1110 5 1 12.2
62b8b3d5eb7e40a82d2d1110 5 1 13.0
62b8b3d4eb7e40a82d2d110f 5 3 8.4
62b8b3d4eb7e40a82d2d110f 5 3 10.800000000000002
62b8b3d4eb7e40a82d2d110f 5 3 12.200000000000001
62b8b3d4eb7e40a82d2d110f 5 3 13.2
62b8b3d4eb7e40a82d2d110f 5 3 14.0
62b8b3d4eb7e40a82d2d110e 5 0 8.4
62b8b3d4eb7e40a82d2d110e 5 0 10.800000000000002
62b8b3d4eb7e40a82d2d110e 5 0 12.200000000000001
62b8b3d4eb7e40a82d2d110e 5 0 13.2
62b8b3d4eb7e40a82d2d110e 5 0 14.0
62b8b3d4eb7e40a82d2d110d 5 0 8.4
62b8b3d4eb7e40a82d2d110d 5 0 10.800000000000002
62b8b3d4eb7e40a82d2d110d 5 0 12.200000000000001
62b8b3d4eb7e40a82d2d110d 5 0 13.2
62b8b3d4eb7e40a82d2d110d 5 0 14.0
62b87b989a0c4fa8b80b35ee 5 0 8.4
62b87b989a0c4fa8b80b35ee 5 0 10.800000000000002
62b87b989a0c4fa8b80b35ee 5 0 12.200000000000001
62b87b989a0c4fa8b80b35ee 5 0 13.2
62b87b989a0c4fa8b80b35ee 5 0 14.0
62b87b859a0c4fa8b80b35d7 5 0 8.4
62b87b859a0c4fa8b80b35d7 5 0 10.800000000000002
62b87b859a0c4fa8b80b35d7 5 0 12.200000000000001
62b87b859a0c4fa8b80b35d7 5 0 13.2
62b87b859a0c4fa8b80b35d7 5 0 14.0
62b87b839a0c4fa8b80b35cb 5 0 8.4
62b87b839a0c4fa8b80b35cb 5 0 10.800000000000002
62b87b839a0c4fa8b80b35cb 5 0 12.200000000000001
62b87b839a0c4fa8b80b35cb 5 0 13.2
62b87b839a0c4fa8b80b35cb 5 0 14.0
62b87b7e9a0c4fa8b80b35bc 5 0 8.4
62b87b7e9a0c4fa8b80b35bc 5 0 10.800000000000002
62b87b7e9a0c4fa8b80b35bc 5 0 12.200000000000001
62b87b7e9a0c4fa8b80b35bc 5 0 13.2
62b87b7e9a0c4fa8b80b35bc 5 0 14.0
62b87b4f9a0c4fa8b80b3580 5 0 8.4
62b87b4f9a0c4fa8b80b3580 5 0 10.800000000000002
62b87b4f9a0c4fa8b80b3580 5 0 12.200000000000001
62b87b4f9a0c4fa8b80b3580 5 0 13.2
62b87b4f9a0c4fa8b80b3580 5 0 14.0
62b87b199a0c4fa8b80b354e 5 1 8.6
62b87b199a0c4fa8b80b354e 5 1 11.200000000000003
62b87b199a0c4fa8b80b354e 5 1 12.8
62b87b199a0c4fa8b80b354e 5 1 14.0
62b87b199a0c4fa8b80b354e 5 1 15.0
62b87b099a0c4fa8b80b3538 5 5 9.6
62b87b099a0c4fa8b80b3538 5 5 12.200000000000003
62b87b099a0c4fa8b80b3538 5 5 13.8
62b87b099a0c4fa8b80b3538 5 5 15.0
62b87b099a0c4fa8b80b3538 5 5 16.0
62b87af99a0c4fa8b80b3524 5 5 10.6
62b87af99a0c4fa8b80b3524 5 5 13.200000000000003
62b87af99a0c4fa8b80b3524 5 5 14.8
62b87af99a0c4fa8b80b3524 5 5 16.0
62b87af99a0c4fa8b80b3524 5 5 17.0
62b87af69a0c4fa8b80b351a 5 5 11.6
62b87af69a0c4fa8b80b351a 5 5 14.200000000000003
62b87af69a0c4fa8b80b351a 5 5 15.8
62b87af69a0c4fa8b80b351a 5 5 17.0
62b87af69a0c4fa8b80b351a 5 5 18.0
62b87af19a0c4fa8b80b34f7 5 0 11.6
62b87af19a0c4fa8b80b34f7 5 0 14.200000000000003
62b87af19a0c4fa8b80b34f7 5 0 15.8
62b87af19a0c4fa8b80b34f7 5 0 17.0
62b87af19a0c4fa8b80b34f7 5 0 18.0
62b87af09a0c4fa8b80b34f1 5 0 11.6
62b87af09a0c4fa8b80b34f1 5 0 14.200000000000003
62b87af09a0c4fa8b80b34f1 5 0 15.8
62b87af09a0c4fa8b80b34f1 5 0 17.0
62b87af09a0c4fa8b80b34f1 5 0 18.0
62b86aa3b4d922cb0e688d36 5 0 11.6
62b86aa3b4d922cb0e688d36 5 0 14.200000000000003
62b86aa3b4d922cb0e688d36 5 0 15.8
62b86aa3b4d922cb0e688d36 5 0 17.0
62b86aa3b4d922cb0e688d36 5 0 18.0
62b86a9eb4d922cb0e688d25 5 0 11.6
62b86a9eb4d922cb0e688d25 5 0 14.200000000000003
62b86a9eb4d922cb0e688d25 5 0 15.8
62b86a9eb4d922cb0e688d25 5 0 17.0
62b86a9eb4d922cb0e688d25 5 0 18.0
62b86a4fb4d922cb0e688cf8 5 2 12.0
62b86a4fb4d922cb0e688cf8 5 2 14.900000000000002
62b86a4fb4d922cb0e688cf8 5 2 16.7
62b86a4fb4d922cb0e688cf8 5 2 18.0
62b86a4fb4d922cb0e688cf8 5 2 19.0
62b86a4fb4d922cb0e688cf7 5 0 12.0
62b86a4fb4d922cb0e688cf7 5 0 14.900000000000002
62b86a4fb4d922cb0e688cf7 5 0 16.7
62b86a4fb4d922cb0e688cf7 5 0 18.0
62b86a4fb4d922cb0e688cf7 5 0 19.0
62b86a01b4d922cb0e688ccc 5 0 12.0
62b86a01b4d922cb0e688ccc 5 0 14.900000000000002
62b86a01b4d922cb0e688ccc 5 0 16.7
62b86a01b4d922cb0e688ccc 5 0 18.0
62b86a01b4d922cb0e688ccc 5 0 19.0
62b869ebb4d922cb0e688cc6 5 1 12.2
62b869ebb4d922cb0e688cc6 5 1 15.300000000000002
62b869ebb4d922cb0e688cc6 5 1 17.3
62b869ebb4d922cb0e688cc6 5 1 18.8
62b869ebb4d922cb0e688cc6 5 1 20.0
62b869eab4d922cb0e688cc5 5 0 12.2
62b869eab4d922cb0e688cc5 5 0 15.300000000000002
62b869eab4d922cb0e688cc5 5 0 17.3
62b869eab4d922cb0e688cc5 5 0 18.8
62b869eab4d922cb0e688cc5 5 0 20.0
62b869eab4d922cb0e688cbf 5 2 12.6
62b869eab4d922cb0e688cbf 5 2 16.000000000000004
62b869eab4d922cb0e688cbf 5 2 18.2
62b869eab4d922cb0e688cbf 5 2 19.8
62b869eab4d922cb0e688cbf 5 2 21.0
62b43427903eeb48555d3ea5 5 0 12.6
62b43427903eeb48555d3ea5 5 0 16.000000000000004
62b43427903eeb48555d3ea5 5 0 18.2
62b43427903eeb48555d3ea5 5 0 19.8
62b43427903eeb48555d3ea5 5 0 21.0
62b43428903eeb48555d3eaa 5 0 12.6
62b43428903eeb48555d3eaa 5 0 16.000000000000004
62b43428903eeb48555d3eaa 5 0 18.2
62b43428903eeb48555d3eaa 5 0 19.8
62b43428903eeb48555d3eaa 5 0 21.0
62b45df05108cfac7f2109ce 5 0 12.6
62b45df05108cfac7f2109ce 5 0 16.000000000000004
62b45df05108cfac7f2109ce 5 0 18.2
62b45df05108cfac7f2109ce 5 0 19.8
62b45df05108cfac7f2109ce 5 0 21.0
62b45df15108cfac7f2109dc 5 0 12.6
62b45df15108cfac7f2109dc 5 0 16.000000000000004
62b45df15108cfac7f2109dc 5 0 18.2
62b45df15108cfac7f2109dc 5 0 19.8
62b45df15108cfac7f2109dc 5 0 21.0
62b45df15108cfac7f2109dd 5 0 12.6
62b45df15108cfac7f2109dd 5 0 16.000000000000004
62b45df15108cfac7f2109dd 5 0 18.2
62b45df15108cfac7f2109dd 5 0 19.8
62b45df15108cfac7f2109dd 5 0 21.0
62b45e135108cfac7f2109f4 5 4 13.4
62b45e135108cfac7f2109f4 5 4 17.000000000000004
62b45e135108cfac7f2109f4 5 4 19.2
62b45e135108cfac7f2109f4 5 4 20.8
62b45e135108cfac7f2109f4 5 4 22.0
62b45e145108cfac7f210a07 5 0 13.4
62b45e145108cfac7f210a07 5 0 17.000000000000004
62b45e145108cfac7f210a07 5 0 19.2
62b45e145108cfac7f210a07 5 0 20.8
62b45e145108cfac7f210a07 5 0 22.0
62b45e145108cfac7f210a09 5 0 13.4
62b45e145108cfac7f210a09 5 0 17.000000000000004
62b45e145108cfac7f210a09 5 0 19.2
62b45e145108cfac7f210a09 5 0 20.8
62b45e145108cfac7f210a09 5 0 22.0
62b45e165108cfac7f210a16 5 0 13.4
62b45e165108cfac7f210a16 5 0 17.000000000000004
62b45e165108cfac7f210a16 5 0 19.2
62b45e165108cfac7f210a16 5 0 20.8
62b45e165108cfac7f210a16 5 0 22.0
62b45e165108cfac7f210a17 5 0 13.4
62b45e165108cfac7f210a17 5 0 17.000000000000004
62b45e165108cfac7f210a17 5 0 19.2
62b45e165108cfac7f210a17 5 0 20.8
62b45e165108cfac7f210a17 5 0 22.0
62b45e175108cfac7f210a19 5 0 13.4
62b45e175108cfac7f210a19 5 0 17.000000000000004
62b45e175108cfac7f210a19 5 0 19.2
62b45e175108cfac7f210a19 5 0 20.8
62b45e175108cfac7f210a19 5 0 22.0
62b463153879012d19481498 5 0 13.4
62b463153879012d19481498 5 0 17.000000000000004
62b463153879012d19481498 5 0 19.2
62b463153879012d19481498 5 0 20.8
62b463153879012d19481498 5 0 22.0
62b463153879012d1948149a 5 0 13.4
62b463153879012d1948149a 5 0 17.000000000000004
62b463153879012d1948149a 5 0 19.2
62b463153879012d1948149a 5 0 20.8
62b463153879012d1948149a 5 0 22.0
62b463153879012d1948149b 5 0 13.4
62b463153879012d1948149b 5 0 17.000000000000004
62b463153879012d1948149b 5 0 19.2
62b463153879012d1948149b 5 0 20.8
62b463153879012d1948149b 5 0 22.0
62b463153879012d1948149c 5 5 14.4
62b463153879012d1948149c 5 5 18.000000000000004
62b463153879012d1948149c 5 5 20.2
62b463153879012d1948149c 5 5 21.8
62b463153879012d1948149c 5 5 23.0
62b463153879012d1948149d 5 0 14.4
62b463153879012d1948149d 5 0 18.000000000000004
62b463153879012d1948149d 5 0 20.2
62b463153879012d1948149d 5 0 21.8
62b463153879012d1948149d 5 0 23.0
62b463153879012d1948149f 5 0 14.4
62b463153879012d1948149f 5 0 18.000000000000004
62b463153879012d1948149f 5 0 20.2
62b463153879012d1948149f 5 0 21.8
62b463153879012d1948149f 5 0 23.0
62b463153879012d194814a1 5 1 14.6
62b463153879012d194814a1 5 1 18.400000000000002
62b463153879012d194814a1 5 1 20.8
62b463153879012d194814a1 5 1 22.6
62b463153879012d194814a1 5 1 24.0
62b463163879012d194814a2 5 0 14.6
62b463163879012d194814a2 5 0 18.400000000000002
62b463163879012d194814a2 5 0 20.8
62b463163879012d194814a2 5 0 22.6
62b463163879012d194814a2 5 0 24.0
62b463163879012d194814a4 5 0 14.6
62b463163879012d194814a4 5 0 18.400000000000002
62b463163879012d194814a4 5 0 20.8
62b463163879012d194814a4 5 0 22.6
62b463163879012d194814a4 5 0 24.0
62b463163879012d194814a6 5 0 14.6
62b463163879012d194814a6 5 0 18.400000000000002
62b463163879012d194814a6 5 0 20.8
62b463163879012d194814a6 5 0 22.6
62b463163879012d194814a6 5 0 24.0
62b4631b3879012d194814dd 5 0 14.6
62b4631b3879012d194814dd 5 0 18.400000000000002
62b4631b3879012d194814dd 5 0 20.8
62b4631b3879012d194814dd 5 0 22.6
62b4631b3879012d194814dd 5 0 24.0
62b463283879012d1948153d 5 5 15.6
62b463283879012d1948153d 5 5 19.400000000000002
62b463283879012d1948153d 5 5 21.8
62b463283879012d1948153d 5 5 23.6
62b463283879012d1948153d 5 5 25.0
62b463303879012d19481579 5 0 15.6
62b463303879012d19481579 5 0 19.400000000000002
62b463303879012d19481579 5 0 21.8
62b463303879012d19481579 5 0 23.6
62b463303879012d19481579 5 0 25.0
62b46740d2f69a53b466171a 5 3 16.2
62b46740d2f69a53b466171a 5 3 20.3
62b46740d2f69a53b466171a 5 3 22.8
62b46740d2f69a53b466171a 5 3 24.6
62b46740d2f69a53b466171a 5 3 26.0
62b46746d2f69a53b4661722 5 0 16.2
62b46746d2f69a53b4661722 5 0 20.3
62b46746d2f69a53b4661722 5 0 22.8
62b46746d2f69a53b4661722 5 0 24.6
62b46746d2f69a53b4661722 5 0 26.0
62b86707b4d922cb0e688c2a 5 0 16.2
62b86707b4d922cb0e688c2a 5 0 20.3
62b86707b4d922cb0e688c2a 5 0 22.8
62b86707b4d922cb0e688c2a 5 0 24.6
62b86707b4d922cb0e688c2a 5 0 26.0
62b86729b4d922cb0e688c2f 5 0 16.2
62b86729b4d922cb0e688c2f 5 0 20.3
62b86729b4d922cb0e688c2f 5 0 22.8
62b86729b4d922cb0e688c2f 5 0 24.6
62b86729b4d922cb0e688c2f 5 0 26.0
62b8a4a4755ee91dce50a3d2 5 0 16.2
62b8a4a4755ee91dce50a3d2 5 0 20.3
62b8a4a4755ee91dce50a3d2 5 0 22.8
62b8a4a4755ee91dce50a3d2 5 0 24.6
62b8a4a4755ee91dce50a3d2 5 0 26.0
62b8982f755ee91dce50a241 5 5 17.2
62b8982f755ee91dce50a241 5 5 21.3
62b8982f755ee91dce50a241 5 5 23.8
62b8982f755ee91dce50a241 5 5 25.6
62b8982f755ee91dce50a241 5 5 27.0
62b89640755ee91dce50a114 5 4 18.0
62b89640755ee91dce50a114 5 4 22.3
62b89640755ee91dce50a114 5 4 24.8
62b89640755ee91dce50a114 5 4 26.6
62b89640755ee91dce50a114 5 4 28.0
62b87d24d292efb640a55670 5 0 18.0
62b87d24d292efb640a55670 5 0 22.3
62b87d24d292efb640a55670 5 0 24.8
62b87d24d292efb640a55670 5 0 26.6
62b87d24d292efb640a55670 5 0 28.0
62b87d24d292efb640a5566f 5 0 18.0
62b87d24d292efb640a5566f 5 0 22.3
62b87d24d292efb640a5566f 5 0 24.8
62b87d24d292efb640a5566f 5 0 26.6
62b87d24d292efb640a5566f 5 0 28.0
62b87d24d292efb640a5566d 5 0 18.0
62b87d24d292efb640a5566d 5 0 22.3
62b87d24d292efb640a5566d 5 0 24.8
62b87d24d292efb640a5566d 5 0 26.6
62b87d24d292efb640a5566d 5 0 28.0
62b87d23d292efb640a5566b 5 0 18.0
62b87d23d292efb640a5566b 5 0 22.3
62b87d23d292efb640a5566b 5 0 24.8
62b87d23d292efb640a5566b 5 0 26.6
62b87d23d292efb640a5566b 5 0 28.0
62b87d23d292efb640a55668 5 0 18.0
62b87d23d292efb640a55668 5 0 22.3
62b87d23d292efb640a55668 5 0 24.8
62b87d23d292efb640a55668 5 0 26.6
62b87d23d292efb640a55668 5 0 28.0
62b87d23d292efb640a55667 5 5 19.0
62b87d23d292efb640a55667 5 5 23.3
62b87d23d292efb640a55667 5 5 25.8
62b87d23d292efb640a55667 5 5 27.6
62b87d23d292efb640a55667 5 5 29.0
62b45e945108cfac7f210a4a 5 0 19.0
62b45e945108cfac7f210a4a 5 0 23.3
62b45e945108cfac7f210a4a 5 0 25.8
62b45e945108cfac7f210a4a 5 0 27.6
62b45e945108cfac7f210a4a 5 0 29.0
62b45e515108cfac7f210a3c 5 0 19.0
62b45e515108cfac7f210a3c 5 0 23.3
62b45e515108cfac7f210a3c 5 0 25.8
62b45e515108cfac7f210a3c 5 0 27.6
62b45e515108cfac7f210a3c 5 0 29.0
62b45e2eb89c9fd354170232 5 0 19.0
62b45e2eb89c9fd354170232 5 0 23.3
62b45e2eb89c9fd354170232 5 0 25.8
62b45e2eb89c9fd354170232 5 0 27.6
62b45e2eb89c9fd354170232 5 0 29.0
62b45e23e0d4551b0392c90a 5 0 19.0
62b45e23e0d4551b0392c90a 5 0 23.3
62b45e23e0d4551b0392c90a 5 0 25.8
62b45e23e0d4551b0392c90a 5 0 27.6
62b45e23e0d4551b0392c90a 5 0 29.0
62b45e21e0d4551b0392c8ed 5 0 19.0
62b45e21e0d4551b0392c8ed 5 0 23.3
62b45e21e0d4551b0392c8ed 5 0 25.8
62b45e21e0d4551b0392c8ed 5 0 27.6
62b45e21e0d4551b0392c8ed 5 0 29.0
62b45b396decaeff903e1001 5 0 19.0
62b45b396decaeff903e1001 5 0 23.3
62b45b396decaeff903e1001 5 0 25.8
62b45b396decaeff903e1001 5 0 27.6
62b45b396decaeff903e1001 5 0 29.0
62b4567ed7d32e5b55cc83d9 5 0 19.0
62b4567ed7d32e5b55cc83d9 5 0 23.3
62b4567ed7d32e5b55cc83d9 5 0 25.8
62b4567ed7d32e5b55cc83d9 5 0 27.6
62b4567ed7d32e5b55cc83d9 5 0 29.0
62b4567ad7d32e5b55cc83af 5 0 19.0
62b4567ad7d32e5b55cc83af 5 0 23.3
62b4567ad7d32e5b55cc83af 5 0 25.8
62b4567ad7d32e5b55cc83af 5 0 27.6
62b4567ad7d32e5b55cc83af 5 0 29.0
62b45679d7d32e5b55cc83a9 5 1 19.2
62b45679d7d32e5b55cc83a9 5 1 23.7
62b45679d7d32e5b55cc83a9 5 1 26.400000000000002
62b45679d7d32e5b55cc83a9 5 1 28.400000000000002
62b45679d7d32e5b55cc83a9 5 1 30.0
62b45665d7d32e5b55cc8365 5 0 19.2
62b45665d7d32e5b55cc8365 5 0 23.7
62b45665d7d32e5b55cc8365 5 0 26.400000000000002
62b45665d7d32e5b55cc8365 5 0 28.400000000000002
62b45665d7d32e5b55cc8365 5 0 30.0
62b45665d7d32e5b55cc8364 5 0 19.2
62b45665d7d32e5b55cc8364 5 0 23.7
62b45665d7d32e5b55cc8364 5 0 26.400000000000002
62b45665d7d32e5b55cc8364 5 0 28.400000000000002
62b45665d7d32e5b55cc8364 5 0 30.0
62b45665d7d32e5b55cc8363 5 0 19.2
62b45665d7d32e5b55cc8363 5 0 23.7
62b45665d7d32e5b55cc8363 5 0 26.400000000000002
62b45665d7d32e5b55cc8363 5 0 28.400000000000002
62b45665d7d32e5b55cc8363 5 0 30.0
62b438ba66fea644fe22cca2 5 1 19.4
62b438ba66fea644fe22cca2 5 1 24.099999999999998
62b438ba66fea644fe22cca2 5 1 27.000000000000004
62b438ba66fea644fe22cca2 5 1 29.200000000000003
62b438ba66fea644fe22cca2 5 1 31.0
62b438b666fea644fe22cc78 5 0 19.4
62b438b666fea644fe22cc78 5 0 24.099999999999998
62b438b666fea644fe22cc78 5 0 27.000000000000004
62b438b666fea644fe22cc78 5 0 29.200000000000003
62b438b666fea644fe22cc78 5 0 31.0
62b438b666fea644fe22cc72 5 1 19.599999999999998
62b438b666fea644fe22cc72 5 1 24.499999999999996
62b438b666fea644fe22cc72 5 1 27.600000000000005
62b438b666fea644fe22cc72 5 1 30.000000000000004
62b438b666fea644fe22cc72 5 1 32.0
62b438b566fea644fe22cc70 5 0 19.599999999999998
62b438b566fea644fe22cc70 5 0 24.499999999999996
62b438b566fea644fe22cc70 5 0 27.600000000000005
62b438b566fea644fe22cc70 5 0 30.000000000000004
62b438b566fea644fe22cc70 5 0 32.0
62b438a266fea644fe22cc2e 5 0 19.599999999999998
62b438a266fea644fe22cc2e 5 0 24.499999999999996
62b438a266fea644fe22cc2e 5 0 27.600000000000005
62b438a266fea644fe22cc2e 5 0 30.000000000000004
62b438a266fea644fe22cc2e 5 0 32.0
62b438a266fea644fe22cc2d 5 0 19.599999999999998
62b438a266fea644fe22cc2d 5 0 24.499999999999996
62b438a266fea644fe22cc2d 5 0 27.600000000000005
62b438a266fea644fe22cc2d 5 0 30.000000000000004
62b438a266fea644fe22cc2d 5 0 32.0
62b438a266fea644fe22cc2c 5 4 20.4
62b438a266fea644fe22cc2c 5 4 25.499999999999996
62b438a266fea644fe22cc2c 5 4 28.600000000000005
62b438a266fea644fe22cc2c 5 4 31.000000000000004
62b438a266fea644fe22cc2c 5 4 33.0
62ece4982e6aefcf4aabbd5f 5 5 21.4
62ece4982e6aefcf4aabbd5f 5 5 26.499999999999996
62ece4982e6aefcf4aabbd5f 5 5 29.600000000000005
62ece4982e6aefcf4aabbd5f 5 5 32.0
62ece4982e6aefcf4aabbd5f 5 5 34.0
62ece4982e6aefcf4aabbd60 5 1 21.599999999999998
62ece4982e6aefcf4aabbd60 5 1 26.899999999999995
62ece4982e6aefcf4aabbd60 5 1 30.200000000000006
62ece4982e6aefcf4aabbd60 5 1 32.8
62ece4982e6aefcf4aabbd60 5 1 35.0
62ece4982e6aefcf4aabbd61 5 4 22.4
62ece4982e6aefcf4aabbd61 5 4 27.899999999999995
62ece4982e6aefcf4aabbd61 5 4 31.200000000000006
62ece4982e6aefcf4aabbd61 5 4 33.8
62ece4982e6aefcf4aabbd61 5 4 36.0
62ece4982e6aefcf4aabbd62 5 1 22.599999999999998
62ece4982e6aefcf4aabbd62 5 1 28.299999999999994
62ece4982e6aefcf4aabbd62 5 1 31.800000000000008
62ece4982e6aefcf4aabbd62 5 1 34.599999999999994
62ece4982e6aefcf4aabbd62 5 1 37.0
62ece4982e6aefcf4aabbd63 5 4 23.4
62ece4982e6aefcf4aabbd63 5 4 29.299999999999994
62ece4982e6aefcf4aabbd63 5 4 32.80000000000001
62ece4982e6aefcf4aabbd63 5 4 35.599999999999994
62ece4982e6aefcf4aabbd63 5 4 38.0
62ece4982e6aefcf4aabbd65 5 1 23.599999999999998
62ece4982e6aefcf4aabbd65 5 1 29.699999999999992
62ece4982e6aefcf4aabbd65 5 1 33.40000000000001
62ece4982e6aefcf4aabbd65 5 1 36.39999999999999
62ece4982e6aefcf4aabbd65 5 1 39.0
62ece4982e6aefcf4aabbd66 5 0 23.599999999999998
62ece4982e6aefcf4aabbd66 5 0 29.699999999999992
62ece4982e6aefcf4aabbd66 5 0 33.40000000000001
62ece4982e6aefcf4aabbd66 5 0 36.39999999999999
62ece4982e6aefcf4aabbd66 5 0 39.0
62ece4982e6aefcf4aabbd67 5 3 24.2
62ece4982e6aefcf4aabbd67 5 3 30.59999999999999
62ece4982e6aefcf4aabbd67 5 3 34.40000000000001
62ece4982e6aefcf4aabbd67 5 3 37.39999999999999
62ece4982e6aefcf4aabbd67 5 3 40.0
62ece4982e6aefcf4aabbd68 5 0 24.2
62ece4982e6aefcf4aabbd68 5 0 30.59999999999999
62ece4982e6aefcf4aabbd68 5 0 34.40000000000001
62ece4982e6aefcf4aabbd68 5 0 37.39999999999999
62ece4982e6aefcf4aabbd68 5 0 40.0
62ece4982e6aefcf4aabbd69 5 0 24.2
62ece4982e6aefcf4aabbd69 5 0 30.59999999999999
62ece4982e6aefcf4aabbd69 5 0 34.40000000000001
62ece4982e6aefcf4aabbd69 5 0 37.39999999999999
62ece4982e6aefcf4aabbd69 5 0 40.0
62ece4982e6aefcf4aabbd6a 5 5 25.2
62ece4982e6aefcf4aabbd6a 5 5 31.59999999999999
62ece4982e6aefcf4aabbd6a 5 5 35.40000000000001
62ece4982e6aefcf4aabbd6a 5 5 38.39999999999999
62ece4982e6aefcf4aabbd6a 5 5 41.0
62ece4982e6aefcf4aabbd6b 5 0 25.2
62ece4982e6aefcf4aabbd6b 5 0 31.59999999999999
62ece4982e6aefcf4aabbd6b 5 0 35.40000000000001
62ece4982e6aefcf4aabbd6b 5 0 38.39999999999999
62ece4982e6aefcf4aabbd6b 5 0 41.0
62ece4982e6aefcf4aabbd6d 5 1 25.4
62ece4982e6aefcf4aabbd6d 5 1 31.99999999999999
62ece4982e6aefcf4aabbd6d 5 1 36.000000000000014
62ece4982e6aefcf4aabbd6d 5 1 39.19999999999999
62ece4982e6aefcf4aabbd6d 5 1 42.0
62ece4982e6aefcf4aabbd6f 5 0 25.4
62ece4982e6aefcf4aabbd6f 5 0 31.99999999999999
62ece4982e6aefcf4aabbd6f 5 0 36.000000000000014
62ece4982e6aefcf4aabbd6f 5 0 39.19999999999999
62ece4982e6aefcf4aabbd6f 5 0 42.0
62ece4982e6aefcf4aabbd70 5 0 25.4
62ece4982e6aefcf4aabbd70 5 0 31.99999999999999
62ece4982e6aefcf4aabbd70 5 0 36.000000000000014
62ece4982e6aefcf4aabbd70 5 0 39.19999999999999
62ece4982e6aefcf4aabbd70 5 0 42.0
62ece4982e6aefcf4aabbd71 5 0 25.4
62ece4982e6aefcf4aabbd71 5 0 31.99999999999999
62ece4982e6aefcf4aabbd71 5 0 36.000000000000014
62ece4982e6aefcf4aabbd71 5 0 39.19999999999999
62ece4982e6aefcf4aabbd71 5 0 42.0
62ece4982e6aefcf4aabbd72 5 0 25.4
62ece4982e6aefcf4aabbd72 5 0 31.99999999999999
62ece4982e6aefcf4aabbd72 5 0 36.000000000000014
62ece4982e6aefcf4aabbd72 5 0 39.19999999999999
62ece4982e6aefcf4aabbd72 5 0 42.0
62ece4982e6aefcf4aabbd73 5 0 25.4
62ece4982e6aefcf4aabbd73 5 0 31.99999999999999
62ece4982e6aefcf4aabbd73 5 0 36.000000000000014
62ece4982e6aefcf4aabbd73 5 0 39.19999999999999
62ece4982e6aefcf4aabbd73 5 0 42.0
62ece4982e6aefcf4aabbd74 5 1 25.599999999999998
62ece4982e6aefcf4aabbd74 5 1 32.39999999999999
62ece4982e6aefcf4aabbd74 5 1 36.600000000000016
62ece4982e6aefcf4aabbd74 5 1 39.999999999999986
62ece4982e6aefcf4aabbd74 5 1 43.0
62ece4982e6aefcf4aabbd75 5 0 25.599999999999998
62ece4982e6aefcf4aabbd75 5 0 32.39999999999999
62ece4982e6aefcf4aabbd75 5 0 36.600000000000016
62ece4982e6aefcf4aabbd75 5 0 39.999999999999986
62ece4982e6aefcf4aabbd75 5 0 43.0
62ece4982e6aefcf4aabbd76 5 0 25.599999999999998
62ece4982e6aefcf4aabbd76 5 0 32.39999999999999
62ece4982e6aefcf4aabbd76 5 0 36.600000000000016
62ece4982e6aefcf4aabbd76 5 0 39.999999999999986
62ece4982e6aefcf4aabbd76 5 0 43.0
62ece4982e6aefcf4aabbd77 5 0 25.599999999999998
62ece4982e6aefcf4aabbd77 5 0 32.39999999999999
62ece4982e6aefcf4aabbd77 5 0 36.600000000000016
62ece4982e6aefcf4aabbd77 5 0 39.999999999999986
62ece4982e6aefcf4aabbd77 5 0 43.0
62ece4992e6aefcf4aabbd78 5 0 25.599999999999998
62ece4992e6aefcf4aabbd78 5 0 32.39999999999999
62ece4992e6aefcf4aabbd78 5 0 36.600000000000016
62ece4992e6aefcf4aabbd78 5 0 39.999999999999986
62ece4992e6aefcf4aabbd78 5 0 43.0
62ece4992e6aefcf4aabbd79 5 0 25.599999999999998
62ece4992e6aefcf4aabbd79 5 0 32.39999999999999
62ece4992e6aefcf4aabbd79 5 0 36.600000000000016
62ece4992e6aefcf4aabbd79 5 0 39.999999999999986
62ece4992e6aefcf4aabbd79 5 0 43.0
62ece4992e6aefcf4aabbd7a 5 5 26.599999999999998
62ece4992e6aefcf4aabbd7a 5 5 33.39999999999999
62ece4992e6aefcf4aabbd7a 5 5 37.600000000000016
62ece4992e6aefcf4aabbd7a 5 5 40.999999999999986
62ece4992e6aefcf4aabbd7a 5 5 44.0
62ece4992e6aefcf4aabbd7b 5 0 26.599999999999998
62ece4992e6aefcf4aabbd7b 5 0 33.39999999999999
62ece4992e6aefcf4aabbd7b 5 0 37.600000000000016
62ece4992e6aefcf4aabbd7b 5 0 40.999999999999986
62ece4992e6aefcf4aabbd7b 5 0 44.0
62ece4992e6aefcf4aabbd7c 5 2 26.999999999999996
62ece4992e6aefcf4aabbd7c 5 2 34.099999999999994
62ece4992e6aefcf4aabbd7c 5 2 38.500000000000014
62ece4992e6aefcf4aabbd7c 5 2 41.999999999999986
62ece4992e6aefcf4aabbd7c 5 2 45.0
62ece4992e6aefcf4aabbd7d 5 5 27.999999999999996
62ece4992e6aefcf4aabbd7d 5 5 35.099999999999994
62ece4992e6aefcf4aabbd7d 5 5 39.500000000000014
62ece4992e6aefcf4aabbd7d 5 5 42.999999999999986
62ece4992e6aefcf4aabbd7d 5 5 46.0
62ece4992e6aefcf4aabbd7e 5 0 27.999999999999996
62ece4992e6aefcf4aabbd7e 5 0 35.099999999999994
62ece4992e6aefcf4aabbd7e 5 0 39.500000000000014
62ece4992e6aefcf4aabbd7e 5 0 42.999999999999986
62ece4992e6aefcf4aabbd7e 5 0 46.0
62ece4992e6aefcf4aabbd7f 5 5 28.999999999999996
62ece4992e6aefcf4aabbd7f 5 5 36.099999999999994
62ece4992e6aefcf4aabbd7f 5 5 40.500000000000014
62ece4992e6aefcf4aabbd7f 5 5 43.999999999999986
62ece4992e6aefcf4aabbd7f 5 5 47.0
62ece4992e6aefcf4aabbd80 5 5 29.999999999999996
62ece4992e6aefcf4aabbd80 5 5 37.099999999999994
62ece4992e6aefcf4aabbd80 5 5 41.500000000000014
62ece4992e6aefcf4aabbd80 5 5 44.999999999999986
62ece4992e6aefcf4aabbd80 5 5 48.0
62ece4992e6aefcf4aabbd82 5 5 30.999999999999996
62ece4992e6aefcf4aabbd82 5 5 38.099999999999994
62ece4992e6aefcf4aabbd82 5 5 42.500000000000014
62ece4992e6aefcf4aabbd82 5 5 45.999999999999986
62ece4992e6aefcf4aabbd82 5 5 49.0
62ece4992e6aefcf4aabbd83 5 0 30.999999999999996
62ece4992e6aefcf4aabbd83 5 0 38.099999999999994
62ece4992e6aefcf4aabbd83 5 0 42.500000000000014
62ece4992e6aefcf4aabbd83 5 0 45.999999999999986
62ece4992e6aefcf4aabbd83 5 0 49.0
62ece4992e6aefcf4aabbd84 5 5 31.999999999999996
62ece4992e6aefcf4aabbd84 5 5 39.099999999999994
62ece4992e6aefcf4aabbd84 5 5 43.500000000000014
62ece4992e6aefcf4aabbd84 5 5 46.999999999999986
62ece4992e6aefcf4aabbd84 5 5 50.0
62ece4992e6aefcf4aabbd85 5 3 32.599999999999994
62ece4992e6aefcf4aabbd85 5 3 39.99999999999999
62ece4992e6aefcf4aabbd85 5 3 44.500000000000014
62ece4992e6aefcf4aabbd85 5 3 47.999999999999986
62ece4992e6aefcf4aabbd85 5 3 51.0
62ece4992e6aefcf4aabbd86 5 3 33.199999999999996
62ece4992e6aefcf4aabbd86 5 3 40.89999999999999
62ece4992e6aefcf4aabbd86 5 3 45.500000000000014
62ece4992e6aefcf4aabbd86 5 3 48.999999999999986
62ece4992e6aefcf4aabbd86 5 3 52.0
62ece4992e6aefcf4aabbd87 5 0 33.199999999999996
62ece4992e6aefcf4aabbd87 5 0 40.89999999999999
62ece4992e6aefcf4aabbd87 5 0 45.500000000000014
62ece4992e6aefcf4aabbd87 5 0 48.999999999999986
62ece4992e6aefcf4aabbd87 5 0 52.0
62ece4992e6aefcf4aabbd88 5 1 33.4
62ece4992e6aefcf4aabbd88 5 1 41.29999999999999
62ece4992e6aefcf4aabbd88 5 1 46.100000000000016
62ece4992e6aefcf4aabbd88 5 1 49.79999999999998
62ece4992e6aefcf4aabbd88 5 1 53.0
62ece4992e6aefcf4aabbd89 5 1 33.6
62ece4992e6aefcf4aabbd89 5 1 41.69999999999999
62ece4992e6aefcf4aabbd89 5 1 46.70000000000002
62ece4992e6aefcf4aabbd89 5 1 50.59999999999998
62ece4992e6aefcf4aabbd89 5 1 54.0
62ece4992e6aefcf4aabbd8a 5 2 34.0
62ece4992e6aefcf4aabbd8a 5 2 42.39999999999999
62ece4992e6aefcf4aabbd8a 5 2 47.600000000000016
62ece4992e6aefcf4aabbd8a 5 2 51.59999999999998
62ece4992e6aefcf4aabbd8a 5 2 55.0
62ece4992e6aefcf4aabbd8b 5 0 34.0
62ece4992e6aefcf4aabbd8b 5 0 42.39999999999999
62ece4992e6aefcf4aabbd8b 5 0 47.600000000000016
62ece4992e6aefcf4aabbd8b 5 0 51.59999999999998
62ece4992e6aefcf4aabbd8b 5 0 55.0
62e60723d76274f8a4026b76 5 1 34.2
62e60723d76274f8a4026b76 5 1 42.79999999999999
62e60723d76274f8a4026b76 5 1 48.20000000000002
62e60723d76274f8a4026b76 5 1 52.39999999999998
62e60723d76274f8a4026b76 5 1 56.0
62e60873d76274f8a4026bd8 5 0 34.2
62e60873d76274f8a4026bd8 5 0 42.79999999999999
62e60873d76274f8a4026bd8 5 0 48.20000000000002
62e60873d76274f8a4026bd8 5 0 52.39999999999998
62e60873d76274f8a4026bd8 5 0 56.0
62e60e3bd76274f8a4026d1a 5 0 34.2
62e60e3bd76274f8a4026d1a 5 0 42.79999999999999
62e60e3bd76274f8a4026d1a 5 0 48.20000000000002
62e60e3bd76274f8a4026d1a 5 0 52.39999999999998
62e60e3bd76274f8a4026d1a 5 0 56.0
62b87b199a0c4fa8b80b354c 5 0 34.2
62b87b199a0c4fa8b80b354c 5 0 42.79999999999999
62b87b199a0c4fa8b80b354c 5 0 48.20000000000002
62b87b199a0c4fa8b80b354c 5 0 52.39999999999998
62b87b199a0c4fa8b80b354c 5 0 56.0
62b87b4f9a0c4fa8b80b3581 5 0 34.2
62b87b4f9a0c4fa8b80b3581 5 0 42.79999999999999
62b87b4f9a0c4fa8b80b3581 5 0 48.20000000000002
62b87b4f9a0c4fa8b80b3581 5 0 52.39999999999998
62b87b4f9a0c4fa8b80b3581 5 0 56.0
62b87b519a0c4fa8b80b3583 5 0 34.2
62b87b519a0c4fa8b80b3583 5 0 42.79999999999999
62b87b519a0c4fa8b80b3583 5 0 48.20000000000002
62b87b519a0c4fa8b80b3583 5 0 52.39999999999998
62b87b519a0c4fa8b80b3583 5 0 56.0
62b87b869a0c4fa8b80b35e1 5 0 34.2
62b87b869a0c4fa8b80b35e1 5 0 42.79999999999999
62b87b869a0c4fa8b80b35e1 5 0 48.20000000000002
62b87b869a0c4fa8b80b35e1 5 0 52.39999999999998
62b87b869a0c4fa8b80b35e1 5 0 56.0
62b8b4baeb7e40a82d2d1136 5 5 35.2
62b8b4baeb7e40a82d2d1136 5 5 43.79999999999999
62b8b4baeb7e40a82d2d1136 5 5 49.20000000000002
62b8b4baeb7e40a82d2d1136 5 5 53.39999999999998
62b8b4baeb7e40a82d2d1136 5 5 57.0
62b8b4baeb7e40a82d2d1137 5 4 36.0
62b8b4baeb7e40a82d2d1137 5 4 44.79999999999999
62b8b4baeb7e40a82d2d1137 5 4 50.20000000000002
62b8b4baeb7e40a82d2d1137 5 4 54.39999999999998
62b8b4baeb7e40a82d2d1137 5 4 58.0
62b8b4c1eb7e40a82d2d1139 5 5 37.0
62b8b4c1eb7e40a82d2d1139 5 5 45.79999999999999
62b8b4c1eb7e40a82d2d1139 5 5 51.20000000000002
62b8b4c1eb7e40a82d2d1139 5 5 55.39999999999998
62b8b4c1eb7e40a82d2d1139 5 5 59.0
62b8b559eb7e40a82d2d11f6 5 3 37.6
62b8b559eb7e40a82d2d11f6 5 3 46.69999999999999
62b8b559eb7e40a82d2d11f6 5 3 52.20000000000002
62b8b559eb7e40a82d2d11f6 5 3 56.39999999999998
62b8b559eb7e40a82d2d11f6 5 3 60.0
62b8d22a48ba5a41d1c3f47d 5 1 37.800000000000004
62b8d22a48ba5a41d1c3f47d 5 1 47.09999999999999
62b8d22a48ba5a41d1c3f47d 5 1 52.80000000000002
62b8d22a48ba5a41d1c3f47d 5 1 57.199999999999974
62b8d22a48ba5a41d1c3f47d 5 1 61.0
62b8d23748ba5a41d1c3f497 5 0 37.800000000000004
62b8d23748ba5a41d1c3f497 5 0 47.09999999999999
62b8d23748ba5a41d1c3f497 5 0 52.80000000000002
62b8d23748ba5a41d1c3f497 5 0 57.199999999999974
62b8d23748ba5a41d1c3f497 5 0 61.0
62b8d23a48ba5a41d1c3f499 5 0 37.800000000000004
62b8d23a48ba5a41d1c3f499 5 0 47.09999999999999
62b8d23a48ba5a41d1c3f499 5 0 52.80000000000002
62b8d23a48ba5a41d1c3f499 5 0 57.199999999999974
62b8d23a48ba5a41d1c3f499 5 0 61.0
62b8d23c48ba5a41d1c3f49b 5 1 38.00000000000001
62b8d23c48ba5a41d1c3f49b 5 1 47.499999999999986
62b8d23c48ba5a41d1c3f49b 5 1 53.40000000000002
62b8d23c48ba5a41d1c3f49b 5 1 57.99999999999997
62b8d23c48ba5a41d1c3f49b 5 1 62.0
62b8d23e48ba5a41d1c3f49e 5 5 39.00000000000001
62b8d23e48ba5a41d1c3f49e 5 5 48.499999999999986
62b8d23e48ba5a41d1c3f49e 5 5 54.40000000000002
62b8d23e48ba5a41d1c3f49e 5 5 58.99999999999997
62b8d23e48ba5a41d1c3f49e 5 5 63.0
62b43425903eeb48555d3ea1 5 0 39.00000000000001
62b43425903eeb48555d3ea1 5 0 48.499999999999986
62b43425903eeb48555d3ea1 5 0 54.40000000000002
62b43425903eeb48555d3ea1 5 0 58.99999999999997
62b43425903eeb48555d3ea1 5 0 63.0
62b43426903eeb48555d3ea2 5 0 39.00000000000001
62b43426903eeb48555d3ea2 5 0 48.499999999999986
62b43426903eeb48555d3ea2 5 0 54.40000000000002
62b43426903eeb48555d3ea2 5 0 58.99999999999997
62b43426903eeb48555d3ea2 5 0 63.0
62b8966c755ee91dce50a154 5 0 39.00000000000001
62b8966c755ee91dce50a154 5 0 48.499999999999986
62b8966c755ee91dce50a154 5 0 54.40000000000002
62b8966c755ee91dce50a154 5 0 58.99999999999997
62b8966c755ee91dce50a154 5 0 63.0
62b896de755ee91dce50a183 5 0 39.00000000000001
62b896de755ee91dce50a183 5 0 48.499999999999986
62b896de755ee91dce50a183 5 0 54.40000000000002
62b896de755ee91dce50a183 5 0 58.99999999999997
62b896de755ee91dce50a183 5 0 63.0
62b8a4a4755ee91dce50a3d3 5 5 40.00000000000001
62b8a4a4755ee91dce50a3d3 5 5 49.499999999999986
62b8a4a4755ee91dce50a3d3 5 5 55.40000000000002
62b8a4a4755ee91dce50a3d3 5 5 59.99999999999997
62b8a4a4755ee91dce50a3d3 5 5 64.0
62b8a7b2755ee91dce50a4a7 5 3 40.60000000000001
62b8a7b2755ee91dce50a4a7 5 3 50.399999999999984
62b8a7b2755ee91dce50a4a7 5 3 56.40000000000002
62b8a7b2755ee91dce50a4a7 5 3 60.99999999999997
62b8a7b2755ee91dce50a4a7 5 3 65.0
6305f9991d275c6667163c50 5 5 41.60000000000001
6305f9991d275c6667163c50 5 5 51.399999999999984
6305f9991d275c6667163c50 5 5 57.40000000000002
6305f9991d275c6667163c50 5 5 61.99999999999997
6305f9991d275c6667163c50 5 5 66.0
6306292052e177c0ba469f09 5 5 42.60000000000001
6306292052e177c0ba469f09 5 5 52.399999999999984
6306292052e177c0ba469f09 5 5 58.40000000000002
6306292052e177c0ba469f09 5 5 62.99999999999997
6306292052e177c0ba469f09 5 5 67.0
6306292152e177c0ba469f0d 5 0 42.60000000000001
6306292152e177c0ba469f0d 5 0 52.399999999999984
6306292152e177c0ba469f0d 5 0 58.40000000000002
6306292152e177c0ba469f0d 5 0 62.99999999999997
6306292152e177c0ba469f0d 5 0 67.0
6306292252e177c0ba469f11 5 5 43.60000000000001
6306292252e177c0ba469f11 5 5 53.399999999999984
6306292252e177c0ba469f11 5 5 59.40000000000002
6306292252e177c0ba469f11 5 5 63.99999999999997
6306292252e177c0ba469f11 5 5 68.0
6306292352e177c0ba469f1d 5 0 43.60000000000001
6306292352e177c0ba469f1d 5 0 53.399999999999984
6306292352e177c0ba469f1d 5 0 59.40000000000002
6306292352e177c0ba469f1d 5 0 63.99999999999997
6306292352e177c0ba469f1d 5 0 68.0
6306292352e177c0ba469f1e 5 0 43.60000000000001
6306292352e177c0ba469f1e 5 0 53.399999999999984
6306292352e177c0ba469f1e 5 0 59.40000000000002
6306292352e177c0ba469f1e 5 0 63.99999999999997
6306292352e177c0ba469f1e 5 0 68.0
6306292652e177c0ba469f34 5 0 43.60000000000001
6306292652e177c0ba469f34 5 0 53.399999999999984
6306292652e177c0ba469f34 5 0 59.40000000000002
6306292652e177c0ba469f34 5 0 63.99999999999997
6306292652e177c0ba469f34 5 0 68.0
6306292a52e177c0ba469f41 5 1 43.80000000000001
6306292a52e177c0ba469f41 5 1 53.79999999999998
6306292a52e177c0ba469f41 5 1 60.00000000000002
6306292a52e177c0ba469f41 5 1 64.79999999999997
6306292a52e177c0ba469f41 5 1 69.0
6306298b52e177c0ba469fdc 5 2 44.20000000000001
6306298b52e177c0ba469fdc 5 2 54.499999999999986
6306298b52e177c0ba469fdc 5 2 60.90000000000002
6306298b52e177c0ba469fdc 5 2 65.79999999999997
6306298b52e177c0ba469fdc 5 2 70.0
6306299052e177c0ba469fe8 5 5 45.20000000000001
6306299052e177c0ba469fe8 5 5 55.499999999999986
6306299052e177c0ba469fe8 5 5 61.90000000000002
6306299052e177c0ba469fe8 5 5 66.79999999999997
6306299052e177c0ba469fe8 5 5 71.0
630629b952e177c0ba46a043 5 0 45.20000000000001
630629b952e177c0ba46a043 5 0 55.499999999999986
630629b952e177c0ba46a043 5 0 61.90000000000002
630629b952e177c0ba46a043 5 0 66.79999999999997
630629b952e177c0ba46a043 5 0 71.0
630629d052e177c0ba46a0a1 5 0 45.20000000000001
630629d052e177c0ba46a0a1 5 0 55.499999999999986
630629d052e177c0ba46a0a1 5 0 61.90000000000002
630629d052e177c0ba46a0a1 5 0 66.79999999999997
630629d052e177c0ba46a0a1 5 0 71.0
630629e052e177c0ba46a0c4 5 0 45.20000000000001
630629e052e177c0ba46a0c4 5 0 55.499999999999986
630629e052e177c0ba46a0c4 5 0 61.90000000000002
630629e052e177c0ba46a0c4 5 0 66.79999999999997
630629e052e177c0ba46a0c4 5 0 71.0
630629e152e177c0ba46a0d1 5 4 46.00000000000001
630629e152e177c0ba46a0d1 5 4 56.499999999999986
630629e152e177c0ba46a0d1 5 4 62.90000000000002
630629e152e177c0ba46a0d1 5 4 67.79999999999997
630629e152e177c0ba46a0d1 5 4 72.0
630629e152e177c0ba46a0d2 5 0 46.00000000000001
630629e152e177c0ba46a0d2 5 0 56.499999999999986
630629e152e177c0ba46a0d2 5 0 62.90000000000002
630629e152e177c0ba46a0d2 5 0 67.79999999999997
630629e152e177c0ba46a0d2 5 0 72.0
630629e252e177c0ba46a0d6 5 5 47.00000000000001
630629e252e177c0ba46a0d6 5 5 57.499999999999986
630629e252e177c0ba46a0d6 5 5 63.90000000000002
630629e252e177c0ba46a0d6 5 5 68.79999999999997
630629e252e177c0ba46a0d6 5 5 73.0
630629e752e177c0ba46a0fb 5 5 48.00000000000001
630629e752e177c0ba46a0fb 5 5 58.499999999999986
630629e752e177c0ba46a0fb 5 5 64.90000000000002
630629e752e177c0ba46a0fb 5 5 69.79999999999997
630629e752e177c0ba46a0fb 5 5 74.0
6306091073426c38ae68acac 5 0 48.00000000000001
6306091073426c38ae68acac 5 0 58.499999999999986
6306091073426c38ae68acac 5 0 64.90000000000002
6306091073426c38ae68acac 5 0 69.79999999999997
6306091073426c38ae68acac 5 0 74.0
6306091a73426c38ae68acc8 5 0 48.00000000000001
6306091a73426c38ae68acc8 5 0 58.499999999999986
6306091a73426c38ae68acc8 5 0 64.90000000000002
6306091a73426c38ae68acc8 5 0 69.79999999999997
6306091a73426c38ae68acc8 5 0 74.0
6306091b73426c38ae68acd7 5 0 48.00000000000001
6306091b73426c38ae68acd7 5 0 58.499999999999986
6306091b73426c38ae68acd7 5 0 64.90000000000002
6306091b73426c38ae68acd7 5 0 69.79999999999997
6306091b73426c38ae68acd7 5 0 74.0
6306091b73426c38ae68acd9 5 0 48.00000000000001
6306091b73426c38ae68acd9 5 0 58.499999999999986
6306091b73426c38ae68acd9 5 0 64.90000000000002
6306091b73426c38ae68acd9 5 0 69.79999999999997
6306091b73426c38ae68acd9 5 0 74.0
6306091b73426c38ae68acda 5 0 48.00000000000001
6306091b73426c38ae68acda 5 0 58.499999999999986
6306091b73426c38ae68acda 5 0 64.90000000000002
6306091b73426c38ae68acda 5 0 69.79999999999997
6306091b73426c38ae68acda 5 0 74.0
6306091c73426c38ae68acdc 5 0 48.00000000000001
6306091c73426c38ae68acdc 5 0 58.499999999999986
6306091c73426c38ae68acdc 5 0 64.90000000000002
6306091c73426c38ae68acdc 5 0 69.79999999999997
6306091c73426c38ae68acdc 5 0 74.0
6306091c73426c38ae68acdd 5 0 48.00000000000001
6306091c73426c38ae68acdd 5 0 58.499999999999986
6306091c73426c38ae68acdd 5 0 64.90000000000002
6306091c73426c38ae68acdd 5 0 69.79999999999997
6306091c73426c38ae68acdd 5 0 74.0
6306091d73426c38ae68ace5 5 0 48.00000000000001
6306091d73426c38ae68ace5 5 0 58.499999999999986
6306091d73426c38ae68ace5 5 0 64.90000000000002
6306091d73426c38ae68ace5 5 0 69.79999999999997
6306091d73426c38ae68ace5 5 0 74.0
6306092373426c38ae68acfa 5 0 48.00000000000001
6306092373426c38ae68acfa 5 0 58.499999999999986
6306092373426c38ae68acfa 5 0 64.90000000000002
6306092373426c38ae68acfa 5 0 69.79999999999997
6306092373426c38ae68acfa 5 0 74.0
6306092973426c38ae68ad01 5 0 48.00000000000001
6306092973426c38ae68ad01 5 0 58.499999999999986
6306092973426c38ae68ad01 5 0 64.90000000000002
6306092973426c38ae68ad01 5 0 69.79999999999997
6306092973426c38ae68ad01 5 0 74.0
6306092c73426c38ae68ad02 5 0 48.00000000000001
6306092c73426c38ae68ad02 5 0 58.499999999999986
6306092c73426c38ae68ad02 5 0 64.90000000000002
6306092c73426c38ae68ad02 5 0 69.79999999999997
6306092c73426c38ae68ad02 5 0 74.0
6306092d73426c38ae68ad04 5 0 48.00000000000001
6306092d73426c38ae68ad04 5 0 58.499999999999986
6306092d73426c38ae68ad04 5 0 64.90000000000002
6306092d73426c38ae68ad04 5 0 69.79999999999997
6306092d73426c38ae68ad04 5 0 74.0
6306092d73426c38ae68ad05 5 0 48.00000000000001
6306092d73426c38ae68ad05 5 0 58.499999999999986
6306092d73426c38ae68ad05 5 0 64.90000000000002
6306092d73426c38ae68ad05 5 0 69.79999999999997
6306092d73426c38ae68ad05 5 0 74.0
6306092d73426c38ae68ad06 5 0 48.00000000000001
6306092d73426c38ae68ad06 5 0 58.499999999999986
6306092d73426c38ae68ad06 5 0 64.90000000000002
6306092d73426c38ae68ad06 5 0 69.79999999999997
6306092d73426c38ae68ad06 5 0 74.0
6306092d73426c38ae68ad07 5 0 48.00000000000001
6306092d73426c38ae68ad07 5 0 58.499999999999986
6306092d73426c38ae68ad07 5 0 64.90000000000002
6306092d73426c38ae68ad07 5 0 69.79999999999997
6306092d73426c38ae68ad07 5 0 74.0
6306092d73426c38ae68ad08 5 2 48.400000000000006
6306092d73426c38ae68ad08 5 2 59.19999999999999
6306092d73426c38ae68ad08 5 2 65.80000000000003
6306092d73426c38ae68ad08 5 2 70.79999999999997
6306092d73426c38ae68ad08 5 2 75.0
6306092e73426c38ae68ad09 5 0 48.400000000000006
6306092e73426c38ae68ad09 5 0 59.19999999999999
6306092e73426c38ae68ad09 5 0 65.80000000000003
6306092e73426c38ae68ad09 5 0 70.79999999999997
6306092e73426c38ae68ad09 5 0 75.0
6306092e73426c38ae68ad0a 5 0 48.400000000000006
6306092e73426c38ae68ad0a 5 0 59.19999999999999
6306092e73426c38ae68ad0a 5 0 65.80000000000003
6306092e73426c38ae68ad0a 5 0 70.79999999999997
6306092e73426c38ae68ad0a 5 0 75.0
6306092e73426c38ae68ad0b 5 0 48.400000000000006
6306092e73426c38ae68ad0b 5 0 59.19999999999999
6306092e73426c38ae68ad0b 5 0 65.80000000000003
6306092e73426c38ae68ad0b 5 0 70.79999999999997
6306092e73426c38ae68ad0b 5 0 75.0
6306092e73426c38ae68ad0d 5 0 48.400000000000006
6306092e73426c38ae68ad0d 5 0 59.19999999999999
6306092e73426c38ae68ad0d 5 0 65.80000000000003
6306092e73426c38ae68ad0d 5 0 70.79999999999997
6306092e73426c38ae68ad0d 5 0 75.0
6306092e73426c38ae68ad0f 5 0 48.400000000000006
6306092e73426c38ae68ad0f 5 0 59.19999999999999
6306092e73426c38ae68ad0f 5 0 65.80000000000003
6306092e73426c38ae68ad0f 5 0 70.79999999999997
6306092e73426c38ae68ad0f 5 0 75.0
6306092e73426c38ae68ad11 5 0 48.400000000000006
6306092e73426c38ae68ad11 5 0 59.19999999999999
6306092e73426c38ae68ad11 5 0 65.80000000000003
6306092e73426c38ae68ad11 5 0 70.79999999999997
6306092e73426c38ae68ad11 5 0 75.0
6306092f73426c38ae68ad13 5 0 48.400000000000006
6306092f73426c38ae68ad13 5 0 59.19999999999999
6306092f73426c38ae68ad13 5 0 65.80000000000003
6306092f73426c38ae68ad13 5 0 70.79999999999997
6306092f73426c38ae68ad13 5 0 75.0
6306093273426c38ae68ad15 5 0 48.400000000000006
6306093273426c38ae68ad15 5 0 59.19999999999999
6306093273426c38ae68ad15 5 0 65.80000000000003
6306093273426c38ae68ad15 5 0 70.79999999999997
6306093273426c38ae68ad15 5 0 75.0
63060ada73426c38ae68ad31 5 0 48.400000000000006
63060ada73426c38ae68ad31 5 0 59.19999999999999
63060ada73426c38ae68ad31 5 0 65.80000000000003
63060ada73426c38ae68ad31 5 0 70.79999999999997
63060ada73426c38ae68ad31 5 0 75.0
63060b1a73426c38ae68ad3e 5 0 48.400000000000006
63060b1a73426c38ae68ad3e 5 0 59.19999999999999
63060b1a73426c38ae68ad3e 5 0 65.80000000000003
63060b1a73426c38ae68ad3e 5 0 70.79999999999997
63060b1a73426c38ae68ad3e 5 0 75.0
63060b1b73426c38ae68ad42 5 0 48.400000000000006
63060b1b73426c38ae68ad42 5 0 59.19999999999999
63060b1b73426c38ae68ad42 5 0 65.80000000000003
63060b1b73426c38ae68ad42 5 0 70.79999999999997
63060b1b73426c38ae68ad42 5 0 75.0
63060b1b73426c38ae68ad43 5 1 48.60000000000001
63060b1b73426c38ae68ad43 5 1 59.59999999999999
63060b1b73426c38ae68ad43 5 1 66.40000000000002
63060b1b73426c38ae68ad43 5 1 71.59999999999997
63060b1b73426c38ae68ad43 5 1 76.0
62ece4982e6aefcf4aabbd64 5 0 48.60000000000001
62ece4982e6aefcf4aabbd64 5 0 59.59999999999999
62ece4982e6aefcf4aabbd64 5 0 66.40000000000002
62ece4982e6aefcf4aabbd64 5 0 71.59999999999997
62ece4982e6aefcf4aabbd64 5 0 76.0
230 230
[48.60000000000001, 59.59999999999999, 66.40000000000002, 71.59999999999997, 76.0]
0.21130434782608698
 21.13%
0.25913043478260867
 25.91%
0.28869565217391313
 28.87%
0.3113043478260868
 31.13%
0.33043478260869563
 33.04%
finish_overall
plib_runnable	21

  29.52%	
  38.10%	
  42.86%	
  45.71%	
  47.62%	


project_runnable	23

  6.96%	
  9.13%	
  10.87%	
  12.17%	
  13.04%	


class_runnable	55

  11.64%	
  13.64%	
  15.27%	
  16.73%	
  18.18%	


self_contained	35

  38.86%	
  47.43%	
  52.57%	
  56.57%	
  60.00%	


file_runnable	68

  22.35%	
  28.38%	
  31.76%	
  34.41%	
  36.76%	


slib_runnable	28

  20.00%	
  21.79%	
  23.21%	
  24.29%	
  25.00%	


230
0
