62e60f43d76274f8a4026e28 5 0 0.0
62e60f43d76274f8a4026e28 5 0 0.0
62e60f43d76274f8a4026e28 5 0 0.0
62e60f43d76274f8a4026e28 5 0 0.0
62e60f43d76274f8a4026e28 5 0 0.0
62e60f3bd76274f8a4026e10 5 0 0.0
62e60f3bd76274f8a4026e10 5 0 0.0
62e60f3bd76274f8a4026e10 5 0 0.0
62e60f3bd76274f8a4026e10 5 0 0.0
62e60f3bd76274f8a4026e10 5 0 0.0
62e60f37d76274f8a4026dfd 5 0 0.0
62e60f37d76274f8a4026dfd 5 0 0.0
62e60f37d76274f8a4026dfd 5 0 0.0
62e60f37d76274f8a4026dfd 5 0 0.0
62e60f37d76274f8a4026dfd 5 0 0.0
62e60f33d76274f8a4026de9 5 0 0.0
62e60f33d76274f8a4026de9 5 0 0.0
62e60f33d76274f8a4026de9 5 0 0.0
62e60f33d76274f8a4026de9 5 0 0.0
62e60f33d76274f8a4026de9 5 0 0.0
62e60ed4d76274f8a4026da0 5 5 1.0
62e60ed4d76274f8a4026da0 5 5 1.0
62e60ed4d76274f8a4026da0 5 5 1.0
62e60ed4d76274f8a4026da0 5 5 1.0
62e60ed4d76274f8a4026da0 5 5 1.0
62e60ecfd76274f8a4026d6a 5 0 1.0
62e60ecfd76274f8a4026d6a 5 0 1.0
62e60ecfd76274f8a4026d6a 5 0 1.0
62e60ecfd76274f8a4026d6a 5 0 1.0
62e60ecfd76274f8a4026d6a 5 0 1.0
62e60e49d76274f8a4026d25 5 1 1.2
62e60e49d76274f8a4026d25 5 1 1.4
62e60e49d76274f8a4026d25 5 1 1.6
62e60e49d76274f8a4026d25 5 1 1.8
62e60e49d76274f8a4026d25 5 1 2.0
62e60e05d76274f8a4026cfd 5 0 1.2
62e60e05d76274f8a4026cfd 5 0 1.4
62e60e05d76274f8a4026cfd 5 0 1.6
62e60e05d76274f8a4026cfd 5 0 1.8
62e60e05d76274f8a4026cfd 5 0 2.0
62e60da4d76274f8a4026cf1 5 2 1.5999999999999999
62e60da4d76274f8a4026cf1 5 2 2.0999999999999996
62e60da4d76274f8a4026cf1 5 2 2.5
62e60da4d76274f8a4026cf1 5 2 2.8
62e60da4d76274f8a4026cf1 5 2 3.0
62e60b10d76274f8a4026ccd 5 0 1.5999999999999999
62e60b10d76274f8a4026ccd 5 0 2.0999999999999996
62e60b10d76274f8a4026ccd 5 0 2.5
62e60b10d76274f8a4026ccd 5 0 2.8
62e60b10d76274f8a4026ccd 5 0 3.0
62e6087bd76274f8a4026bfa 5 0 1.5999999999999999
62e6087bd76274f8a4026bfa 5 0 2.0999999999999996
62e6087bd76274f8a4026bfa 5 0 2.5
62e6087bd76274f8a4026bfa 5 0 2.8
62e6087bd76274f8a4026bfa 5 0 3.0
62e6087ad76274f8a4026bf2 5 0 1.5999999999999999
62e6087ad76274f8a4026bf2 5 0 2.0999999999999996
62e6087ad76274f8a4026bf2 5 0 2.5
62e6087ad76274f8a4026bf2 5 0 2.8
62e6087ad76274f8a4026bf2 5 0 3.0
62e60879d76274f8a4026bec 5 0 1.5999999999999999
62e60879d76274f8a4026bec 5 0 2.0999999999999996
62e60879d76274f8a4026bec 5 0 2.5
62e60879d76274f8a4026bec 5 0 2.8
62e60879d76274f8a4026bec 5 0 3.0
62e60723d76274f8a4026b75 5 5 2.5999999999999996
62e60723d76274f8a4026b75 5 5 3.0999999999999996
62e60723d76274f8a4026b75 5 5 3.5
62e60723d76274f8a4026b75 5 5 3.8
62e60723d76274f8a4026b75 5 5 4.0
62e60707d76274f8a4026b69 5 0 2.5999999999999996
62e60707d76274f8a4026b69 5 0 3.0999999999999996
62e60707d76274f8a4026b69 5 0 3.5
62e60707d76274f8a4026b69 5 0 3.8
62e60707d76274f8a4026b69 5 0 4.0
62e5dc9ed76274f8a4026b5b 5 5 3.5999999999999996
62e5dc9ed76274f8a4026b5b 5 5 4.1
62e5dc9ed76274f8a4026b5b 5 5 4.5
62e5dc9ed76274f8a4026b5b 5 5 4.8
62e5dc9ed76274f8a4026b5b 5 5 5.0
62e4fc3c85ea98643089041e 5 0 3.5999999999999996
62e4fc3c85ea98643089041e 5 0 4.1
62e4fc3c85ea98643089041e 5 0 4.5
62e4fc3c85ea98643089041e 5 0 4.8
62e4fc3c85ea98643089041e 5 0 5.0
62e4fbda85ea986430890405 5 0 3.5999999999999996
62e4fbda85ea986430890405 5 0 4.1
62e4fbda85ea986430890405 5 0 4.5
62e4fbda85ea986430890405 5 0 4.8
62e4fbda85ea986430890405 5 0 5.0
62e4fbda85ea986430890403 5 0 3.5999999999999996
62e4fbda85ea986430890403 5 0 4.1
62e4fbda85ea986430890403 5 0 4.5
62e4fbda85ea986430890403 5 0 4.8
62e4fbda85ea986430890403 5 0 5.0
62e4fb6585ea98643089032b 5 5 4.6
62e4fb6585ea98643089032b 5 5 5.1
62e4fb6585ea98643089032b 5 5 5.5
62e4fb6585ea98643089032b 5 5 5.8
62e4fb6585ea98643089032b 5 5 6.0
62e4fb4d85ea9864308902e7 5 0 4.6
62e4fb4d85ea9864308902e7 5 0 5.1
62e4fb4d85ea9864308902e7 5 0 5.5
62e4fb4d85ea9864308902e7 5 0 5.8
62e4fb4d85ea9864308902e7 5 0 6.0
62b8d27a48ba5a41d1c3f4c6 5 0 4.6
62b8d27a48ba5a41d1c3f4c6 5 0 5.1
62b8d27a48ba5a41d1c3f4c6 5 0 5.5
62b8d27a48ba5a41d1c3f4c6 5 0 5.8
62b8d27a48ba5a41d1c3f4c6 5 0 6.0
62b8d24048ba5a41d1c3f49f 5 0 4.6
62b8d24048ba5a41d1c3f49f 5 0 5.1
62b8d24048ba5a41d1c3f49f 5 0 5.5
62b8d24048ba5a41d1c3f49f 5 0 5.8
62b8d24048ba5a41d1c3f49f 5 0 6.0
62b8d23b48ba5a41d1c3f49a 5 0 4.6
62b8d23b48ba5a41d1c3f49a 5 0 5.1
62b8d23b48ba5a41d1c3f49a 5 0 5.5
62b8d23b48ba5a41d1c3f49a 5 0 5.8
62b8d23b48ba5a41d1c3f49a 5 0 6.0
62b8d23948ba5a41d1c3f498 5 0 4.6
62b8d23948ba5a41d1c3f498 5 0 5.1
62b8d23948ba5a41d1c3f498 5 0 5.5
62b8d23948ba5a41d1c3f498 5 0 5.8
62b8d23948ba5a41d1c3f498 5 0 6.0
62b8d23748ba5a41d1c3f496 5 0 4.6
62b8d23748ba5a41d1c3f496 5 0 5.1
62b8d23748ba5a41d1c3f496 5 0 5.5
62b8d23748ba5a41d1c3f496 5 0 5.8
62b8d23748ba5a41d1c3f496 5 0 6.0
62b8d22f48ba5a41d1c3f488 5 5 5.6
62b8d22f48ba5a41d1c3f488 5 5 6.1
62b8d22f48ba5a41d1c3f488 5 5 6.5
62b8d22f48ba5a41d1c3f488 5 5 6.8
62b8d22f48ba5a41d1c3f488 5 5 7.0
62b8d22a48ba5a41d1c3f47e 5 5 6.6
62b8d22a48ba5a41d1c3f47e 5 5 7.1
62b8d22a48ba5a41d1c3f47e 5 5 7.5
62b8d22a48ba5a41d1c3f47e 5 5 7.8
62b8d22a48ba5a41d1c3f47e 5 5 8.0
62b8d22948ba5a41d1c3f47c 5 5 7.6
62b8d22948ba5a41d1c3f47c 5 5 8.1
62b8d22948ba5a41d1c3f47c 5 5 8.5
62b8d22948ba5a41d1c3f47c 5 5 8.8
62b8d22948ba5a41d1c3f47c 5 5 9.0
62b8d22548ba5a41d1c3f472 5 0 7.6
62b8d22548ba5a41d1c3f472 5 0 8.1
62b8d22548ba5a41d1c3f472 5 0 8.5
62b8d22548ba5a41d1c3f472 5 0 8.8
62b8d22548ba5a41d1c3f472 5 0 9.0
62b8c517e0d34b282c18122e 5 0 7.6
62b8c517e0d34b282c18122e 5 0 8.1
62b8c517e0d34b282c18122e 5 0 8.5
62b8c517e0d34b282c18122e 5 0 8.8
62b8c517e0d34b282c18122e 5 0 9.0
62b8bbbfe0d34b282c181210 5 2 8.0
62b8bbbfe0d34b282c181210 5 2 8.799999999999999
62b8bbbfe0d34b282c181210 5 2 9.4
62b8bbbfe0d34b282c181210 5 2 9.8
62b8bbbfe0d34b282c181210 5 2 10.0
62b8bbbfe0d34b282c18120f 5 4 8.8
62b8bbbfe0d34b282c18120f 5 4 9.799999999999999
62b8bbbfe0d34b282c18120f 5 4 10.4
62b8bbbfe0d34b282c18120f 5 4 10.8
62b8bbbfe0d34b282c18120f 5 4 11.0
62b8bbbce0d34b282c18120d 5 4 9.600000000000001
62b8bbbce0d34b282c18120d 5 4 10.799999999999999
62b8bbbce0d34b282c18120d 5 4 11.4
62b8bbbce0d34b282c18120d 5 4 11.8
62b8bbbce0d34b282c18120d 5 4 12.0
62b8b99de0d34b282c1811f8 5 0 9.600000000000001
62b8b99de0d34b282c1811f8 5 0 10.799999999999999
62b8b99de0d34b282c1811f8 5 0 11.4
62b8b99de0d34b282c1811f8 5 0 11.8
62b8b99de0d34b282c1811f8 5 0 12.0
62b8b59feb7e40a82d2d1291 5 0 9.600000000000001
62b8b59feb7e40a82d2d1291 5 0 10.799999999999999
62b8b59feb7e40a82d2d1291 5 0 11.4
62b8b59feb7e40a82d2d1291 5 0 11.8
62b8b59feb7e40a82d2d1291 5 0 12.0
62b8b590eb7e40a82d2d1275 5 0 9.600000000000001
62b8b590eb7e40a82d2d1275 5 0 10.799999999999999
62b8b590eb7e40a82d2d1275 5 0 11.4
62b8b590eb7e40a82d2d1275 5 0 11.8
62b8b590eb7e40a82d2d1275 5 0 12.0
62b8b58deb7e40a82d2d1269 5 1 9.8
62b8b58deb7e40a82d2d1269 5 1 11.2
62b8b58deb7e40a82d2d1269 5 1 12.0
62b8b58deb7e40a82d2d1269 5 1 12.600000000000001
62b8b58deb7e40a82d2d1269 5 1 13.0
62b8b559eb7e40a82d2d11f8 5 3 10.4
62b8b559eb7e40a82d2d11f8 5 3 12.1
62b8b559eb7e40a82d2d11f8 5 3 13.0
62b8b559eb7e40a82d2d11f8 5 3 13.600000000000001
62b8b559eb7e40a82d2d11f8 5 3 14.0
62b8b4b9eb7e40a82d2d1134 5 0 10.4
62b8b4b9eb7e40a82d2d1134 5 0 12.1
62b8b4b9eb7e40a82d2d1134 5 0 13.0
62b8b4b9eb7e40a82d2d1134 5 0 13.600000000000001
62b8b4b9eb7e40a82d2d1134 5 0 14.0
62b8b416eb7e40a82d2d1129 5 0 10.4
62b8b416eb7e40a82d2d1129 5 0 12.1
62b8b416eb7e40a82d2d1129 5 0 13.0
62b8b416eb7e40a82d2d1129 5 0 13.600000000000001
62b8b416eb7e40a82d2d1129 5 0 14.0
62b8b3d6eb7e40a82d2d111c 5 4 11.200000000000001
62b8b3d6eb7e40a82d2d111c 5 4 13.1
62b8b3d6eb7e40a82d2d111c 5 4 14.0
62b8b3d6eb7e40a82d2d111c 5 4 14.600000000000001
62b8b3d6eb7e40a82d2d111c 5 4 15.0
62b8b3d5eb7e40a82d2d1110 5 0 11.200000000000001
62b8b3d5eb7e40a82d2d1110 5 0 13.1
62b8b3d5eb7e40a82d2d1110 5 0 14.0
62b8b3d5eb7e40a82d2d1110 5 0 14.600000000000001
62b8b3d5eb7e40a82d2d1110 5 0 15.0
62b8b3d4eb7e40a82d2d110f 5 5 12.200000000000001
62b8b3d4eb7e40a82d2d110f 5 5 14.1
62b8b3d4eb7e40a82d2d110f 5 5 15.0
62b8b3d4eb7e40a82d2d110f 5 5 15.600000000000001
62b8b3d4eb7e40a82d2d110f 5 5 16.0
62b8b3d4eb7e40a82d2d110e 5 0 12.200000000000001
62b8b3d4eb7e40a82d2d110e 5 0 14.1
62b8b3d4eb7e40a82d2d110e 5 0 15.0
62b8b3d4eb7e40a82d2d110e 5 0 15.600000000000001
62b8b3d4eb7e40a82d2d110e 5 0 16.0
62b8b3d4eb7e40a82d2d110d 5 1 12.4
62b8b3d4eb7e40a82d2d110d 5 1 14.5
62b8b3d4eb7e40a82d2d110d 5 1 15.6
62b8b3d4eb7e40a82d2d110d 5 1 16.400000000000002
62b8b3d4eb7e40a82d2d110d 5 1 17.0
62b87b989a0c4fa8b80b35ee 5 0 12.4
62b87b989a0c4fa8b80b35ee 5 0 14.5
62b87b989a0c4fa8b80b35ee 5 0 15.6
62b87b989a0c4fa8b80b35ee 5 0 16.400000000000002
62b87b989a0c4fa8b80b35ee 5 0 17.0
62b87b859a0c4fa8b80b35d7 5 2 12.8
62b87b859a0c4fa8b80b35d7 5 2 15.2
62b87b859a0c4fa8b80b35d7 5 2 16.5
62b87b859a0c4fa8b80b35d7 5 2 17.400000000000002
62b87b859a0c4fa8b80b35d7 5 2 18.0
62b87b839a0c4fa8b80b35cb 5 0 12.8
62b87b839a0c4fa8b80b35cb 5 0 15.2
62b87b839a0c4fa8b80b35cb 5 0 16.5
62b87b839a0c4fa8b80b35cb 5 0 17.400000000000002
62b87b839a0c4fa8b80b35cb 5 0 18.0
62b87b7e9a0c4fa8b80b35bc 5 0 12.8
62b87b7e9a0c4fa8b80b35bc 5 0 15.2
62b87b7e9a0c4fa8b80b35bc 5 0 16.5
62b87b7e9a0c4fa8b80b35bc 5 0 17.400000000000002
62b87b7e9a0c4fa8b80b35bc 5 0 18.0
62b87b4f9a0c4fa8b80b3580 5 0 12.8
62b87b4f9a0c4fa8b80b3580 5 0 15.2
62b87b4f9a0c4fa8b80b3580 5 0 16.5
62b87b4f9a0c4fa8b80b3580 5 0 17.400000000000002
62b87b4f9a0c4fa8b80b3580 5 0 18.0
62b87b199a0c4fa8b80b354e 5 4 13.600000000000001
62b87b199a0c4fa8b80b354e 5 4 16.2
62b87b199a0c4fa8b80b354e 5 4 17.5
62b87b199a0c4fa8b80b354e 5 4 18.400000000000002
62b87b199a0c4fa8b80b354e 5 4 19.0
62b87b099a0c4fa8b80b3538 5 5 14.600000000000001
62b87b099a0c4fa8b80b3538 5 5 17.2
62b87b099a0c4fa8b80b3538 5 5 18.5
62b87b099a0c4fa8b80b3538 5 5 19.400000000000002
62b87b099a0c4fa8b80b3538 5 5 20.0
62b87af99a0c4fa8b80b3524 5 5 15.600000000000001
62b87af99a0c4fa8b80b3524 5 5 18.2
62b87af99a0c4fa8b80b3524 5 5 19.5
62b87af99a0c4fa8b80b3524 5 5 20.400000000000002
62b87af99a0c4fa8b80b3524 5 5 21.0
62b87af69a0c4fa8b80b351a 5 5 16.6
62b87af69a0c4fa8b80b351a 5 5 19.2
62b87af69a0c4fa8b80b351a 5 5 20.5
62b87af69a0c4fa8b80b351a 5 5 21.400000000000002
62b87af69a0c4fa8b80b351a 5 5 22.0
62b87af19a0c4fa8b80b34f7 5 0 16.6
62b87af19a0c4fa8b80b34f7 5 0 19.2
62b87af19a0c4fa8b80b34f7 5 0 20.5
62b87af19a0c4fa8b80b34f7 5 0 21.400000000000002
62b87af19a0c4fa8b80b34f7 5 0 22.0
62b87af09a0c4fa8b80b34f1 5 0 16.6
62b87af09a0c4fa8b80b34f1 5 0 19.2
62b87af09a0c4fa8b80b34f1 5 0 20.5
62b87af09a0c4fa8b80b34f1 5 0 21.400000000000002
62b87af09a0c4fa8b80b34f1 5 0 22.0
62b86aa3b4d922cb0e688d36 5 0 16.6
62b86aa3b4d922cb0e688d36 5 0 19.2
62b86aa3b4d922cb0e688d36 5 0 20.5
62b86aa3b4d922cb0e688d36 5 0 21.400000000000002
62b86aa3b4d922cb0e688d36 5 0 22.0
62b86a9eb4d922cb0e688d25 5 0 16.6
62b86a9eb4d922cb0e688d25 5 0 19.2
62b86a9eb4d922cb0e688d25 5 0 20.5
62b86a9eb4d922cb0e688d25 5 0 21.400000000000002
62b86a9eb4d922cb0e688d25 5 0 22.0
62b86a4fb4d922cb0e688cf8 5 0 16.6
62b86a4fb4d922cb0e688cf8 5 0 19.2
62b86a4fb4d922cb0e688cf8 5 0 20.5
62b86a4fb4d922cb0e688cf8 5 0 21.400000000000002
62b86a4fb4d922cb0e688cf8 5 0 22.0
62b86a4fb4d922cb0e688cf7 5 0 16.6
62b86a4fb4d922cb0e688cf7 5 0 19.2
62b86a4fb4d922cb0e688cf7 5 0 20.5
62b86a4fb4d922cb0e688cf7 5 0 21.400000000000002
62b86a4fb4d922cb0e688cf7 5 0 22.0
62b86a01b4d922cb0e688ccc 5 0 16.6
62b86a01b4d922cb0e688ccc 5 0 19.2
62b86a01b4d922cb0e688ccc 5 0 20.5
62b86a01b4d922cb0e688ccc 5 0 21.400000000000002
62b86a01b4d922cb0e688ccc 5 0 22.0
62b869ebb4d922cb0e688cc6 5 1 16.8
62b869ebb4d922cb0e688cc6 5 1 19.599999999999998
62b869ebb4d922cb0e688cc6 5 1 21.1
62b869ebb4d922cb0e688cc6 5 1 22.200000000000003
62b869ebb4d922cb0e688cc6 5 1 23.0
62b869eab4d922cb0e688cc5 5 0 16.8
62b869eab4d922cb0e688cc5 5 0 19.599999999999998
62b869eab4d922cb0e688cc5 5 0 21.1
62b869eab4d922cb0e688cc5 5 0 22.200000000000003
62b869eab4d922cb0e688cc5 5 0 23.0
62b869eab4d922cb0e688cbf 5 4 17.6
62b869eab4d922cb0e688cbf 5 4 20.599999999999998
62b869eab4d922cb0e688cbf 5 4 22.1
62b869eab4d922cb0e688cbf 5 4 23.200000000000003
62b869eab4d922cb0e688cbf 5 4 24.0
62b43427903eeb48555d3ea5 5 0 17.6
62b43427903eeb48555d3ea5 5 0 20.599999999999998
62b43427903eeb48555d3ea5 5 0 22.1
62b43427903eeb48555d3ea5 5 0 23.200000000000003
62b43427903eeb48555d3ea5 5 0 24.0
62b43428903eeb48555d3eaa 5 0 17.6
62b43428903eeb48555d3eaa 5 0 20.599999999999998
62b43428903eeb48555d3eaa 5 0 22.1
62b43428903eeb48555d3eaa 5 0 23.200000000000003
62b43428903eeb48555d3eaa 5 0 24.0
62b45df05108cfac7f2109ce 5 0 17.6
62b45df05108cfac7f2109ce 5 0 20.599999999999998
62b45df05108cfac7f2109ce 5 0 22.1
62b45df05108cfac7f2109ce 5 0 23.200000000000003
62b45df05108cfac7f2109ce 5 0 24.0
62b45df15108cfac7f2109dc 5 1 17.8
62b45df15108cfac7f2109dc 5 1 20.999999999999996
62b45df15108cfac7f2109dc 5 1 22.700000000000003
62b45df15108cfac7f2109dc 5 1 24.000000000000004
62b45df15108cfac7f2109dc 5 1 25.0
62b45df15108cfac7f2109dd 5 1 18.0
62b45df15108cfac7f2109dd 5 1 21.399999999999995
62b45df15108cfac7f2109dd 5 1 23.300000000000004
62b45df15108cfac7f2109dd 5 1 24.800000000000004
62b45df15108cfac7f2109dd 5 1 26.0
62b45e135108cfac7f2109f4 5 5 19.0
62b45e135108cfac7f2109f4 5 5 22.399999999999995
62b45e135108cfac7f2109f4 5 5 24.300000000000004
62b45e135108cfac7f2109f4 5 5 25.800000000000004
62b45e135108cfac7f2109f4 5 5 27.0
62b45e145108cfac7f210a07 5 0 19.0
62b45e145108cfac7f210a07 5 0 22.399999999999995
62b45e145108cfac7f210a07 5 0 24.300000000000004
62b45e145108cfac7f210a07 5 0 25.800000000000004
62b45e145108cfac7f210a07 5 0 27.0
62b45e145108cfac7f210a09 5 0 19.0
62b45e145108cfac7f210a09 5 0 22.399999999999995
62b45e145108cfac7f210a09 5 0 24.300000000000004
62b45e145108cfac7f210a09 5 0 25.800000000000004
62b45e145108cfac7f210a09 5 0 27.0
62b45e165108cfac7f210a16 5 0 19.0
62b45e165108cfac7f210a16 5 0 22.399999999999995
62b45e165108cfac7f210a16 5 0 24.300000000000004
62b45e165108cfac7f210a16 5 0 25.800000000000004
62b45e165108cfac7f210a16 5 0 27.0
62b45e165108cfac7f210a17 5 0 19.0
62b45e165108cfac7f210a17 5 0 22.399999999999995
62b45e165108cfac7f210a17 5 0 24.300000000000004
62b45e165108cfac7f210a17 5 0 25.800000000000004
62b45e165108cfac7f210a17 5 0 27.0
62b45e175108cfac7f210a19 5 0 19.0
62b45e175108cfac7f210a19 5 0 22.399999999999995
62b45e175108cfac7f210a19 5 0 24.300000000000004
62b45e175108cfac7f210a19 5 0 25.800000000000004
62b45e175108cfac7f210a19 5 0 27.0
62b463153879012d19481498 5 0 19.0
62b463153879012d19481498 5 0 22.399999999999995
62b463153879012d19481498 5 0 24.300000000000004
62b463153879012d19481498 5 0 25.800000000000004
62b463153879012d19481498 5 0 27.0
62b463153879012d1948149a 5 0 19.0
62b463153879012d1948149a 5 0 22.399999999999995
62b463153879012d1948149a 5 0 24.300000000000004
62b463153879012d1948149a 5 0 25.800000000000004
62b463153879012d1948149a 5 0 27.0
62b463153879012d1948149b 5 0 19.0
62b463153879012d1948149b 5 0 22.399999999999995
62b463153879012d1948149b 5 0 24.300000000000004
62b463153879012d1948149b 5 0 25.800000000000004
62b463153879012d1948149b 5 0 27.0
62b463153879012d1948149c 5 5 20.0
62b463153879012d1948149c 5 5 23.399999999999995
62b463153879012d1948149c 5 5 25.300000000000004
62b463153879012d1948149c 5 5 26.800000000000004
62b463153879012d1948149c 5 5 28.0
62b463153879012d1948149d 5 0 20.0
62b463153879012d1948149d 5 0 23.399999999999995
62b463153879012d1948149d 5 0 25.300000000000004
62b463153879012d1948149d 5 0 26.800000000000004
62b463153879012d1948149d 5 0 28.0
62b463153879012d1948149f 5 0 20.0
62b463153879012d1948149f 5 0 23.399999999999995
62b463153879012d1948149f 5 0 25.300000000000004
62b463153879012d1948149f 5 0 26.800000000000004
62b463153879012d1948149f 5 0 28.0
62b463153879012d194814a1 5 4 20.8
62b463153879012d194814a1 5 4 24.399999999999995
62b463153879012d194814a1 5 4 26.300000000000004
62b463153879012d194814a1 5 4 27.800000000000004
62b463153879012d194814a1 5 4 29.0
62b463163879012d194814a2 5 5 21.8
62b463163879012d194814a2 5 5 25.399999999999995
62b463163879012d194814a2 5 5 27.300000000000004
62b463163879012d194814a2 5 5 28.800000000000004
62b463163879012d194814a2 5 5 30.0
62b463163879012d194814a4 5 0 21.8
62b463163879012d194814a4 5 0 25.399999999999995
62b463163879012d194814a4 5 0 27.300000000000004
62b463163879012d194814a4 5 0 28.800000000000004
62b463163879012d194814a4 5 0 30.0
62b463163879012d194814a6 5 0 21.8
62b463163879012d194814a6 5 0 25.399999999999995
62b463163879012d194814a6 5 0 27.300000000000004
62b463163879012d194814a6 5 0 28.800000000000004
62b463163879012d194814a6 5 0 30.0
62b4631b3879012d194814dd 5 0 21.8
62b4631b3879012d194814dd 5 0 25.399999999999995
62b4631b3879012d194814dd 5 0 27.300000000000004
62b4631b3879012d194814dd 5 0 28.800000000000004
62b4631b3879012d194814dd 5 0 30.0
62b463283879012d1948153d 5 5 22.8
62b463283879012d1948153d 5 5 26.399999999999995
62b463283879012d1948153d 5 5 28.300000000000004
62b463283879012d1948153d 5 5 29.800000000000004
62b463283879012d1948153d 5 5 31.0
62b463303879012d19481579 5 0 22.8
62b463303879012d19481579 5 0 26.399999999999995
62b463303879012d19481579 5 0 28.300000000000004
62b463303879012d19481579 5 0 29.800000000000004
62b463303879012d19481579 5 0 31.0
62b46740d2f69a53b466171a 5 0 22.8
62b46740d2f69a53b466171a 5 0 26.399999999999995
62b46740d2f69a53b466171a 5 0 28.300000000000004
62b46740d2f69a53b466171a 5 0 29.800000000000004
62b46740d2f69a53b466171a 5 0 31.0
62b46746d2f69a53b4661722 5 0 22.8
62b46746d2f69a53b4661722 5 0 26.399999999999995
62b46746d2f69a53b4661722 5 0 28.300000000000004
62b46746d2f69a53b4661722 5 0 29.800000000000004
62b46746d2f69a53b4661722 5 0 31.0
62b86707b4d922cb0e688c2a 5 5 23.8
62b86707b4d922cb0e688c2a 5 5 27.399999999999995
62b86707b4d922cb0e688c2a 5 5 29.300000000000004
62b86707b4d922cb0e688c2a 5 5 30.800000000000004
62b86707b4d922cb0e688c2a 5 5 32.0
62b86729b4d922cb0e688c2f 5 0 23.8
62b86729b4d922cb0e688c2f 5 0 27.399999999999995
62b86729b4d922cb0e688c2f 5 0 29.300000000000004
62b86729b4d922cb0e688c2f 5 0 30.800000000000004
62b86729b4d922cb0e688c2f 5 0 32.0
62b8a4a4755ee91dce50a3d2 5 0 23.8
62b8a4a4755ee91dce50a3d2 5 0 27.399999999999995
62b8a4a4755ee91dce50a3d2 5 0 29.300000000000004
62b8a4a4755ee91dce50a3d2 5 0 30.800000000000004
62b8a4a4755ee91dce50a3d2 5 0 32.0
62b8982f755ee91dce50a241 5 4 24.6
62b8982f755ee91dce50a241 5 4 28.399999999999995
62b8982f755ee91dce50a241 5 4 30.300000000000004
62b8982f755ee91dce50a241 5 4 31.800000000000004
62b8982f755ee91dce50a241 5 4 33.0
62b89640755ee91dce50a114 5 5 25.6
62b89640755ee91dce50a114 5 5 29.399999999999995
62b89640755ee91dce50a114 5 5 31.300000000000004
62b89640755ee91dce50a114 5 5 32.800000000000004
62b89640755ee91dce50a114 5 5 34.0
62b87d24d292efb640a55670 5 0 25.6
62b87d24d292efb640a55670 5 0 29.399999999999995
62b87d24d292efb640a55670 5 0 31.300000000000004
62b87d24d292efb640a55670 5 0 32.800000000000004
62b87d24d292efb640a55670 5 0 34.0
62b87d24d292efb640a5566f 5 0 25.6
62b87d24d292efb640a5566f 5 0 29.399999999999995
62b87d24d292efb640a5566f 5 0 31.300000000000004
62b87d24d292efb640a5566f 5 0 32.800000000000004
62b87d24d292efb640a5566f 5 0 34.0
62b87d24d292efb640a5566d 5 0 25.6
62b87d24d292efb640a5566d 5 0 29.399999999999995
62b87d24d292efb640a5566d 5 0 31.300000000000004
62b87d24d292efb640a5566d 5 0 32.800000000000004
62b87d24d292efb640a5566d 5 0 34.0
62b87d23d292efb640a5566b 5 0 25.6
62b87d23d292efb640a5566b 5 0 29.399999999999995
62b87d23d292efb640a5566b 5 0 31.300000000000004
62b87d23d292efb640a5566b 5 0 32.800000000000004
62b87d23d292efb640a5566b 5 0 34.0
62b87d23d292efb640a55668 5 0 25.6
62b87d23d292efb640a55668 5 0 29.399999999999995
62b87d23d292efb640a55668 5 0 31.300000000000004
62b87d23d292efb640a55668 5 0 32.800000000000004
62b87d23d292efb640a55668 5 0 34.0
62b87d23d292efb640a55667 5 0 25.6
62b87d23d292efb640a55667 5 0 29.399999999999995
62b87d23d292efb640a55667 5 0 31.300000000000004
62b87d23d292efb640a55667 5 0 32.800000000000004
62b87d23d292efb640a55667 5 0 34.0
62b45e945108cfac7f210a4a 5 0 25.6
62b45e945108cfac7f210a4a 5 0 29.399999999999995
62b45e945108cfac7f210a4a 5 0 31.300000000000004
62b45e945108cfac7f210a4a 5 0 32.800000000000004
62b45e945108cfac7f210a4a 5 0 34.0
62b45e515108cfac7f210a3c 5 0 25.6
62b45e515108cfac7f210a3c 5 0 29.399999999999995
62b45e515108cfac7f210a3c 5 0 31.300000000000004
62b45e515108cfac7f210a3c 5 0 32.800000000000004
62b45e515108cfac7f210a3c 5 0 34.0
62b45e2eb89c9fd354170232 5 0 25.6
62b45e2eb89c9fd354170232 5 0 29.399999999999995
62b45e2eb89c9fd354170232 5 0 31.300000000000004
62b45e2eb89c9fd354170232 5 0 32.800000000000004
62b45e2eb89c9fd354170232 5 0 34.0
62b45e23e0d4551b0392c90a 5 0 25.6
62b45e23e0d4551b0392c90a 5 0 29.399999999999995
62b45e23e0d4551b0392c90a 5 0 31.300000000000004
62b45e23e0d4551b0392c90a 5 0 32.800000000000004
62b45e23e0d4551b0392c90a 5 0 34.0
62b45e21e0d4551b0392c8ed 5 0 25.6
62b45e21e0d4551b0392c8ed 5 0 29.399999999999995
62b45e21e0d4551b0392c8ed 5 0 31.300000000000004
62b45e21e0d4551b0392c8ed 5 0 32.800000000000004
62b45e21e0d4551b0392c8ed 5 0 34.0
62b45b396decaeff903e1001 5 0 25.6
62b45b396decaeff903e1001 5 0 29.399999999999995
62b45b396decaeff903e1001 5 0 31.300000000000004
62b45b396decaeff903e1001 5 0 32.800000000000004
62b45b396decaeff903e1001 5 0 34.0
62b4567ed7d32e5b55cc83d9 5 0 25.6
62b4567ed7d32e5b55cc83d9 5 0 29.399999999999995
62b4567ed7d32e5b55cc83d9 5 0 31.300000000000004
62b4567ed7d32e5b55cc83d9 5 0 32.800000000000004
62b4567ed7d32e5b55cc83d9 5 0 34.0
62b4567ad7d32e5b55cc83af 5 0 25.6
62b4567ad7d32e5b55cc83af 5 0 29.399999999999995
62b4567ad7d32e5b55cc83af 5 0 31.300000000000004
62b4567ad7d32e5b55cc83af 5 0 32.800000000000004
62b4567ad7d32e5b55cc83af 5 0 34.0
62b45679d7d32e5b55cc83a9 5 5 26.6
62b45679d7d32e5b55cc83a9 5 5 30.399999999999995
62b45679d7d32e5b55cc83a9 5 5 32.300000000000004
62b45679d7d32e5b55cc83a9 5 5 33.800000000000004
62b45679d7d32e5b55cc83a9 5 5 35.0
62b45665d7d32e5b55cc8365 5 0 26.6
62b45665d7d32e5b55cc8365 5 0 30.399999999999995
62b45665d7d32e5b55cc8365 5 0 32.300000000000004
62b45665d7d32e5b55cc8365 5 0 33.800000000000004
62b45665d7d32e5b55cc8365 5 0 35.0
62b45665d7d32e5b55cc8364 5 0 26.6
62b45665d7d32e5b55cc8364 5 0 30.399999999999995
62b45665d7d32e5b55cc8364 5 0 32.300000000000004
62b45665d7d32e5b55cc8364 5 0 33.800000000000004
62b45665d7d32e5b55cc8364 5 0 35.0
62b45665d7d32e5b55cc8363 5 0 26.6
62b45665d7d32e5b55cc8363 5 0 30.399999999999995
62b45665d7d32e5b55cc8363 5 0 32.300000000000004
62b45665d7d32e5b55cc8363 5 0 33.800000000000004
62b45665d7d32e5b55cc8363 5 0 35.0
62b438ba66fea644fe22cca2 5 2 27.0
62b438ba66fea644fe22cca2 5 2 31.099999999999994
62b438ba66fea644fe22cca2 5 2 33.2
62b438ba66fea644fe22cca2 5 2 34.800000000000004
62b438ba66fea644fe22cca2 5 2 36.0
62b438b666fea644fe22cc78 5 0 27.0
62b438b666fea644fe22cc78 5 0 31.099999999999994
62b438b666fea644fe22cc78 5 0 33.2
62b438b666fea644fe22cc78 5 0 34.800000000000004
62b438b666fea644fe22cc78 5 0 36.0
62b438b666fea644fe22cc72 5 5 28.0
62b438b666fea644fe22cc72 5 5 32.099999999999994
62b438b666fea644fe22cc72 5 5 34.2
62b438b666fea644fe22cc72 5 5 35.800000000000004
62b438b666fea644fe22cc72 5 5 37.0
62b438b566fea644fe22cc70 5 0 28.0
62b438b566fea644fe22cc70 5 0 32.099999999999994
62b438b566fea644fe22cc70 5 0 34.2
62b438b566fea644fe22cc70 5 0 35.800000000000004
62b438b566fea644fe22cc70 5 0 37.0
62b438a266fea644fe22cc2e 5 0 28.0
62b438a266fea644fe22cc2e 5 0 32.099999999999994
62b438a266fea644fe22cc2e 5 0 34.2
62b438a266fea644fe22cc2e 5 0 35.800000000000004
62b438a266fea644fe22cc2e 5 0 37.0
62b438a266fea644fe22cc2d 5 0 28.0
62b438a266fea644fe22cc2d 5 0 32.099999999999994
62b438a266fea644fe22cc2d 5 0 34.2
62b438a266fea644fe22cc2d 5 0 35.800000000000004
62b438a266fea644fe22cc2d 5 0 37.0
62b438a266fea644fe22cc2c 5 1 28.2
62b438a266fea644fe22cc2c 5 1 32.49999999999999
62b438a266fea644fe22cc2c 5 1 34.800000000000004
62b438a266fea644fe22cc2c 5 1 36.6
62b438a266fea644fe22cc2c 5 1 38.0
62ece4982e6aefcf4aabbd5f 5 5 29.2
62ece4982e6aefcf4aabbd5f 5 5 33.49999999999999
62ece4982e6aefcf4aabbd5f 5 5 35.800000000000004
62ece4982e6aefcf4aabbd5f 5 5 37.6
62ece4982e6aefcf4aabbd5f 5 5 39.0
62ece4982e6aefcf4aabbd60 5 2 29.599999999999998
62ece4982e6aefcf4aabbd60 5 2 34.199999999999996
62ece4982e6aefcf4aabbd60 5 2 36.7
62ece4982e6aefcf4aabbd60 5 2 38.6
62ece4982e6aefcf4aabbd60 5 2 40.0
62ece4982e6aefcf4aabbd61 5 5 30.599999999999998
62ece4982e6aefcf4aabbd61 5 5 35.199999999999996
62ece4982e6aefcf4aabbd61 5 5 37.7
62ece4982e6aefcf4aabbd61 5 5 39.6
62ece4982e6aefcf4aabbd61 5 5 41.0
62ece4982e6aefcf4aabbd62 5 0 30.599999999999998
62ece4982e6aefcf4aabbd62 5 0 35.199999999999996
62ece4982e6aefcf4aabbd62 5 0 37.7
62ece4982e6aefcf4aabbd62 5 0 39.6
62ece4982e6aefcf4aabbd62 5 0 41.0
62ece4982e6aefcf4aabbd63 5 0 30.599999999999998
62ece4982e6aefcf4aabbd63 5 0 35.199999999999996
62ece4982e6aefcf4aabbd63 5 0 37.7
62ece4982e6aefcf4aabbd63 5 0 39.6
62ece4982e6aefcf4aabbd63 5 0 41.0
62ece4982e6aefcf4aabbd65 5 4 31.4
62ece4982e6aefcf4aabbd65 5 4 36.199999999999996
62ece4982e6aefcf4aabbd65 5 4 38.7
62ece4982e6aefcf4aabbd65 5 4 40.6
62ece4982e6aefcf4aabbd65 5 4 42.0
62ece4982e6aefcf4aabbd66 5 0 31.4
62ece4982e6aefcf4aabbd66 5 0 36.199999999999996
62ece4982e6aefcf4aabbd66 5 0 38.7
62ece4982e6aefcf4aabbd66 5 0 40.6
62ece4982e6aefcf4aabbd66 5 0 42.0
62ece4982e6aefcf4aabbd67 5 5 32.4
62ece4982e6aefcf4aabbd67 5 5 37.199999999999996
62ece4982e6aefcf4aabbd67 5 5 39.7
62ece4982e6aefcf4aabbd67 5 5 41.6
62ece4982e6aefcf4aabbd67 5 5 43.0
62ece4982e6aefcf4aabbd68 5 0 32.4
62ece4982e6aefcf4aabbd68 5 0 37.199999999999996
62ece4982e6aefcf4aabbd68 5 0 39.7
62ece4982e6aefcf4aabbd68 5 0 41.6
62ece4982e6aefcf4aabbd68 5 0 43.0
62ece4982e6aefcf4aabbd69 5 0 32.4
62ece4982e6aefcf4aabbd69 5 0 37.199999999999996
62ece4982e6aefcf4aabbd69 5 0 39.7
62ece4982e6aefcf4aabbd69 5 0 41.6
62ece4982e6aefcf4aabbd69 5 0 43.0
62ece4982e6aefcf4aabbd6a 5 5 33.4
62ece4982e6aefcf4aabbd6a 5 5 38.199999999999996
62ece4982e6aefcf4aabbd6a 5 5 40.7
62ece4982e6aefcf4aabbd6a 5 5 42.6
62ece4982e6aefcf4aabbd6a 5 5 44.0
62ece4982e6aefcf4aabbd6b 5 4 34.199999999999996
62ece4982e6aefcf4aabbd6b 5 4 39.199999999999996
62ece4982e6aefcf4aabbd6b 5 4 41.7
62ece4982e6aefcf4aabbd6b 5 4 43.6
62ece4982e6aefcf4aabbd6b 5 4 45.0
62ece4982e6aefcf4aabbd6d 5 0 34.199999999999996
62ece4982e6aefcf4aabbd6d 5 0 39.199999999999996
62ece4982e6aefcf4aabbd6d 5 0 41.7
62ece4982e6aefcf4aabbd6d 5 0 43.6
62ece4982e6aefcf4aabbd6d 5 0 45.0
62ece4982e6aefcf4aabbd6f 5 0 34.199999999999996
62ece4982e6aefcf4aabbd6f 5 0 39.199999999999996
62ece4982e6aefcf4aabbd6f 5 0 41.7
62ece4982e6aefcf4aabbd6f 5 0 43.6
62ece4982e6aefcf4aabbd6f 5 0 45.0
62ece4982e6aefcf4aabbd70 5 1 34.4
62ece4982e6aefcf4aabbd70 5 1 39.599999999999994
62ece4982e6aefcf4aabbd70 5 1 42.300000000000004
62ece4982e6aefcf4aabbd70 5 1 44.4
62ece4982e6aefcf4aabbd70 5 1 46.0
62ece4982e6aefcf4aabbd71 5 0 34.4
62ece4982e6aefcf4aabbd71 5 0 39.599999999999994
62ece4982e6aefcf4aabbd71 5 0 42.300000000000004
62ece4982e6aefcf4aabbd71 5 0 44.4
62ece4982e6aefcf4aabbd71 5 0 46.0
62ece4982e6aefcf4aabbd72 5 0 34.4
62ece4982e6aefcf4aabbd72 5 0 39.599999999999994
62ece4982e6aefcf4aabbd72 5 0 42.300000000000004
62ece4982e6aefcf4aabbd72 5 0 44.4
62ece4982e6aefcf4aabbd72 5 0 46.0
62ece4982e6aefcf4aabbd73 5 4 35.199999999999996
62ece4982e6aefcf4aabbd73 5 4 40.599999999999994
62ece4982e6aefcf4aabbd73 5 4 43.300000000000004
62ece4982e6aefcf4aabbd73 5 4 45.4
62ece4982e6aefcf4aabbd73 5 4 47.0
62ece4982e6aefcf4aabbd74 5 0 35.199999999999996
62ece4982e6aefcf4aabbd74 5 0 40.599999999999994
62ece4982e6aefcf4aabbd74 5 0 43.300000000000004
62ece4982e6aefcf4aabbd74 5 0 45.4
62ece4982e6aefcf4aabbd74 5 0 47.0
62ece4982e6aefcf4aabbd75 5 0 35.199999999999996
62ece4982e6aefcf4aabbd75 5 0 40.599999999999994
62ece4982e6aefcf4aabbd75 5 0 43.300000000000004
62ece4982e6aefcf4aabbd75 5 0 45.4
62ece4982e6aefcf4aabbd75 5 0 47.0
62ece4982e6aefcf4aabbd76 5 0 35.199999999999996
62ece4982e6aefcf4aabbd76 5 0 40.599999999999994
62ece4982e6aefcf4aabbd76 5 0 43.300000000000004
62ece4982e6aefcf4aabbd76 5 0 45.4
62ece4982e6aefcf4aabbd76 5 0 47.0
62ece4982e6aefcf4aabbd77 5 0 35.199999999999996
62ece4982e6aefcf4aabbd77 5 0 40.599999999999994
62ece4982e6aefcf4aabbd77 5 0 43.300000000000004
62ece4982e6aefcf4aabbd77 5 0 45.4
62ece4982e6aefcf4aabbd77 5 0 47.0
62ece4992e6aefcf4aabbd78 5 0 35.199999999999996
62ece4992e6aefcf4aabbd78 5 0 40.599999999999994
62ece4992e6aefcf4aabbd78 5 0 43.300000000000004
62ece4992e6aefcf4aabbd78 5 0 45.4
62ece4992e6aefcf4aabbd78 5 0 47.0
62ece4992e6aefcf4aabbd79 5 0 35.199999999999996
62ece4992e6aefcf4aabbd79 5 0 40.599999999999994
62ece4992e6aefcf4aabbd79 5 0 43.300000000000004
62ece4992e6aefcf4aabbd79 5 0 45.4
62ece4992e6aefcf4aabbd79 5 0 47.0
62ece4992e6aefcf4aabbd7a 5 5 36.199999999999996
62ece4992e6aefcf4aabbd7a 5 5 41.599999999999994
62ece4992e6aefcf4aabbd7a 5 5 44.300000000000004
62ece4992e6aefcf4aabbd7a 5 5 46.4
62ece4992e6aefcf4aabbd7a 5 5 48.0
62ece4992e6aefcf4aabbd7b 5 0 36.199999999999996
62ece4992e6aefcf4aabbd7b 5 0 41.599999999999994
62ece4992e6aefcf4aabbd7b 5 0 44.300000000000004
62ece4992e6aefcf4aabbd7b 5 0 46.4
62ece4992e6aefcf4aabbd7b 5 0 48.0
62ece4992e6aefcf4aabbd7c 5 5 37.199999999999996
62ece4992e6aefcf4aabbd7c 5 5 42.599999999999994
62ece4992e6aefcf4aabbd7c 5 5 45.300000000000004
62ece4992e6aefcf4aabbd7c 5 5 47.4
62ece4992e6aefcf4aabbd7c 5 5 49.0
62ece4992e6aefcf4aabbd7d 5 3 37.8
62ece4992e6aefcf4aabbd7d 5 3 43.49999999999999
62ece4992e6aefcf4aabbd7d 5 3 46.300000000000004
62ece4992e6aefcf4aabbd7d 5 3 48.4
62ece4992e6aefcf4aabbd7d 5 3 50.0
62ece4992e6aefcf4aabbd7e 5 1 38.0
62ece4992e6aefcf4aabbd7e 5 1 43.89999999999999
62ece4992e6aefcf4aabbd7e 5 1 46.900000000000006
62ece4992e6aefcf4aabbd7e 5 1 49.199999999999996
62ece4992e6aefcf4aabbd7e 5 1 51.0
62ece4992e6aefcf4aabbd7f 5 5 39.0
62ece4992e6aefcf4aabbd7f 5 5 44.89999999999999
62ece4992e6aefcf4aabbd7f 5 5 47.900000000000006
62ece4992e6aefcf4aabbd7f 5 5 50.199999999999996
62ece4992e6aefcf4aabbd7f 5 5 52.0
62ece4992e6aefcf4aabbd80 5 5 40.0
62ece4992e6aefcf4aabbd80 5 5 45.89999999999999
62ece4992e6aefcf4aabbd80 5 5 48.900000000000006
62ece4992e6aefcf4aabbd80 5 5 51.199999999999996
62ece4992e6aefcf4aabbd80 5 5 53.0
62ece4992e6aefcf4aabbd82 5 0 40.0
62ece4992e6aefcf4aabbd82 5 0 45.89999999999999
62ece4992e6aefcf4aabbd82 5 0 48.900000000000006
62ece4992e6aefcf4aabbd82 5 0 51.199999999999996
62ece4992e6aefcf4aabbd82 5 0 53.0
62ece4992e6aefcf4aabbd83 5 0 40.0
62ece4992e6aefcf4aabbd83 5 0 45.89999999999999
62ece4992e6aefcf4aabbd83 5 0 48.900000000000006
62ece4992e6aefcf4aabbd83 5 0 51.199999999999996
62ece4992e6aefcf4aabbd83 5 0 53.0
62ece4992e6aefcf4aabbd84 5 5 41.0
62ece4992e6aefcf4aabbd84 5 5 46.89999999999999
62ece4992e6aefcf4aabbd84 5 5 49.900000000000006
62ece4992e6aefcf4aabbd84 5 5 52.199999999999996
62ece4992e6aefcf4aabbd84 5 5 54.0
62ece4992e6aefcf4aabbd85 5 5 42.0
62ece4992e6aefcf4aabbd85 5 5 47.89999999999999
62ece4992e6aefcf4aabbd85 5 5 50.900000000000006
62ece4992e6aefcf4aabbd85 5 5 53.199999999999996
62ece4992e6aefcf4aabbd85 5 5 55.0
62ece4992e6aefcf4aabbd86 5 4 42.8
62ece4992e6aefcf4aabbd86 5 4 48.89999999999999
62ece4992e6aefcf4aabbd86 5 4 51.900000000000006
62ece4992e6aefcf4aabbd86 5 4 54.199999999999996
62ece4992e6aefcf4aabbd86 5 4 56.0
62ece4992e6aefcf4aabbd87 5 0 42.8
62ece4992e6aefcf4aabbd87 5 0 48.89999999999999
62ece4992e6aefcf4aabbd87 5 0 51.900000000000006
62ece4992e6aefcf4aabbd87 5 0 54.199999999999996
62ece4992e6aefcf4aabbd87 5 0 56.0
62ece4992e6aefcf4aabbd88 5 0 42.8
62ece4992e6aefcf4aabbd88 5 0 48.89999999999999
62ece4992e6aefcf4aabbd88 5 0 51.900000000000006
62ece4992e6aefcf4aabbd88 5 0 54.199999999999996
62ece4992e6aefcf4aabbd88 5 0 56.0
62ece4992e6aefcf4aabbd89 5 4 43.599999999999994
62ece4992e6aefcf4aabbd89 5 4 49.89999999999999
62ece4992e6aefcf4aabbd89 5 4 52.900000000000006
62ece4992e6aefcf4aabbd89 5 4 55.199999999999996
62ece4992e6aefcf4aabbd89 5 4 57.0
62ece4992e6aefcf4aabbd8a 5 5 44.599999999999994
62ece4992e6aefcf4aabbd8a 5 5 50.89999999999999
62ece4992e6aefcf4aabbd8a 5 5 53.900000000000006
62ece4992e6aefcf4aabbd8a 5 5 56.199999999999996
62ece4992e6aefcf4aabbd8a 5 5 58.0
62ece4992e6aefcf4aabbd8b 5 0 44.599999999999994
62ece4992e6aefcf4aabbd8b 5 0 50.89999999999999
62ece4992e6aefcf4aabbd8b 5 0 53.900000000000006
62ece4992e6aefcf4aabbd8b 5 0 56.199999999999996
62ece4992e6aefcf4aabbd8b 5 0 58.0
62e60723d76274f8a4026b76 5 0 44.599999999999994
62e60723d76274f8a4026b76 5 0 50.89999999999999
62e60723d76274f8a4026b76 5 0 53.900000000000006
62e60723d76274f8a4026b76 5 0 56.199999999999996
62e60723d76274f8a4026b76 5 0 58.0
62e60873d76274f8a4026bd8 5 0 44.599999999999994
62e60873d76274f8a4026bd8 5 0 50.89999999999999
62e60873d76274f8a4026bd8 5 0 53.900000000000006
62e60873d76274f8a4026bd8 5 0 56.199999999999996
62e60873d76274f8a4026bd8 5 0 58.0
62e60e3bd76274f8a4026d1a 5 0 44.599999999999994
62e60e3bd76274f8a4026d1a 5 0 50.89999999999999
62e60e3bd76274f8a4026d1a 5 0 53.900000000000006
62e60e3bd76274f8a4026d1a 5 0 56.199999999999996
62e60e3bd76274f8a4026d1a 5 0 58.0
62b87b199a0c4fa8b80b354c 5 0 44.599999999999994
62b87b199a0c4fa8b80b354c 5 0 50.89999999999999
62b87b199a0c4fa8b80b354c 5 0 53.900000000000006
62b87b199a0c4fa8b80b354c 5 0 56.199999999999996
62b87b199a0c4fa8b80b354c 5 0 58.0
62b87b4f9a0c4fa8b80b3581 5 0 44.599999999999994
62b87b4f9a0c4fa8b80b3581 5 0 50.89999999999999
62b87b4f9a0c4fa8b80b3581 5 0 53.900000000000006
62b87b4f9a0c4fa8b80b3581 5 0 56.199999999999996
62b87b4f9a0c4fa8b80b3581 5 0 58.0
62b87b519a0c4fa8b80b3583 5 0 44.599999999999994
62b87b519a0c4fa8b80b3583 5 0 50.89999999999999
62b87b519a0c4fa8b80b3583 5 0 53.900000000000006
62b87b519a0c4fa8b80b3583 5 0 56.199999999999996
62b87b519a0c4fa8b80b3583 5 0 58.0
62b87b869a0c4fa8b80b35e1 5 0 44.599999999999994
62b87b869a0c4fa8b80b35e1 5 0 50.89999999999999
62b87b869a0c4fa8b80b35e1 5 0 53.900000000000006
62b87b869a0c4fa8b80b35e1 5 0 56.199999999999996
62b87b869a0c4fa8b80b35e1 5 0 58.0
62b8b4baeb7e40a82d2d1136 5 5 45.599999999999994
62b8b4baeb7e40a82d2d1136 5 5 51.89999999999999
62b8b4baeb7e40a82d2d1136 5 5 54.900000000000006
62b8b4baeb7e40a82d2d1136 5 5 57.199999999999996
62b8b4baeb7e40a82d2d1136 5 5 59.0
62b8b4baeb7e40a82d2d1137 5 3 46.199999999999996
62b8b4baeb7e40a82d2d1137 5 3 52.79999999999999
62b8b4baeb7e40a82d2d1137 5 3 55.900000000000006
62b8b4baeb7e40a82d2d1137 5 3 58.199999999999996
62b8b4baeb7e40a82d2d1137 5 3 60.0
62b8b4c1eb7e40a82d2d1139 5 5 47.199999999999996
62b8b4c1eb7e40a82d2d1139 5 5 53.79999999999999
62b8b4c1eb7e40a82d2d1139 5 5 56.900000000000006
62b8b4c1eb7e40a82d2d1139 5 5 59.199999999999996
62b8b4c1eb7e40a82d2d1139 5 5 61.0
62b8b559eb7e40a82d2d11f6 5 3 47.8
62b8b559eb7e40a82d2d11f6 5 3 54.69999999999999
62b8b559eb7e40a82d2d11f6 5 3 57.900000000000006
62b8b559eb7e40a82d2d11f6 5 3 60.199999999999996
62b8b559eb7e40a82d2d11f6 5 3 62.0
62b8d22a48ba5a41d1c3f47d 5 0 47.8
62b8d22a48ba5a41d1c3f47d 5 0 54.69999999999999
62b8d22a48ba5a41d1c3f47d 5 0 57.900000000000006
62b8d22a48ba5a41d1c3f47d 5 0 60.199999999999996
62b8d22a48ba5a41d1c3f47d 5 0 62.0
62b8d23748ba5a41d1c3f497 5 4 48.599999999999994
62b8d23748ba5a41d1c3f497 5 4 55.69999999999999
62b8d23748ba5a41d1c3f497 5 4 58.900000000000006
62b8d23748ba5a41d1c3f497 5 4 61.199999999999996
62b8d23748ba5a41d1c3f497 5 4 63.0
62b8d23a48ba5a41d1c3f499 5 4 49.39999999999999
62b8d23a48ba5a41d1c3f499 5 4 56.69999999999999
62b8d23a48ba5a41d1c3f499 5 4 59.900000000000006
62b8d23a48ba5a41d1c3f499 5 4 62.199999999999996
62b8d23a48ba5a41d1c3f499 5 4 64.0
62b8d23c48ba5a41d1c3f49b 5 1 49.599999999999994
62b8d23c48ba5a41d1c3f49b 5 1 57.09999999999999
62b8d23c48ba5a41d1c3f49b 5 1 60.50000000000001
62b8d23c48ba5a41d1c3f49b 5 1 62.99999999999999
62b8d23c48ba5a41d1c3f49b 5 1 65.0
62b8d23e48ba5a41d1c3f49e 5 5 50.599999999999994
62b8d23e48ba5a41d1c3f49e 5 5 58.09999999999999
62b8d23e48ba5a41d1c3f49e 5 5 61.50000000000001
62b8d23e48ba5a41d1c3f49e 5 5 63.99999999999999
62b8d23e48ba5a41d1c3f49e 5 5 66.0
62b43425903eeb48555d3ea1 5 0 50.599999999999994
62b43425903eeb48555d3ea1 5 0 58.09999999999999
62b43425903eeb48555d3ea1 5 0 61.50000000000001
62b43425903eeb48555d3ea1 5 0 63.99999999999999
62b43425903eeb48555d3ea1 5 0 66.0
62b43426903eeb48555d3ea2 5 0 50.599999999999994
62b43426903eeb48555d3ea2 5 0 58.09999999999999
62b43426903eeb48555d3ea2 5 0 61.50000000000001
62b43426903eeb48555d3ea2 5 0 63.99999999999999
62b43426903eeb48555d3ea2 5 0 66.0
62b8966c755ee91dce50a154 5 0 50.599999999999994
62b8966c755ee91dce50a154 5 0 58.09999999999999
62b8966c755ee91dce50a154 5 0 61.50000000000001
62b8966c755ee91dce50a154 5 0 63.99999999999999
62b8966c755ee91dce50a154 5 0 66.0
62b896de755ee91dce50a183 5 0 50.599999999999994
62b896de755ee91dce50a183 5 0 58.09999999999999
62b896de755ee91dce50a183 5 0 61.50000000000001
62b896de755ee91dce50a183 5 0 63.99999999999999
62b896de755ee91dce50a183 5 0 66.0
62b8a4a4755ee91dce50a3d3 5 2 50.99999999999999
62b8a4a4755ee91dce50a3d3 5 2 58.79999999999999
62b8a4a4755ee91dce50a3d3 5 2 62.400000000000006
62b8a4a4755ee91dce50a3d3 5 2 65.0
62b8a4a4755ee91dce50a3d3 5 2 67.0
62b8a7b2755ee91dce50a4a7 5 5 51.99999999999999
62b8a7b2755ee91dce50a4a7 5 5 59.79999999999999
62b8a7b2755ee91dce50a4a7 5 5 63.400000000000006
62b8a7b2755ee91dce50a4a7 5 5 66.0
62b8a7b2755ee91dce50a4a7 5 5 68.0
6305f9991d275c6667163c50 5 5 52.99999999999999
6305f9991d275c6667163c50 5 5 60.79999999999999
6305f9991d275c6667163c50 5 5 64.4
6305f9991d275c6667163c50 5 5 67.0
6305f9991d275c6667163c50 5 5 69.0
6306292052e177c0ba469f09 5 0 52.99999999999999
6306292052e177c0ba469f09 5 0 60.79999999999999
6306292052e177c0ba469f09 5 0 64.4
6306292052e177c0ba469f09 5 0 67.0
6306292052e177c0ba469f09 5 0 69.0
6306292152e177c0ba469f0d 5 0 52.99999999999999
6306292152e177c0ba469f0d 5 0 60.79999999999999
6306292152e177c0ba469f0d 5 0 64.4
6306292152e177c0ba469f0d 5 0 67.0
6306292152e177c0ba469f0d 5 0 69.0
6306292252e177c0ba469f11 5 5 53.99999999999999
6306292252e177c0ba469f11 5 5 61.79999999999999
6306292252e177c0ba469f11 5 5 65.4
6306292252e177c0ba469f11 5 5 68.0
6306292252e177c0ba469f11 5 5 70.0
6306292352e177c0ba469f1d 5 0 53.99999999999999
6306292352e177c0ba469f1d 5 0 61.79999999999999
6306292352e177c0ba469f1d 5 0 65.4
6306292352e177c0ba469f1d 5 0 68.0
6306292352e177c0ba469f1d 5 0 70.0
6306292352e177c0ba469f1e 5 0 53.99999999999999
6306292352e177c0ba469f1e 5 0 61.79999999999999
6306292352e177c0ba469f1e 5 0 65.4
6306292352e177c0ba469f1e 5 0 68.0
6306292352e177c0ba469f1e 5 0 70.0
6306292652e177c0ba469f34 5 0 53.99999999999999
6306292652e177c0ba469f34 5 0 61.79999999999999
6306292652e177c0ba469f34 5 0 65.4
6306292652e177c0ba469f34 5 0 68.0
6306292652e177c0ba469f34 5 0 70.0
6306292a52e177c0ba469f41 5 1 54.199999999999996
6306292a52e177c0ba469f41 5 1 62.19999999999999
6306292a52e177c0ba469f41 5 1 66.0
6306292a52e177c0ba469f41 5 1 68.8
6306292a52e177c0ba469f41 5 1 71.0
6306298b52e177c0ba469fdc 5 0 54.199999999999996
6306298b52e177c0ba469fdc 5 0 62.19999999999999
6306298b52e177c0ba469fdc 5 0 66.0
6306298b52e177c0ba469fdc 5 0 68.8
6306298b52e177c0ba469fdc 5 0 71.0
6306299052e177c0ba469fe8 5 0 54.199999999999996
6306299052e177c0ba469fe8 5 0 62.19999999999999
6306299052e177c0ba469fe8 5 0 66.0
6306299052e177c0ba469fe8 5 0 68.8
6306299052e177c0ba469fe8 5 0 71.0
630629b952e177c0ba46a043 5 0 54.199999999999996
630629b952e177c0ba46a043 5 0 62.19999999999999
630629b952e177c0ba46a043 5 0 66.0
630629b952e177c0ba46a043 5 0 68.8
630629b952e177c0ba46a043 5 0 71.0
630629d052e177c0ba46a0a1 5 0 54.199999999999996
630629d052e177c0ba46a0a1 5 0 62.19999999999999
630629d052e177c0ba46a0a1 5 0 66.0
630629d052e177c0ba46a0a1 5 0 68.8
630629d052e177c0ba46a0a1 5 0 71.0
630629e052e177c0ba46a0c4 5 0 54.199999999999996
630629e052e177c0ba46a0c4 5 0 62.19999999999999
630629e052e177c0ba46a0c4 5 0 66.0
630629e052e177c0ba46a0c4 5 0 68.8
630629e052e177c0ba46a0c4 5 0 71.0
630629e152e177c0ba46a0d1 5 5 55.199999999999996
630629e152e177c0ba46a0d1 5 5 63.19999999999999
630629e152e177c0ba46a0d1 5 5 67.0
630629e152e177c0ba46a0d1 5 5 69.8
630629e152e177c0ba46a0d1 5 5 72.0
630629e152e177c0ba46a0d2 5 0 55.199999999999996
630629e152e177c0ba46a0d2 5 0 63.19999999999999
630629e152e177c0ba46a0d2 5 0 67.0
630629e152e177c0ba46a0d2 5 0 69.8
630629e152e177c0ba46a0d2 5 0 72.0
630629e252e177c0ba46a0d6 5 0 55.199999999999996
630629e252e177c0ba46a0d6 5 0 63.19999999999999
630629e252e177c0ba46a0d6 5 0 67.0
630629e252e177c0ba46a0d6 5 0 69.8
630629e252e177c0ba46a0d6 5 0 72.0
630629e752e177c0ba46a0fb 5 0 55.199999999999996
630629e752e177c0ba46a0fb 5 0 63.19999999999999
630629e752e177c0ba46a0fb 5 0 67.0
630629e752e177c0ba46a0fb 5 0 69.8
630629e752e177c0ba46a0fb 5 0 72.0
6306091073426c38ae68acac 5 0 55.199999999999996
6306091073426c38ae68acac 5 0 63.19999999999999
6306091073426c38ae68acac 5 0 67.0
6306091073426c38ae68acac 5 0 69.8
6306091073426c38ae68acac 5 0 72.0
6306091a73426c38ae68acc8 5 0 55.199999999999996
6306091a73426c38ae68acc8 5 0 63.19999999999999
6306091a73426c38ae68acc8 5 0 67.0
6306091a73426c38ae68acc8 5 0 69.8
6306091a73426c38ae68acc8 5 0 72.0
6306091b73426c38ae68acd7 5 0 55.199999999999996
6306091b73426c38ae68acd7 5 0 63.19999999999999
6306091b73426c38ae68acd7 5 0 67.0
6306091b73426c38ae68acd7 5 0 69.8
6306091b73426c38ae68acd7 5 0 72.0
6306091b73426c38ae68acd9 5 0 55.199999999999996
6306091b73426c38ae68acd9 5 0 63.19999999999999
6306091b73426c38ae68acd9 5 0 67.0
6306091b73426c38ae68acd9 5 0 69.8
6306091b73426c38ae68acd9 5 0 72.0
6306091b73426c38ae68acda 5 0 55.199999999999996
6306091b73426c38ae68acda 5 0 63.19999999999999
6306091b73426c38ae68acda 5 0 67.0
6306091b73426c38ae68acda 5 0 69.8
6306091b73426c38ae68acda 5 0 72.0
6306091c73426c38ae68acdc 5 3 55.8
6306091c73426c38ae68acdc 5 3 64.1
6306091c73426c38ae68acdc 5 3 68.0
6306091c73426c38ae68acdc 5 3 70.8
6306091c73426c38ae68acdc 5 3 73.0
6306091c73426c38ae68acdd 5 4 56.599999999999994
6306091c73426c38ae68acdd 5 4 65.1
6306091c73426c38ae68acdd 5 4 69.0
6306091c73426c38ae68acdd 5 4 71.8
6306091c73426c38ae68acdd 5 4 74.0
6306091d73426c38ae68ace5 5 0 56.599999999999994
6306091d73426c38ae68ace5 5 0 65.1
6306091d73426c38ae68ace5 5 0 69.0
6306091d73426c38ae68ace5 5 0 71.8
6306091d73426c38ae68ace5 5 0 74.0
6306092373426c38ae68acfa 5 0 56.599999999999994
6306092373426c38ae68acfa 5 0 65.1
6306092373426c38ae68acfa 5 0 69.0
6306092373426c38ae68acfa 5 0 71.8
6306092373426c38ae68acfa 5 0 74.0
6306092973426c38ae68ad01 5 0 56.599999999999994
6306092973426c38ae68ad01 5 0 65.1
6306092973426c38ae68ad01 5 0 69.0
6306092973426c38ae68ad01 5 0 71.8
6306092973426c38ae68ad01 5 0 74.0
6306092c73426c38ae68ad02 5 0 56.599999999999994
6306092c73426c38ae68ad02 5 0 65.1
6306092c73426c38ae68ad02 5 0 69.0
6306092c73426c38ae68ad02 5 0 71.8
6306092c73426c38ae68ad02 5 0 74.0
6306092d73426c38ae68ad04 5 0 56.599999999999994
6306092d73426c38ae68ad04 5 0 65.1
6306092d73426c38ae68ad04 5 0 69.0
6306092d73426c38ae68ad04 5 0 71.8
6306092d73426c38ae68ad04 5 0 74.0
6306092d73426c38ae68ad05 5 0 56.599999999999994
6306092d73426c38ae68ad05 5 0 65.1
6306092d73426c38ae68ad05 5 0 69.0
6306092d73426c38ae68ad05 5 0 71.8
6306092d73426c38ae68ad05 5 0 74.0
6306092d73426c38ae68ad06 5 0 56.599999999999994
6306092d73426c38ae68ad06 5 0 65.1
6306092d73426c38ae68ad06 5 0 69.0
6306092d73426c38ae68ad06 5 0 71.8
6306092d73426c38ae68ad06 5 0 74.0
6306092d73426c38ae68ad07 5 0 56.599999999999994
6306092d73426c38ae68ad07 5 0 65.1
6306092d73426c38ae68ad07 5 0 69.0
6306092d73426c38ae68ad07 5 0 71.8
6306092d73426c38ae68ad07 5 0 74.0
6306092d73426c38ae68ad08 5 3 57.199999999999996
6306092d73426c38ae68ad08 5 3 66.0
6306092d73426c38ae68ad08 5 3 70.0
6306092d73426c38ae68ad08 5 3 72.8
6306092d73426c38ae68ad08 5 3 75.0
6306092e73426c38ae68ad09 5 0 57.199999999999996
6306092e73426c38ae68ad09 5 0 66.0
6306092e73426c38ae68ad09 5 0 70.0
6306092e73426c38ae68ad09 5 0 72.8
6306092e73426c38ae68ad09 5 0 75.0
6306092e73426c38ae68ad0a 5 0 57.199999999999996
6306092e73426c38ae68ad0a 5 0 66.0
6306092e73426c38ae68ad0a 5 0 70.0
6306092e73426c38ae68ad0a 5 0 72.8
6306092e73426c38ae68ad0a 5 0 75.0
6306092e73426c38ae68ad0b 5 0 57.199999999999996
6306092e73426c38ae68ad0b 5 0 66.0
6306092e73426c38ae68ad0b 5 0 70.0
6306092e73426c38ae68ad0b 5 0 72.8
6306092e73426c38ae68ad0b 5 0 75.0
6306092e73426c38ae68ad0d 5 0 57.199999999999996
6306092e73426c38ae68ad0d 5 0 66.0
6306092e73426c38ae68ad0d 5 0 70.0
6306092e73426c38ae68ad0d 5 0 72.8
6306092e73426c38ae68ad0d 5 0 75.0
6306092e73426c38ae68ad0f 5 0 57.199999999999996
6306092e73426c38ae68ad0f 5 0 66.0
6306092e73426c38ae68ad0f 5 0 70.0
6306092e73426c38ae68ad0f 5 0 72.8
6306092e73426c38ae68ad0f 5 0 75.0
6306092e73426c38ae68ad11 5 0 57.199999999999996
6306092e73426c38ae68ad11 5 0 66.0
6306092e73426c38ae68ad11 5 0 70.0
6306092e73426c38ae68ad11 5 0 72.8
6306092e73426c38ae68ad11 5 0 75.0
6306092f73426c38ae68ad13 5 0 57.199999999999996
6306092f73426c38ae68ad13 5 0 66.0
6306092f73426c38ae68ad13 5 0 70.0
6306092f73426c38ae68ad13 5 0 72.8
6306092f73426c38ae68ad13 5 0 75.0
6306093273426c38ae68ad15 5 0 57.199999999999996
6306093273426c38ae68ad15 5 0 66.0
6306093273426c38ae68ad15 5 0 70.0
6306093273426c38ae68ad15 5 0 72.8
6306093273426c38ae68ad15 5 0 75.0
63060ada73426c38ae68ad31 5 0 57.199999999999996
63060ada73426c38ae68ad31 5 0 66.0
63060ada73426c38ae68ad31 5 0 70.0
63060ada73426c38ae68ad31 5 0 72.8
63060ada73426c38ae68ad31 5 0 75.0
63060b1a73426c38ae68ad3e 5 0 57.199999999999996
63060b1a73426c38ae68ad3e 5 0 66.0
63060b1a73426c38ae68ad3e 5 0 70.0
63060b1a73426c38ae68ad3e 5 0 72.8
63060b1a73426c38ae68ad3e 5 0 75.0
63060b1b73426c38ae68ad42 5 0 57.199999999999996
63060b1b73426c38ae68ad42 5 0 66.0
63060b1b73426c38ae68ad42 5 0 70.0
63060b1b73426c38ae68ad42 5 0 72.8
63060b1b73426c38ae68ad42 5 0 75.0
63060b1b73426c38ae68ad43 5 1 57.4
63060b1b73426c38ae68ad43 5 1 66.4
63060b1b73426c38ae68ad43 5 1 70.6
63060b1b73426c38ae68ad43 5 1 73.6
63060b1b73426c38ae68ad43 5 1 76.0
62ece4982e6aefcf4aabbd64 5 0 57.4
62ece4982e6aefcf4aabbd64 5 0 66.4
62ece4982e6aefcf4aabbd64 5 0 70.6
62ece4982e6aefcf4aabbd64 5 0 73.6
62ece4982e6aefcf4aabbd64 5 0 76.0
230 230
[57.4, 66.4, 70.6, 73.6, 76.0]
0.24956521739130433
 24.96%
0.2886956521739131
 28.87%
0.3069565217391304
 30.70%
0.31999999999999995
 32.00%
0.33043478260869563
 33.04%
finish_overall
plib_runnable	21

  31.43%	
  33.33%	
  33.33%	
  33.33%	
  33.33%	


project_runnable	23

  7.83%	
  10.00%	
  11.30%	
  12.17%	
  13.04%	


class_runnable	55

  22.55%	
  27.64%	
  30.00%	
  31.64%	
  32.73%	


self_contained	35

  50.86%	
  54.29%	
  55.71%	
  56.57%	
  57.14%	


file_runnable	68

  18.82%	
  23.24%	
  25.29%	
  26.76%	
  27.94%	


slib_runnable	28

  21.43%	
  25.36%	
  27.86%	
  30.00%	
  32.14%	


230
0
