62e60f43d76274f8a4026e28 5 0 0.0
62e60f43d76274f8a4026e28 5 0 0.0
62e60f43d76274f8a4026e28 5 0 0.0
62e60f43d76274f8a4026e28 5 0 0.0
62e60f43d76274f8a4026e28 5 0 0.0
62e60f3bd76274f8a4026e10 5 0 0.0
62e60f3bd76274f8a4026e10 5 0 0.0
62e60f3bd76274f8a4026e10 5 0 0.0
62e60f3bd76274f8a4026e10 5 0 0.0
62e60f3bd76274f8a4026e10 5 0 0.0
62e60f37d76274f8a4026dfd 5 0 0.0
62e60f37d76274f8a4026dfd 5 0 0.0
62e60f37d76274f8a4026dfd 5 0 0.0
62e60f37d76274f8a4026dfd 5 0 0.0
62e60f37d76274f8a4026dfd 5 0 0.0
62e60f33d76274f8a4026de9 5 0 0.0
62e60f33d76274f8a4026de9 5 0 0.0
62e60f33d76274f8a4026de9 5 0 0.0
62e60f33d76274f8a4026de9 5 0 0.0
62e60f33d76274f8a4026de9 5 0 0.0
62e60ed4d76274f8a4026da0 5 5 1.0
62e60ed4d76274f8a4026da0 5 5 1.0
62e60ed4d76274f8a4026da0 5 5 1.0
62e60ed4d76274f8a4026da0 5 5 1.0
62e60ed4d76274f8a4026da0 5 5 1.0
62e60ecfd76274f8a4026d6a 5 0 1.0
62e60ecfd76274f8a4026d6a 5 0 1.0
62e60ecfd76274f8a4026d6a 5 0 1.0
62e60ecfd76274f8a4026d6a 5 0 1.0
62e60ecfd76274f8a4026d6a 5 0 1.0
62e60e49d76274f8a4026d25 5 3 1.6
62e60e49d76274f8a4026d25 5 3 1.9
62e60e49d76274f8a4026d25 5 3 2.0
62e60e49d76274f8a4026d25 5 3 2.0
62e60e49d76274f8a4026d25 5 3 2.0
62e60e05d76274f8a4026cfd 5 0 1.6
62e60e05d76274f8a4026cfd 5 0 1.9
62e60e05d76274f8a4026cfd 5 0 2.0
62e60e05d76274f8a4026cfd 5 0 2.0
62e60e05d76274f8a4026cfd 5 0 2.0
62e60da4d76274f8a4026cf1 5 1 1.8
62e60da4d76274f8a4026cf1 5 1 2.3
62e60da4d76274f8a4026cf1 5 1 2.6
62e60da4d76274f8a4026cf1 5 1 2.8
62e60da4d76274f8a4026cf1 5 1 3.0
62e60b10d76274f8a4026ccd 5 0 1.8
62e60b10d76274f8a4026ccd 5 0 2.3
62e60b10d76274f8a4026ccd 5 0 2.6
62e60b10d76274f8a4026ccd 5 0 2.8
62e60b10d76274f8a4026ccd 5 0 3.0
62e6087bd76274f8a4026bfa 5 0 1.8
62e6087bd76274f8a4026bfa 5 0 2.3
62e6087bd76274f8a4026bfa 5 0 2.6
62e6087bd76274f8a4026bfa 5 0 2.8
62e6087bd76274f8a4026bfa 5 0 3.0
62e6087ad76274f8a4026bf2 5 0 1.8
62e6087ad76274f8a4026bf2 5 0 2.3
62e6087ad76274f8a4026bf2 5 0 2.6
62e6087ad76274f8a4026bf2 5 0 2.8
62e6087ad76274f8a4026bf2 5 0 3.0
62e60879d76274f8a4026bec 5 0 1.8
62e60879d76274f8a4026bec 5 0 2.3
62e60879d76274f8a4026bec 5 0 2.6
62e60879d76274f8a4026bec 5 0 2.8
62e60879d76274f8a4026bec 5 0 3.0
62e60723d76274f8a4026b75 5 5 2.8
62e60723d76274f8a4026b75 5 5 3.3
62e60723d76274f8a4026b75 5 5 3.6
62e60723d76274f8a4026b75 5 5 3.8
62e60723d76274f8a4026b75 5 5 4.0
62e60707d76274f8a4026b69 5 0 2.8
62e60707d76274f8a4026b69 5 0 3.3
62e60707d76274f8a4026b69 5 0 3.6
62e60707d76274f8a4026b69 5 0 3.8
62e60707d76274f8a4026b69 5 0 4.0
62e5dc9ed76274f8a4026b5b 5 4 3.5999999999999996
62e5dc9ed76274f8a4026b5b 5 4 4.3
62e5dc9ed76274f8a4026b5b 5 4 4.6
62e5dc9ed76274f8a4026b5b 5 4 4.8
62e5dc9ed76274f8a4026b5b 5 4 5.0
62e4fc3c85ea98643089041e 5 0 3.5999999999999996
62e4fc3c85ea98643089041e 5 0 4.3
62e4fc3c85ea98643089041e 5 0 4.6
62e4fc3c85ea98643089041e 5 0 4.8
62e4fc3c85ea98643089041e 5 0 5.0
62e4fbda85ea986430890405 5 0 3.5999999999999996
62e4fbda85ea986430890405 5 0 4.3
62e4fbda85ea986430890405 5 0 4.6
62e4fbda85ea986430890405 5 0 4.8
62e4fbda85ea986430890405 5 0 5.0
62e4fbda85ea986430890403 5 0 3.5999999999999996
62e4fbda85ea986430890403 5 0 4.3
62e4fbda85ea986430890403 5 0 4.6
62e4fbda85ea986430890403 5 0 4.8
62e4fbda85ea986430890403 5 0 5.0
62e4fb6585ea98643089032b 5 5 4.6
62e4fb6585ea98643089032b 5 5 5.3
62e4fb6585ea98643089032b 5 5 5.6
62e4fb6585ea98643089032b 5 5 5.8
62e4fb6585ea98643089032b 5 5 6.0
62e4fb4d85ea9864308902e7 5 0 4.6
62e4fb4d85ea9864308902e7 5 0 5.3
62e4fb4d85ea9864308902e7 5 0 5.6
62e4fb4d85ea9864308902e7 5 0 5.8
62e4fb4d85ea9864308902e7 5 0 6.0
62b8d27a48ba5a41d1c3f4c6 5 1 4.8
62b8d27a48ba5a41d1c3f4c6 5 1 5.7
62b8d27a48ba5a41d1c3f4c6 5 1 6.199999999999999
62b8d27a48ba5a41d1c3f4c6 5 1 6.6
62b8d27a48ba5a41d1c3f4c6 5 1 7.0
62b8d24048ba5a41d1c3f49f 5 0 4.8
62b8d24048ba5a41d1c3f49f 5 0 5.7
62b8d24048ba5a41d1c3f49f 5 0 6.199999999999999
62b8d24048ba5a41d1c3f49f 5 0 6.6
62b8d24048ba5a41d1c3f49f 5 0 7.0
62b8d23b48ba5a41d1c3f49a 5 0 4.8
62b8d23b48ba5a41d1c3f49a 5 0 5.7
62b8d23b48ba5a41d1c3f49a 5 0 6.199999999999999
62b8d23b48ba5a41d1c3f49a 5 0 6.6
62b8d23b48ba5a41d1c3f49a 5 0 7.0
62b8d23948ba5a41d1c3f498 5 0 4.8
62b8d23948ba5a41d1c3f498 5 0 5.7
62b8d23948ba5a41d1c3f498 5 0 6.199999999999999
62b8d23948ba5a41d1c3f498 5 0 6.6
62b8d23948ba5a41d1c3f498 5 0 7.0
62b8d23748ba5a41d1c3f496 5 0 4.8
62b8d23748ba5a41d1c3f496 5 0 5.7
62b8d23748ba5a41d1c3f496 5 0 6.199999999999999
62b8d23748ba5a41d1c3f496 5 0 6.6
62b8d23748ba5a41d1c3f496 5 0 7.0
62b8d22f48ba5a41d1c3f488 5 3 5.3999999999999995
62b8d22f48ba5a41d1c3f488 5 3 6.6000000000000005
62b8d22f48ba5a41d1c3f488 5 3 7.199999999999999
62b8d22f48ba5a41d1c3f488 5 3 7.6
62b8d22f48ba5a41d1c3f488 5 3 8.0
62b8d22a48ba5a41d1c3f47e 5 5 6.3999999999999995
62b8d22a48ba5a41d1c3f47e 5 5 7.6000000000000005
62b8d22a48ba5a41d1c3f47e 5 5 8.2
62b8d22a48ba5a41d1c3f47e 5 5 8.6
62b8d22a48ba5a41d1c3f47e 5 5 9.0
62b8d22948ba5a41d1c3f47c 5 5 7.3999999999999995
62b8d22948ba5a41d1c3f47c 5 5 8.600000000000001
62b8d22948ba5a41d1c3f47c 5 5 9.2
62b8d22948ba5a41d1c3f47c 5 5 9.6
62b8d22948ba5a41d1c3f47c 5 5 10.0
62b8d22548ba5a41d1c3f472 5 0 7.3999999999999995
62b8d22548ba5a41d1c3f472 5 0 8.600000000000001
62b8d22548ba5a41d1c3f472 5 0 9.2
62b8d22548ba5a41d1c3f472 5 0 9.6
62b8d22548ba5a41d1c3f472 5 0 10.0
62b8c517e0d34b282c18122e 5 0 7.3999999999999995
62b8c517e0d34b282c18122e 5 0 8.600000000000001
62b8c517e0d34b282c18122e 5 0 9.2
62b8c517e0d34b282c18122e 5 0 9.6
62b8c517e0d34b282c18122e 5 0 10.0
62b8bbbfe0d34b282c181210 5 2 7.799999999999999
62b8bbbfe0d34b282c181210 5 2 9.3
62b8bbbfe0d34b282c181210 5 2 10.1
62b8bbbfe0d34b282c181210 5 2 10.6
62b8bbbfe0d34b282c181210 5 2 11.0
62b8bbbfe0d34b282c18120f 5 3 8.399999999999999
62b8bbbfe0d34b282c18120f 5 3 10.200000000000001
62b8bbbfe0d34b282c18120f 5 3 11.1
62b8bbbfe0d34b282c18120f 5 3 11.6
62b8bbbfe0d34b282c18120f 5 3 12.0
62b8bbbce0d34b282c18120d 5 0 8.399999999999999
62b8bbbce0d34b282c18120d 5 0 10.200000000000001
62b8bbbce0d34b282c18120d 5 0 11.1
62b8bbbce0d34b282c18120d 5 0 11.6
62b8bbbce0d34b282c18120d 5 0 12.0
62b8b99de0d34b282c1811f8 5 0 8.399999999999999
62b8b99de0d34b282c1811f8 5 0 10.200000000000001
62b8b99de0d34b282c1811f8 5 0 11.1
62b8b99de0d34b282c1811f8 5 0 11.6
62b8b99de0d34b282c1811f8 5 0 12.0
62b8b59feb7e40a82d2d1291 5 0 8.399999999999999
62b8b59feb7e40a82d2d1291 5 0 10.200000000000001
62b8b59feb7e40a82d2d1291 5 0 11.1
62b8b59feb7e40a82d2d1291 5 0 11.6
62b8b59feb7e40a82d2d1291 5 0 12.0
62b8b590eb7e40a82d2d1275 5 0 8.399999999999999
62b8b590eb7e40a82d2d1275 5 0 10.200000000000001
62b8b590eb7e40a82d2d1275 5 0 11.1
62b8b590eb7e40a82d2d1275 5 0 11.6
62b8b590eb7e40a82d2d1275 5 0 12.0
62b8b58deb7e40a82d2d1269 5 4 9.2
62b8b58deb7e40a82d2d1269 5 4 11.200000000000001
62b8b58deb7e40a82d2d1269 5 4 12.1
62b8b58deb7e40a82d2d1269 5 4 12.6
62b8b58deb7e40a82d2d1269 5 4 13.0
62b8b559eb7e40a82d2d11f8 5 3 9.799999999999999
62b8b559eb7e40a82d2d11f8 5 3 12.100000000000001
62b8b559eb7e40a82d2d11f8 5 3 13.1
62b8b559eb7e40a82d2d11f8 5 3 13.6
62b8b559eb7e40a82d2d11f8 5 3 14.0
62b8b4b9eb7e40a82d2d1134 5 0 9.799999999999999
62b8b4b9eb7e40a82d2d1134 5 0 12.100000000000001
62b8b4b9eb7e40a82d2d1134 5 0 13.1
62b8b4b9eb7e40a82d2d1134 5 0 13.6
62b8b4b9eb7e40a82d2d1134 5 0 14.0
62b8b416eb7e40a82d2d1129 5 0 9.799999999999999
62b8b416eb7e40a82d2d1129 5 0 12.100000000000001
62b8b416eb7e40a82d2d1129 5 0 13.1
62b8b416eb7e40a82d2d1129 5 0 13.6
62b8b416eb7e40a82d2d1129 5 0 14.0
62b8b3d6eb7e40a82d2d111c 5 4 10.6
62b8b3d6eb7e40a82d2d111c 5 4 13.100000000000001
62b8b3d6eb7e40a82d2d111c 5 4 14.1
62b8b3d6eb7e40a82d2d111c 5 4 14.6
62b8b3d6eb7e40a82d2d111c 5 4 15.0
62b8b3d5eb7e40a82d2d1110 5 1 10.799999999999999
62b8b3d5eb7e40a82d2d1110 5 1 13.500000000000002
62b8b3d5eb7e40a82d2d1110 5 1 14.7
62b8b3d5eb7e40a82d2d1110 5 1 15.4
62b8b3d5eb7e40a82d2d1110 5 1 16.0
62b8b3d4eb7e40a82d2d110f 5 4 11.6
62b8b3d4eb7e40a82d2d110f 5 4 14.500000000000002
62b8b3d4eb7e40a82d2d110f 5 4 15.7
62b8b3d4eb7e40a82d2d110f 5 4 16.4
62b8b3d4eb7e40a82d2d110f 5 4 17.0
62b8b3d4eb7e40a82d2d110e 5 0 11.6
62b8b3d4eb7e40a82d2d110e 5 0 14.500000000000002
62b8b3d4eb7e40a82d2d110e 5 0 15.7
62b8b3d4eb7e40a82d2d110e 5 0 16.4
62b8b3d4eb7e40a82d2d110e 5 0 17.0
62b8b3d4eb7e40a82d2d110d 5 0 11.6
62b8b3d4eb7e40a82d2d110d 5 0 14.500000000000002
62b8b3d4eb7e40a82d2d110d 5 0 15.7
62b8b3d4eb7e40a82d2d110d 5 0 16.4
62b8b3d4eb7e40a82d2d110d 5 0 17.0
62b87b989a0c4fa8b80b35ee 5 0 11.6
62b87b989a0c4fa8b80b35ee 5 0 14.500000000000002
62b87b989a0c4fa8b80b35ee 5 0 15.7
62b87b989a0c4fa8b80b35ee 5 0 16.4
62b87b989a0c4fa8b80b35ee 5 0 17.0
62b87b859a0c4fa8b80b35d7 5 2 12.0
62b87b859a0c4fa8b80b35d7 5 2 15.200000000000001
62b87b859a0c4fa8b80b35d7 5 2 16.599999999999998
62b87b859a0c4fa8b80b35d7 5 2 17.4
62b87b859a0c4fa8b80b35d7 5 2 18.0
62b87b839a0c4fa8b80b35cb 5 0 12.0
62b87b839a0c4fa8b80b35cb 5 0 15.200000000000001
62b87b839a0c4fa8b80b35cb 5 0 16.599999999999998
62b87b839a0c4fa8b80b35cb 5 0 17.4
62b87b839a0c4fa8b80b35cb 5 0 18.0
62b87b7e9a0c4fa8b80b35bc 5 0 12.0
62b87b7e9a0c4fa8b80b35bc 5 0 15.200000000000001
62b87b7e9a0c4fa8b80b35bc 5 0 16.599999999999998
62b87b7e9a0c4fa8b80b35bc 5 0 17.4
62b87b7e9a0c4fa8b80b35bc 5 0 18.0
62b87b4f9a0c4fa8b80b3580 5 1 12.2
62b87b4f9a0c4fa8b80b3580 5 1 15.600000000000001
62b87b4f9a0c4fa8b80b3580 5 1 17.2
62b87b4f9a0c4fa8b80b3580 5 1 18.2
62b87b4f9a0c4fa8b80b3580 5 1 19.0
62b87b199a0c4fa8b80b354e 5 4 13.0
62b87b199a0c4fa8b80b354e 5 4 16.6
62b87b199a0c4fa8b80b354e 5 4 18.2
62b87b199a0c4fa8b80b354e 5 4 19.2
62b87b199a0c4fa8b80b354e 5 4 20.0
62b87b099a0c4fa8b80b3538 5 5 14.0
62b87b099a0c4fa8b80b3538 5 5 17.6
62b87b099a0c4fa8b80b3538 5 5 19.2
62b87b099a0c4fa8b80b3538 5 5 20.2
62b87b099a0c4fa8b80b3538 5 5 21.0
62b87af99a0c4fa8b80b3524 5 5 15.0
62b87af99a0c4fa8b80b3524 5 5 18.6
62b87af99a0c4fa8b80b3524 5 5 20.2
62b87af99a0c4fa8b80b3524 5 5 21.2
62b87af99a0c4fa8b80b3524 5 5 22.0
62b87af69a0c4fa8b80b351a 5 5 16.0
62b87af69a0c4fa8b80b351a 5 5 19.6
62b87af69a0c4fa8b80b351a 5 5 21.2
62b87af69a0c4fa8b80b351a 5 5 22.2
62b87af69a0c4fa8b80b351a 5 5 23.0
62b87af19a0c4fa8b80b34f7 5 0 16.0
62b87af19a0c4fa8b80b34f7 5 0 19.6
62b87af19a0c4fa8b80b34f7 5 0 21.2
62b87af19a0c4fa8b80b34f7 5 0 22.2
62b87af19a0c4fa8b80b34f7 5 0 23.0
62b87af09a0c4fa8b80b34f1 5 0 16.0
62b87af09a0c4fa8b80b34f1 5 0 19.6
62b87af09a0c4fa8b80b34f1 5 0 21.2
62b87af09a0c4fa8b80b34f1 5 0 22.2
62b87af09a0c4fa8b80b34f1 5 0 23.0
62b86aa3b4d922cb0e688d36 5 0 16.0
62b86aa3b4d922cb0e688d36 5 0 19.6
62b86aa3b4d922cb0e688d36 5 0 21.2
62b86aa3b4d922cb0e688d36 5 0 22.2
62b86aa3b4d922cb0e688d36 5 0 23.0
62b86a9eb4d922cb0e688d25 5 0 16.0
62b86a9eb4d922cb0e688d25 5 0 19.6
62b86a9eb4d922cb0e688d25 5 0 21.2
62b86a9eb4d922cb0e688d25 5 0 22.2
62b86a9eb4d922cb0e688d25 5 0 23.0
62b86a4fb4d922cb0e688cf8 5 2 16.4
62b86a4fb4d922cb0e688cf8 5 2 20.3
62b86a4fb4d922cb0e688cf8 5 2 22.099999999999998
62b86a4fb4d922cb0e688cf8 5 2 23.2
62b86a4fb4d922cb0e688cf8 5 2 24.0
62b86a4fb4d922cb0e688cf7 5 0 16.4
62b86a4fb4d922cb0e688cf7 5 0 20.3
62b86a4fb4d922cb0e688cf7 5 0 22.099999999999998
62b86a4fb4d922cb0e688cf7 5 0 23.2
62b86a4fb4d922cb0e688cf7 5 0 24.0
62b86a01b4d922cb0e688ccc 5 0 16.4
62b86a01b4d922cb0e688ccc 5 0 20.3
62b86a01b4d922cb0e688ccc 5 0 22.099999999999998
62b86a01b4d922cb0e688ccc 5 0 23.2
62b86a01b4d922cb0e688ccc 5 0 24.0
62b869ebb4d922cb0e688cc6 5 1 16.599999999999998
62b869ebb4d922cb0e688cc6 5 1 20.7
62b869ebb4d922cb0e688cc6 5 1 22.7
62b869ebb4d922cb0e688cc6 5 1 24.0
62b869ebb4d922cb0e688cc6 5 1 25.0
62b869eab4d922cb0e688cc5 5 0 16.599999999999998
62b869eab4d922cb0e688cc5 5 0 20.7
62b869eab4d922cb0e688cc5 5 0 22.7
62b869eab4d922cb0e688cc5 5 0 24.0
62b869eab4d922cb0e688cc5 5 0 25.0
62b869eab4d922cb0e688cbf 5 2 16.999999999999996
62b869eab4d922cb0e688cbf 5 2 21.4
62b869eab4d922cb0e688cbf 5 2 23.599999999999998
62b869eab4d922cb0e688cbf 5 2 25.0
62b869eab4d922cb0e688cbf 5 2 26.0
62b43427903eeb48555d3ea5 5 0 16.999999999999996
62b43427903eeb48555d3ea5 5 0 21.4
62b43427903eeb48555d3ea5 5 0 23.599999999999998
62b43427903eeb48555d3ea5 5 0 25.0
62b43427903eeb48555d3ea5 5 0 26.0
62b43428903eeb48555d3eaa 5 0 16.999999999999996
62b43428903eeb48555d3eaa 5 0 21.4
62b43428903eeb48555d3eaa 5 0 23.599999999999998
62b43428903eeb48555d3eaa 5 0 25.0
62b43428903eeb48555d3eaa 5 0 26.0
62b45df05108cfac7f2109ce 5 0 16.999999999999996
62b45df05108cfac7f2109ce 5 0 21.4
62b45df05108cfac7f2109ce 5 0 23.599999999999998
62b45df05108cfac7f2109ce 5 0 25.0
62b45df05108cfac7f2109ce 5 0 26.0
62b45df15108cfac7f2109dc 5 0 16.999999999999996
62b45df15108cfac7f2109dc 5 0 21.4
62b45df15108cfac7f2109dc 5 0 23.599999999999998
62b45df15108cfac7f2109dc 5 0 25.0
62b45df15108cfac7f2109dc 5 0 26.0
62b45df15108cfac7f2109dd 5 0 16.999999999999996
62b45df15108cfac7f2109dd 5 0 21.4
62b45df15108cfac7f2109dd 5 0 23.599999999999998
62b45df15108cfac7f2109dd 5 0 25.0
62b45df15108cfac7f2109dd 5 0 26.0
62b45e135108cfac7f2109f4 5 5 17.999999999999996
62b45e135108cfac7f2109f4 5 5 22.4
62b45e135108cfac7f2109f4 5 5 24.599999999999998
62b45e135108cfac7f2109f4 5 5 26.0
62b45e135108cfac7f2109f4 5 5 27.0
62b45e145108cfac7f210a07 5 0 17.999999999999996
62b45e145108cfac7f210a07 5 0 22.4
62b45e145108cfac7f210a07 5 0 24.599999999999998
62b45e145108cfac7f210a07 5 0 26.0
62b45e145108cfac7f210a07 5 0 27.0
62b45e145108cfac7f210a09 5 0 17.999999999999996
62b45e145108cfac7f210a09 5 0 22.4
62b45e145108cfac7f210a09 5 0 24.599999999999998
62b45e145108cfac7f210a09 5 0 26.0
62b45e145108cfac7f210a09 5 0 27.0
62b45e165108cfac7f210a16 5 0 17.999999999999996
62b45e165108cfac7f210a16 5 0 22.4
62b45e165108cfac7f210a16 5 0 24.599999999999998
62b45e165108cfac7f210a16 5 0 26.0
62b45e165108cfac7f210a16 5 0 27.0
62b45e165108cfac7f210a17 5 0 17.999999999999996
62b45e165108cfac7f210a17 5 0 22.4
62b45e165108cfac7f210a17 5 0 24.599999999999998
62b45e165108cfac7f210a17 5 0 26.0
62b45e165108cfac7f210a17 5 0 27.0
62b45e175108cfac7f210a19 5 0 17.999999999999996
62b45e175108cfac7f210a19 5 0 22.4
62b45e175108cfac7f210a19 5 0 24.599999999999998
62b45e175108cfac7f210a19 5 0 26.0
62b45e175108cfac7f210a19 5 0 27.0
62b463153879012d19481498 5 0 17.999999999999996
62b463153879012d19481498 5 0 22.4
62b463153879012d19481498 5 0 24.599999999999998
62b463153879012d19481498 5 0 26.0
62b463153879012d19481498 5 0 27.0
62b463153879012d1948149a 5 0 17.999999999999996
62b463153879012d1948149a 5 0 22.4
62b463153879012d1948149a 5 0 24.599999999999998
62b463153879012d1948149a 5 0 26.0
62b463153879012d1948149a 5 0 27.0
62b463153879012d1948149b 5 0 17.999999999999996
62b463153879012d1948149b 5 0 22.4
62b463153879012d1948149b 5 0 24.599999999999998
62b463153879012d1948149b 5 0 26.0
62b463153879012d1948149b 5 0 27.0
62b463153879012d1948149c 5 5 18.999999999999996
62b463153879012d1948149c 5 5 23.4
62b463153879012d1948149c 5 5 25.599999999999998
62b463153879012d1948149c 5 5 27.0
62b463153879012d1948149c 5 5 28.0
62b463153879012d1948149d 5 0 18.999999999999996
62b463153879012d1948149d 5 0 23.4
62b463153879012d1948149d 5 0 25.599999999999998
62b463153879012d1948149d 5 0 27.0
62b463153879012d1948149d 5 0 28.0
62b463153879012d1948149f 5 0 18.999999999999996
62b463153879012d1948149f 5 0 23.4
62b463153879012d1948149f 5 0 25.599999999999998
62b463153879012d1948149f 5 0 27.0
62b463153879012d1948149f 5 0 28.0
62b463153879012d194814a1 5 2 19.399999999999995
62b463153879012d194814a1 5 2 24.099999999999998
62b463153879012d194814a1 5 2 26.499999999999996
62b463153879012d194814a1 5 2 28.0
62b463153879012d194814a1 5 2 29.0
62b463163879012d194814a2 5 4 20.199999999999996
62b463163879012d194814a2 5 4 25.099999999999998
62b463163879012d194814a2 5 4 27.499999999999996
62b463163879012d194814a2 5 4 29.0
62b463163879012d194814a2 5 4 30.0
62b463163879012d194814a4 5 1 20.399999999999995
62b463163879012d194814a4 5 1 25.499999999999996
62b463163879012d194814a4 5 1 28.099999999999998
62b463163879012d194814a4 5 1 29.8
62b463163879012d194814a4 5 1 31.0
62b463163879012d194814a6 5 2 20.799999999999994
62b463163879012d194814a6 5 2 26.199999999999996
62b463163879012d194814a6 5 2 28.999999999999996
62b463163879012d194814a6 5 2 30.8
62b463163879012d194814a6 5 2 32.0
62b4631b3879012d194814dd 5 0 20.799999999999994
62b4631b3879012d194814dd 5 0 26.199999999999996
62b4631b3879012d194814dd 5 0 28.999999999999996
62b4631b3879012d194814dd 5 0 30.8
62b4631b3879012d194814dd 5 0 32.0
62b463283879012d1948153d 5 5 21.799999999999994
62b463283879012d1948153d 5 5 27.199999999999996
62b463283879012d1948153d 5 5 29.999999999999996
62b463283879012d1948153d 5 5 31.8
62b463283879012d1948153d 5 5 33.0
62b463303879012d19481579 5 0 21.799999999999994
62b463303879012d19481579 5 0 27.199999999999996
62b463303879012d19481579 5 0 29.999999999999996
62b463303879012d19481579 5 0 31.8
62b463303879012d19481579 5 0 33.0
62b46740d2f69a53b466171a 5 5 22.799999999999994
62b46740d2f69a53b466171a 5 5 28.199999999999996
62b46740d2f69a53b466171a 5 5 30.999999999999996
62b46740d2f69a53b466171a 5 5 32.8
62b46740d2f69a53b466171a 5 5 34.0
62b46746d2f69a53b4661722 5 0 22.799999999999994
62b46746d2f69a53b4661722 5 0 28.199999999999996
62b46746d2f69a53b4661722 5 0 30.999999999999996
62b46746d2f69a53b4661722 5 0 32.8
62b46746d2f69a53b4661722 5 0 34.0
62b86707b4d922cb0e688c2a 5 5 23.799999999999994
62b86707b4d922cb0e688c2a 5 5 29.199999999999996
62b86707b4d922cb0e688c2a 5 5 31.999999999999996
62b86707b4d922cb0e688c2a 5 5 33.8
62b86707b4d922cb0e688c2a 5 5 35.0
62b86729b4d922cb0e688c2f 5 0 23.799999999999994
62b86729b4d922cb0e688c2f 5 0 29.199999999999996
62b86729b4d922cb0e688c2f 5 0 31.999999999999996
62b86729b4d922cb0e688c2f 5 0 33.8
62b86729b4d922cb0e688c2f 5 0 35.0
62b8a4a4755ee91dce50a3d2 5 0 23.799999999999994
62b8a4a4755ee91dce50a3d2 5 0 29.199999999999996
62b8a4a4755ee91dce50a3d2 5 0 31.999999999999996
62b8a4a4755ee91dce50a3d2 5 0 33.8
62b8a4a4755ee91dce50a3d2 5 0 35.0
62b8982f755ee91dce50a241 5 3 24.399999999999995
62b8982f755ee91dce50a241 5 3 30.099999999999994
62b8982f755ee91dce50a241 5 3 33.0
62b8982f755ee91dce50a241 5 3 34.8
62b8982f755ee91dce50a241 5 3 36.0
62b89640755ee91dce50a114 5 4 25.199999999999996
62b89640755ee91dce50a114 5 4 31.099999999999994
62b89640755ee91dce50a114 5 4 34.0
62b89640755ee91dce50a114 5 4 35.8
62b89640755ee91dce50a114 5 4 37.0
62b87d24d292efb640a55670 5 0 25.199999999999996
62b87d24d292efb640a55670 5 0 31.099999999999994
62b87d24d292efb640a55670 5 0 34.0
62b87d24d292efb640a55670 5 0 35.8
62b87d24d292efb640a55670 5 0 37.0
62b87d24d292efb640a5566f 5 0 25.199999999999996
62b87d24d292efb640a5566f 5 0 31.099999999999994
62b87d24d292efb640a5566f 5 0 34.0
62b87d24d292efb640a5566f 5 0 35.8
62b87d24d292efb640a5566f 5 0 37.0
62b87d24d292efb640a5566d 5 0 25.199999999999996
62b87d24d292efb640a5566d 5 0 31.099999999999994
62b87d24d292efb640a5566d 5 0 34.0
62b87d24d292efb640a5566d 5 0 35.8
62b87d24d292efb640a5566d 5 0 37.0
62b87d23d292efb640a5566b 5 0 25.199999999999996
62b87d23d292efb640a5566b 5 0 31.099999999999994
62b87d23d292efb640a5566b 5 0 34.0
62b87d23d292efb640a5566b 5 0 35.8
62b87d23d292efb640a5566b 5 0 37.0
62b87d23d292efb640a55668 5 0 25.199999999999996
62b87d23d292efb640a55668 5 0 31.099999999999994
62b87d23d292efb640a55668 5 0 34.0
62b87d23d292efb640a55668 5 0 35.8
62b87d23d292efb640a55668 5 0 37.0
62b87d23d292efb640a55667 5 0 25.199999999999996
62b87d23d292efb640a55667 5 0 31.099999999999994
62b87d23d292efb640a55667 5 0 34.0
62b87d23d292efb640a55667 5 0 35.8
62b87d23d292efb640a55667 5 0 37.0
62b45e945108cfac7f210a4a 5 0 25.199999999999996
62b45e945108cfac7f210a4a 5 0 31.099999999999994
62b45e945108cfac7f210a4a 5 0 34.0
62b45e945108cfac7f210a4a 5 0 35.8
62b45e945108cfac7f210a4a 5 0 37.0
62b45e515108cfac7f210a3c 5 0 25.199999999999996
62b45e515108cfac7f210a3c 5 0 31.099999999999994
62b45e515108cfac7f210a3c 5 0 34.0
62b45e515108cfac7f210a3c 5 0 35.8
62b45e515108cfac7f210a3c 5 0 37.0
62b45e2eb89c9fd354170232 5 0 25.199999999999996
62b45e2eb89c9fd354170232 5 0 31.099999999999994
62b45e2eb89c9fd354170232 5 0 34.0
62b45e2eb89c9fd354170232 5 0 35.8
62b45e2eb89c9fd354170232 5 0 37.0
62b45e23e0d4551b0392c90a 5 0 25.199999999999996
62b45e23e0d4551b0392c90a 5 0 31.099999999999994
62b45e23e0d4551b0392c90a 5 0 34.0
62b45e23e0d4551b0392c90a 5 0 35.8
62b45e23e0d4551b0392c90a 5 0 37.0
62b45e21e0d4551b0392c8ed 5 0 25.199999999999996
62b45e21e0d4551b0392c8ed 5 0 31.099999999999994
62b45e21e0d4551b0392c8ed 5 0 34.0
62b45e21e0d4551b0392c8ed 5 0 35.8
62b45e21e0d4551b0392c8ed 5 0 37.0
62b45b396decaeff903e1001 5 0 25.199999999999996
62b45b396decaeff903e1001 5 0 31.099999999999994
62b45b396decaeff903e1001 5 0 34.0
62b45b396decaeff903e1001 5 0 35.8
62b45b396decaeff903e1001 5 0 37.0
62b4567ed7d32e5b55cc83d9 5 0 25.199999999999996
62b4567ed7d32e5b55cc83d9 5 0 31.099999999999994
62b4567ed7d32e5b55cc83d9 5 0 34.0
62b4567ed7d32e5b55cc83d9 5 0 35.8
62b4567ed7d32e5b55cc83d9 5 0 37.0
62b4567ad7d32e5b55cc83af 5 0 25.199999999999996
62b4567ad7d32e5b55cc83af 5 0 31.099999999999994
62b4567ad7d32e5b55cc83af 5 0 34.0
62b4567ad7d32e5b55cc83af 5 0 35.8
62b4567ad7d32e5b55cc83af 5 0 37.0
62b45679d7d32e5b55cc83a9 5 5 26.199999999999996
62b45679d7d32e5b55cc83a9 5 5 32.099999999999994
62b45679d7d32e5b55cc83a9 5 5 35.0
62b45679d7d32e5b55cc83a9 5 5 36.8
62b45679d7d32e5b55cc83a9 5 5 38.0
62b45665d7d32e5b55cc8365 5 0 26.199999999999996
62b45665d7d32e5b55cc8365 5 0 32.099999999999994
62b45665d7d32e5b55cc8365 5 0 35.0
62b45665d7d32e5b55cc8365 5 0 36.8
62b45665d7d32e5b55cc8365 5 0 38.0
62b45665d7d32e5b55cc8364 5 0 26.199999999999996
62b45665d7d32e5b55cc8364 5 0 32.099999999999994
62b45665d7d32e5b55cc8364 5 0 35.0
62b45665d7d32e5b55cc8364 5 0 36.8
62b45665d7d32e5b55cc8364 5 0 38.0
62b45665d7d32e5b55cc8363 5 0 26.199999999999996
62b45665d7d32e5b55cc8363 5 0 32.099999999999994
62b45665d7d32e5b55cc8363 5 0 35.0
62b45665d7d32e5b55cc8363 5 0 36.8
62b45665d7d32e5b55cc8363 5 0 38.0
62b438ba66fea644fe22cca2 5 1 26.399999999999995
62b438ba66fea644fe22cca2 5 1 32.49999999999999
62b438ba66fea644fe22cca2 5 1 35.6
62b438ba66fea644fe22cca2 5 1 37.599999999999994
62b438ba66fea644fe22cca2 5 1 39.0
62b438b666fea644fe22cc78 5 0 26.399999999999995
62b438b666fea644fe22cc78 5 0 32.49999999999999
62b438b666fea644fe22cc78 5 0 35.6
62b438b666fea644fe22cc78 5 0 37.599999999999994
62b438b666fea644fe22cc78 5 0 39.0
62b438b666fea644fe22cc72 5 5 27.399999999999995
62b438b666fea644fe22cc72 5 5 33.49999999999999
62b438b666fea644fe22cc72 5 5 36.6
62b438b666fea644fe22cc72 5 5 38.599999999999994
62b438b666fea644fe22cc72 5 5 40.0
62b438b566fea644fe22cc70 5 0 27.399999999999995
62b438b566fea644fe22cc70 5 0 33.49999999999999
62b438b566fea644fe22cc70 5 0 36.6
62b438b566fea644fe22cc70 5 0 38.599999999999994
62b438b566fea644fe22cc70 5 0 40.0
62b438a266fea644fe22cc2e 5 0 27.399999999999995
62b438a266fea644fe22cc2e 5 0 33.49999999999999
62b438a266fea644fe22cc2e 5 0 36.6
62b438a266fea644fe22cc2e 5 0 38.599999999999994
62b438a266fea644fe22cc2e 5 0 40.0
62b438a266fea644fe22cc2d 5 0 27.399999999999995
62b438a266fea644fe22cc2d 5 0 33.49999999999999
62b438a266fea644fe22cc2d 5 0 36.6
62b438a266fea644fe22cc2d 5 0 38.599999999999994
62b438a266fea644fe22cc2d 5 0 40.0
62b438a266fea644fe22cc2c 5 2 27.799999999999994
62b438a266fea644fe22cc2c 5 2 34.199999999999996
62b438a266fea644fe22cc2c 5 2 37.5
62b438a266fea644fe22cc2c 5 2 39.599999999999994
62b438a266fea644fe22cc2c 5 2 41.0
62ece4982e6aefcf4aabbd5f 5 5 28.799999999999994
62ece4982e6aefcf4aabbd5f 5 5 35.199999999999996
62ece4982e6aefcf4aabbd5f 5 5 38.5
62ece4982e6aefcf4aabbd5f 5 5 40.599999999999994
62ece4982e6aefcf4aabbd5f 5 5 42.0
62ece4982e6aefcf4aabbd60 5 5 29.799999999999994
62ece4982e6aefcf4aabbd60 5 5 36.199999999999996
62ece4982e6aefcf4aabbd60 5 5 39.5
62ece4982e6aefcf4aabbd60 5 5 41.599999999999994
62ece4982e6aefcf4aabbd60 5 5 43.0
62ece4982e6aefcf4aabbd61 5 5 30.799999999999994
62ece4982e6aefcf4aabbd61 5 5 37.199999999999996
62ece4982e6aefcf4aabbd61 5 5 40.5
62ece4982e6aefcf4aabbd61 5 5 42.599999999999994
62ece4982e6aefcf4aabbd61 5 5 44.0
62ece4982e6aefcf4aabbd62 5 0 30.799999999999994
62ece4982e6aefcf4aabbd62 5 0 37.199999999999996
62ece4982e6aefcf4aabbd62 5 0 40.5
62ece4982e6aefcf4aabbd62 5 0 42.599999999999994
62ece4982e6aefcf4aabbd62 5 0 44.0
62ece4982e6aefcf4aabbd63 5 0 30.799999999999994
62ece4982e6aefcf4aabbd63 5 0 37.199999999999996
62ece4982e6aefcf4aabbd63 5 0 40.5
62ece4982e6aefcf4aabbd63 5 0 42.599999999999994
62ece4982e6aefcf4aabbd63 5 0 44.0
62ece4982e6aefcf4aabbd65 5 5 31.799999999999994
62ece4982e6aefcf4aabbd65 5 5 38.199999999999996
62ece4982e6aefcf4aabbd65 5 5 41.5
62ece4982e6aefcf4aabbd65 5 5 43.599999999999994
62ece4982e6aefcf4aabbd65 5 5 45.0
62ece4982e6aefcf4aabbd66 5 1 31.999999999999993
62ece4982e6aefcf4aabbd66 5 1 38.599999999999994
62ece4982e6aefcf4aabbd66 5 1 42.1
62ece4982e6aefcf4aabbd66 5 1 44.39999999999999
62ece4982e6aefcf4aabbd66 5 1 46.0
62ece4982e6aefcf4aabbd67 5 5 32.99999999999999
62ece4982e6aefcf4aabbd67 5 5 39.599999999999994
62ece4982e6aefcf4aabbd67 5 5 43.1
62ece4982e6aefcf4aabbd67 5 5 45.39999999999999
62ece4982e6aefcf4aabbd67 5 5 47.0
62ece4982e6aefcf4aabbd68 5 0 32.99999999999999
62ece4982e6aefcf4aabbd68 5 0 39.599999999999994
62ece4982e6aefcf4aabbd68 5 0 43.1
62ece4982e6aefcf4aabbd68 5 0 45.39999999999999
62ece4982e6aefcf4aabbd68 5 0 47.0
62ece4982e6aefcf4aabbd69 5 0 32.99999999999999
62ece4982e6aefcf4aabbd69 5 0 39.599999999999994
62ece4982e6aefcf4aabbd69 5 0 43.1
62ece4982e6aefcf4aabbd69 5 0 45.39999999999999
62ece4982e6aefcf4aabbd69 5 0 47.0
62ece4982e6aefcf4aabbd6a 5 5 33.99999999999999
62ece4982e6aefcf4aabbd6a 5 5 40.599999999999994
62ece4982e6aefcf4aabbd6a 5 5 44.1
62ece4982e6aefcf4aabbd6a 5 5 46.39999999999999
62ece4982e6aefcf4aabbd6a 5 5 48.0
62ece4982e6aefcf4aabbd6b 5 4 34.79999999999999
62ece4982e6aefcf4aabbd6b 5 4 41.599999999999994
62ece4982e6aefcf4aabbd6b 5 4 45.1
62ece4982e6aefcf4aabbd6b 5 4 47.39999999999999
62ece4982e6aefcf4aabbd6b 5 4 49.0
62ece4982e6aefcf4aabbd6d 5 0 34.79999999999999
62ece4982e6aefcf4aabbd6d 5 0 41.599999999999994
62ece4982e6aefcf4aabbd6d 5 0 45.1
62ece4982e6aefcf4aabbd6d 5 0 47.39999999999999
62ece4982e6aefcf4aabbd6d 5 0 49.0
62ece4982e6aefcf4aabbd6f 5 0 34.79999999999999
62ece4982e6aefcf4aabbd6f 5 0 41.599999999999994
62ece4982e6aefcf4aabbd6f 5 0 45.1
62ece4982e6aefcf4aabbd6f 5 0 47.39999999999999
62ece4982e6aefcf4aabbd6f 5 0 49.0
62ece4982e6aefcf4aabbd70 5 2 35.19999999999999
62ece4982e6aefcf4aabbd70 5 2 42.3
62ece4982e6aefcf4aabbd70 5 2 46.0
62ece4982e6aefcf4aabbd70 5 2 48.39999999999999
62ece4982e6aefcf4aabbd70 5 2 50.0
62ece4982e6aefcf4aabbd71 5 0 35.19999999999999
62ece4982e6aefcf4aabbd71 5 0 42.3
62ece4982e6aefcf4aabbd71 5 0 46.0
62ece4982e6aefcf4aabbd71 5 0 48.39999999999999
62ece4982e6aefcf4aabbd71 5 0 50.0
62ece4982e6aefcf4aabbd72 5 0 35.19999999999999
62ece4982e6aefcf4aabbd72 5 0 42.3
62ece4982e6aefcf4aabbd72 5 0 46.0
62ece4982e6aefcf4aabbd72 5 0 48.39999999999999
62ece4982e6aefcf4aabbd72 5 0 50.0
62ece4982e6aefcf4aabbd73 5 1 35.39999999999999
62ece4982e6aefcf4aabbd73 5 1 42.699999999999996
62ece4982e6aefcf4aabbd73 5 1 46.6
62ece4982e6aefcf4aabbd73 5 1 49.19999999999999
62ece4982e6aefcf4aabbd73 5 1 51.0
62ece4982e6aefcf4aabbd74 5 0 35.39999999999999
62ece4982e6aefcf4aabbd74 5 0 42.699999999999996
62ece4982e6aefcf4aabbd74 5 0 46.6
62ece4982e6aefcf4aabbd74 5 0 49.19999999999999
62ece4982e6aefcf4aabbd74 5 0 51.0
62ece4982e6aefcf4aabbd75 5 0 35.39999999999999
62ece4982e6aefcf4aabbd75 5 0 42.699999999999996
62ece4982e6aefcf4aabbd75 5 0 46.6
62ece4982e6aefcf4aabbd75 5 0 49.19999999999999
62ece4982e6aefcf4aabbd75 5 0 51.0
62ece4982e6aefcf4aabbd76 5 0 35.39999999999999
62ece4982e6aefcf4aabbd76 5 0 42.699999999999996
62ece4982e6aefcf4aabbd76 5 0 46.6
62ece4982e6aefcf4aabbd76 5 0 49.19999999999999
62ece4982e6aefcf4aabbd76 5 0 51.0
62ece4982e6aefcf4aabbd77 5 0 35.39999999999999
62ece4982e6aefcf4aabbd77 5 0 42.699999999999996
62ece4982e6aefcf4aabbd77 5 0 46.6
62ece4982e6aefcf4aabbd77 5 0 49.19999999999999
62ece4982e6aefcf4aabbd77 5 0 51.0
62ece4992e6aefcf4aabbd78 5 0 35.39999999999999
62ece4992e6aefcf4aabbd78 5 0 42.699999999999996
62ece4992e6aefcf4aabbd78 5 0 46.6
62ece4992e6aefcf4aabbd78 5 0 49.19999999999999
62ece4992e6aefcf4aabbd78 5 0 51.0
62ece4992e6aefcf4aabbd79 5 0 35.39999999999999
62ece4992e6aefcf4aabbd79 5 0 42.699999999999996
62ece4992e6aefcf4aabbd79 5 0 46.6
62ece4992e6aefcf4aabbd79 5 0 49.19999999999999
62ece4992e6aefcf4aabbd79 5 0 51.0
62ece4992e6aefcf4aabbd7a 5 5 36.39999999999999
62ece4992e6aefcf4aabbd7a 5 5 43.699999999999996
62ece4992e6aefcf4aabbd7a 5 5 47.6
62ece4992e6aefcf4aabbd7a 5 5 50.19999999999999
62ece4992e6aefcf4aabbd7a 5 5 52.0
62ece4992e6aefcf4aabbd7b 5 0 36.39999999999999
62ece4992e6aefcf4aabbd7b 5 0 43.699999999999996
62ece4992e6aefcf4aabbd7b 5 0 47.6
62ece4992e6aefcf4aabbd7b 5 0 50.19999999999999
62ece4992e6aefcf4aabbd7b 5 0 52.0
62ece4992e6aefcf4aabbd7c 5 5 37.39999999999999
62ece4992e6aefcf4aabbd7c 5 5 44.699999999999996
62ece4992e6aefcf4aabbd7c 5 5 48.6
62ece4992e6aefcf4aabbd7c 5 5 51.19999999999999
62ece4992e6aefcf4aabbd7c 5 5 53.0
62ece4992e6aefcf4aabbd7d 5 3 37.99999999999999
62ece4992e6aefcf4aabbd7d 5 3 45.599999999999994
62ece4992e6aefcf4aabbd7d 5 3 49.6
62ece4992e6aefcf4aabbd7d 5 3 52.19999999999999
62ece4992e6aefcf4aabbd7d 5 3 54.0
62ece4992e6aefcf4aabbd7e 5 4 38.79999999999999
62ece4992e6aefcf4aabbd7e 5 4 46.599999999999994
62ece4992e6aefcf4aabbd7e 5 4 50.6
62ece4992e6aefcf4aabbd7e 5 4 53.19999999999999
62ece4992e6aefcf4aabbd7e 5 4 55.0
62ece4992e6aefcf4aabbd7f 5 4 39.59999999999999
62ece4992e6aefcf4aabbd7f 5 4 47.599999999999994
62ece4992e6aefcf4aabbd7f 5 4 51.6
62ece4992e6aefcf4aabbd7f 5 4 54.19999999999999
62ece4992e6aefcf4aabbd7f 5 4 56.0
62ece4992e6aefcf4aabbd80 5 4 40.399999999999984
62ece4992e6aefcf4aabbd80 5 4 48.599999999999994
62ece4992e6aefcf4aabbd80 5 4 52.6
62ece4992e6aefcf4aabbd80 5 4 55.19999999999999
62ece4992e6aefcf4aabbd80 5 4 57.0
62ece4992e6aefcf4aabbd82 5 0 40.399999999999984
62ece4992e6aefcf4aabbd82 5 0 48.599999999999994
62ece4992e6aefcf4aabbd82 5 0 52.6
62ece4992e6aefcf4aabbd82 5 0 55.19999999999999
62ece4992e6aefcf4aabbd82 5 0 57.0
62ece4992e6aefcf4aabbd83 5 0 40.399999999999984
62ece4992e6aefcf4aabbd83 5 0 48.599999999999994
62ece4992e6aefcf4aabbd83 5 0 52.6
62ece4992e6aefcf4aabbd83 5 0 55.19999999999999
62ece4992e6aefcf4aabbd83 5 0 57.0
62ece4992e6aefcf4aabbd84 5 5 41.399999999999984
62ece4992e6aefcf4aabbd84 5 5 49.599999999999994
62ece4992e6aefcf4aabbd84 5 5 53.6
62ece4992e6aefcf4aabbd84 5 5 56.19999999999999
62ece4992e6aefcf4aabbd84 5 5 58.0
62ece4992e6aefcf4aabbd85 5 5 42.399999999999984
62ece4992e6aefcf4aabbd85 5 5 50.599999999999994
62ece4992e6aefcf4aabbd85 5 5 54.6
62ece4992e6aefcf4aabbd85 5 5 57.19999999999999
62ece4992e6aefcf4aabbd85 5 5 59.0
62ece4992e6aefcf4aabbd86 5 1 42.59999999999999
62ece4992e6aefcf4aabbd86 5 1 50.99999999999999
62ece4992e6aefcf4aabbd86 5 1 55.2
62ece4992e6aefcf4aabbd86 5 1 57.999999999999986
62ece4992e6aefcf4aabbd86 5 1 60.0
62ece4992e6aefcf4aabbd87 5 0 42.59999999999999
62ece4992e6aefcf4aabbd87 5 0 50.99999999999999
62ece4992e6aefcf4aabbd87 5 0 55.2
62ece4992e6aefcf4aabbd87 5 0 57.999999999999986
62ece4992e6aefcf4aabbd87 5 0 60.0
62ece4992e6aefcf4aabbd88 5 2 42.999999999999986
62ece4992e6aefcf4aabbd88 5 2 51.699999999999996
62ece4992e6aefcf4aabbd88 5 2 56.1
62ece4992e6aefcf4aabbd88 5 2 58.999999999999986
62ece4992e6aefcf4aabbd88 5 2 61.0
62ece4992e6aefcf4aabbd89 5 4 43.79999999999998
62ece4992e6aefcf4aabbd89 5 4 52.699999999999996
62ece4992e6aefcf4aabbd89 5 4 57.1
62ece4992e6aefcf4aabbd89 5 4 59.999999999999986
62ece4992e6aefcf4aabbd89 5 4 62.0
62ece4992e6aefcf4aabbd8a 5 4 44.59999999999998
62ece4992e6aefcf4aabbd8a 5 4 53.699999999999996
62ece4992e6aefcf4aabbd8a 5 4 58.1
62ece4992e6aefcf4aabbd8a 5 4 60.999999999999986
62ece4992e6aefcf4aabbd8a 5 4 63.0
62ece4992e6aefcf4aabbd8b 5 0 44.59999999999998
62ece4992e6aefcf4aabbd8b 5 0 53.699999999999996
62ece4992e6aefcf4aabbd8b 5 0 58.1
62ece4992e6aefcf4aabbd8b 5 0 60.999999999999986
62ece4992e6aefcf4aabbd8b 5 0 63.0
62e60723d76274f8a4026b76 5 0 44.59999999999998
62e60723d76274f8a4026b76 5 0 53.699999999999996
62e60723d76274f8a4026b76 5 0 58.1
62e60723d76274f8a4026b76 5 0 60.999999999999986
62e60723d76274f8a4026b76 5 0 63.0
62e60873d76274f8a4026bd8 5 0 44.59999999999998
62e60873d76274f8a4026bd8 5 0 53.699999999999996
62e60873d76274f8a4026bd8 5 0 58.1
62e60873d76274f8a4026bd8 5 0 60.999999999999986
62e60873d76274f8a4026bd8 5 0 63.0
62e60e3bd76274f8a4026d1a 5 0 44.59999999999998
62e60e3bd76274f8a4026d1a 5 0 53.699999999999996
62e60e3bd76274f8a4026d1a 5 0 58.1
62e60e3bd76274f8a4026d1a 5 0 60.999999999999986
62e60e3bd76274f8a4026d1a 5 0 63.0
62b87b199a0c4fa8b80b354c 5 0 44.59999999999998
62b87b199a0c4fa8b80b354c 5 0 53.699999999999996
62b87b199a0c4fa8b80b354c 5 0 58.1
62b87b199a0c4fa8b80b354c 5 0 60.999999999999986
62b87b199a0c4fa8b80b354c 5 0 63.0
62b87b4f9a0c4fa8b80b3581 5 0 44.59999999999998
62b87b4f9a0c4fa8b80b3581 5 0 53.699999999999996
62b87b4f9a0c4fa8b80b3581 5 0 58.1
62b87b4f9a0c4fa8b80b3581 5 0 60.999999999999986
62b87b4f9a0c4fa8b80b3581 5 0 63.0
62b87b519a0c4fa8b80b3583 5 0 44.59999999999998
62b87b519a0c4fa8b80b3583 5 0 53.699999999999996
62b87b519a0c4fa8b80b3583 5 0 58.1
62b87b519a0c4fa8b80b3583 5 0 60.999999999999986
62b87b519a0c4fa8b80b3583 5 0 63.0
62b87b869a0c4fa8b80b35e1 5 0 44.59999999999998
62b87b869a0c4fa8b80b35e1 5 0 53.699999999999996
62b87b869a0c4fa8b80b35e1 5 0 58.1
62b87b869a0c4fa8b80b35e1 5 0 60.999999999999986
62b87b869a0c4fa8b80b35e1 5 0 63.0
62b8b4baeb7e40a82d2d1136 5 4 45.39999999999998
62b8b4baeb7e40a82d2d1136 5 4 54.699999999999996
62b8b4baeb7e40a82d2d1136 5 4 59.1
62b8b4baeb7e40a82d2d1136 5 4 61.999999999999986
62b8b4baeb7e40a82d2d1136 5 4 64.0
62b8b4baeb7e40a82d2d1137 5 3 45.99999999999998
62b8b4baeb7e40a82d2d1137 5 3 55.599999999999994
62b8b4baeb7e40a82d2d1137 5 3 60.1
62b8b4baeb7e40a82d2d1137 5 3 62.999999999999986
62b8b4baeb7e40a82d2d1137 5 3 65.0
62b8b4c1eb7e40a82d2d1139 5 5 46.99999999999998
62b8b4c1eb7e40a82d2d1139 5 5 56.599999999999994
62b8b4c1eb7e40a82d2d1139 5 5 61.1
62b8b4c1eb7e40a82d2d1139 5 5 63.999999999999986
62b8b4c1eb7e40a82d2d1139 5 5 66.0
62b8b559eb7e40a82d2d11f6 5 4 47.799999999999976
62b8b559eb7e40a82d2d11f6 5 4 57.599999999999994
62b8b559eb7e40a82d2d11f6 5 4 62.1
62b8b559eb7e40a82d2d11f6 5 4 64.99999999999999
62b8b559eb7e40a82d2d11f6 5 4 67.0
62b8d22a48ba5a41d1c3f47d 5 0 47.799999999999976
62b8d22a48ba5a41d1c3f47d 5 0 57.599999999999994
62b8d22a48ba5a41d1c3f47d 5 0 62.1
62b8d22a48ba5a41d1c3f47d 5 0 64.99999999999999
62b8d22a48ba5a41d1c3f47d 5 0 67.0
62b8d23748ba5a41d1c3f497 5 0 47.799999999999976
62b8d23748ba5a41d1c3f497 5 0 57.599999999999994
62b8d23748ba5a41d1c3f497 5 0 62.1
62b8d23748ba5a41d1c3f497 5 0 64.99999999999999
62b8d23748ba5a41d1c3f497 5 0 67.0
62b8d23a48ba5a41d1c3f499 5 1 47.99999999999998
62b8d23a48ba5a41d1c3f499 5 1 57.99999999999999
62b8d23a48ba5a41d1c3f499 5 1 62.7
62b8d23a48ba5a41d1c3f499 5 1 65.79999999999998
62b8d23a48ba5a41d1c3f499 5 1 68.0
62b8d23c48ba5a41d1c3f49b 5 0 47.99999999999998
62b8d23c48ba5a41d1c3f49b 5 0 57.99999999999999
62b8d23c48ba5a41d1c3f49b 5 0 62.7
62b8d23c48ba5a41d1c3f49b 5 0 65.79999999999998
62b8d23c48ba5a41d1c3f49b 5 0 68.0
62b8d23e48ba5a41d1c3f49e 5 5 48.99999999999998
62b8d23e48ba5a41d1c3f49e 5 5 58.99999999999999
62b8d23e48ba5a41d1c3f49e 5 5 63.7
62b8d23e48ba5a41d1c3f49e 5 5 66.79999999999998
62b8d23e48ba5a41d1c3f49e 5 5 69.0
62b43425903eeb48555d3ea1 5 0 48.99999999999998
62b43425903eeb48555d3ea1 5 0 58.99999999999999
62b43425903eeb48555d3ea1 5 0 63.7
62b43425903eeb48555d3ea1 5 0 66.79999999999998
62b43425903eeb48555d3ea1 5 0 69.0
62b43426903eeb48555d3ea2 5 0 48.99999999999998
62b43426903eeb48555d3ea2 5 0 58.99999999999999
62b43426903eeb48555d3ea2 5 0 63.7
62b43426903eeb48555d3ea2 5 0 66.79999999999998
62b43426903eeb48555d3ea2 5 0 69.0
62b8966c755ee91dce50a154 5 0 48.99999999999998
62b8966c755ee91dce50a154 5 0 58.99999999999999
62b8966c755ee91dce50a154 5 0 63.7
62b8966c755ee91dce50a154 5 0 66.79999999999998
62b8966c755ee91dce50a154 5 0 69.0
62b896de755ee91dce50a183 5 0 48.99999999999998
62b896de755ee91dce50a183 5 0 58.99999999999999
62b896de755ee91dce50a183 5 0 63.7
62b896de755ee91dce50a183 5 0 66.79999999999998
62b896de755ee91dce50a183 5 0 69.0
62b8a4a4755ee91dce50a3d3 5 3 49.59999999999998
62b8a4a4755ee91dce50a3d3 5 3 59.89999999999999
62b8a4a4755ee91dce50a3d3 5 3 64.7
62b8a4a4755ee91dce50a3d3 5 3 67.79999999999998
62b8a4a4755ee91dce50a3d3 5 3 70.0
62b8a7b2755ee91dce50a4a7 5 5 50.59999999999998
62b8a7b2755ee91dce50a4a7 5 5 60.89999999999999
62b8a7b2755ee91dce50a4a7 5 5 65.7
62b8a7b2755ee91dce50a4a7 5 5 68.79999999999998
62b8a7b2755ee91dce50a4a7 5 5 71.0
6305f9991d275c6667163c50 5 4 51.39999999999998
6305f9991d275c6667163c50 5 4 61.89999999999999
6305f9991d275c6667163c50 5 4 66.7
6305f9991d275c6667163c50 5 4 69.79999999999998
6305f9991d275c6667163c50 5 4 72.0
6306292052e177c0ba469f09 5 0 51.39999999999998
6306292052e177c0ba469f09 5 0 61.89999999999999
6306292052e177c0ba469f09 5 0 66.7
6306292052e177c0ba469f09 5 0 69.79999999999998
6306292052e177c0ba469f09 5 0 72.0
6306292152e177c0ba469f0d 5 0 51.39999999999998
6306292152e177c0ba469f0d 5 0 61.89999999999999
6306292152e177c0ba469f0d 5 0 66.7
6306292152e177c0ba469f0d 5 0 69.79999999999998
6306292152e177c0ba469f0d 5 0 72.0
6306292252e177c0ba469f11 5 5 52.39999999999998
6306292252e177c0ba469f11 5 5 62.89999999999999
6306292252e177c0ba469f11 5 5 67.7
6306292252e177c0ba469f11 5 5 70.79999999999998
6306292252e177c0ba469f11 5 5 73.0
6306292352e177c0ba469f1d 5 0 52.39999999999998
6306292352e177c0ba469f1d 5 0 62.89999999999999
6306292352e177c0ba469f1d 5 0 67.7
6306292352e177c0ba469f1d 5 0 70.79999999999998
6306292352e177c0ba469f1d 5 0 73.0
6306292352e177c0ba469f1e 5 0 52.39999999999998
6306292352e177c0ba469f1e 5 0 62.89999999999999
6306292352e177c0ba469f1e 5 0 67.7
6306292352e177c0ba469f1e 5 0 70.79999999999998
6306292352e177c0ba469f1e 5 0 73.0
6306292652e177c0ba469f34 5 0 52.39999999999998
6306292652e177c0ba469f34 5 0 62.89999999999999
6306292652e177c0ba469f34 5 0 67.7
6306292652e177c0ba469f34 5 0 70.79999999999998
6306292652e177c0ba469f34 5 0 73.0
6306292a52e177c0ba469f41 5 1 52.59999999999998
6306292a52e177c0ba469f41 5 1 63.29999999999999
6306292a52e177c0ba469f41 5 1 68.3
6306292a52e177c0ba469f41 5 1 71.59999999999998
6306292a52e177c0ba469f41 5 1 74.0
6306298b52e177c0ba469fdc 5 0 52.59999999999998
6306298b52e177c0ba469fdc 5 0 63.29999999999999
6306298b52e177c0ba469fdc 5 0 68.3
6306298b52e177c0ba469fdc 5 0 71.59999999999998
6306298b52e177c0ba469fdc 5 0 74.0
6306299052e177c0ba469fe8 5 0 52.59999999999998
6306299052e177c0ba469fe8 5 0 63.29999999999999
6306299052e177c0ba469fe8 5 0 68.3
6306299052e177c0ba469fe8 5 0 71.59999999999998
6306299052e177c0ba469fe8 5 0 74.0
630629b952e177c0ba46a043 5 0 52.59999999999998
630629b952e177c0ba46a043 5 0 63.29999999999999
630629b952e177c0ba46a043 5 0 68.3
630629b952e177c0ba46a043 5 0 71.59999999999998
630629b952e177c0ba46a043 5 0 74.0
630629d052e177c0ba46a0a1 5 0 52.59999999999998
630629d052e177c0ba46a0a1 5 0 63.29999999999999
630629d052e177c0ba46a0a1 5 0 68.3
630629d052e177c0ba46a0a1 5 0 71.59999999999998
630629d052e177c0ba46a0a1 5 0 74.0
630629e052e177c0ba46a0c4 5 0 52.59999999999998
630629e052e177c0ba46a0c4 5 0 63.29999999999999
630629e052e177c0ba46a0c4 5 0 68.3
630629e052e177c0ba46a0c4 5 0 71.59999999999998
630629e052e177c0ba46a0c4 5 0 74.0
630629e152e177c0ba46a0d1 5 5 53.59999999999998
630629e152e177c0ba46a0d1 5 5 64.29999999999998
630629e152e177c0ba46a0d1 5 5 69.3
630629e152e177c0ba46a0d1 5 5 72.59999999999998
630629e152e177c0ba46a0d1 5 5 75.0
630629e152e177c0ba46a0d2 5 0 53.59999999999998
630629e152e177c0ba46a0d2 5 0 64.29999999999998
630629e152e177c0ba46a0d2 5 0 69.3
630629e152e177c0ba46a0d2 5 0 72.59999999999998
630629e152e177c0ba46a0d2 5 0 75.0
630629e252e177c0ba46a0d6 5 0 53.59999999999998
630629e252e177c0ba46a0d6 5 0 64.29999999999998
630629e252e177c0ba46a0d6 5 0 69.3
630629e252e177c0ba46a0d6 5 0 72.59999999999998
630629e252e177c0ba46a0d6 5 0 75.0
630629e752e177c0ba46a0fb 5 0 53.59999999999998
630629e752e177c0ba46a0fb 5 0 64.29999999999998
630629e752e177c0ba46a0fb 5 0 69.3
630629e752e177c0ba46a0fb 5 0 72.59999999999998
630629e752e177c0ba46a0fb 5 0 75.0
6306091073426c38ae68acac 5 0 53.59999999999998
6306091073426c38ae68acac 5 0 64.29999999999998
6306091073426c38ae68acac 5 0 69.3
6306091073426c38ae68acac 5 0 72.59999999999998
6306091073426c38ae68acac 5 0 75.0
6306091a73426c38ae68acc8 5 0 53.59999999999998
6306091a73426c38ae68acc8 5 0 64.29999999999998
6306091a73426c38ae68acc8 5 0 69.3
6306091a73426c38ae68acc8 5 0 72.59999999999998
6306091a73426c38ae68acc8 5 0 75.0
6306091b73426c38ae68acd7 5 0 53.59999999999998
6306091b73426c38ae68acd7 5 0 64.29999999999998
6306091b73426c38ae68acd7 5 0 69.3
6306091b73426c38ae68acd7 5 0 72.59999999999998
6306091b73426c38ae68acd7 5 0 75.0
6306091b73426c38ae68acd9 5 0 53.59999999999998
6306091b73426c38ae68acd9 5 0 64.29999999999998
6306091b73426c38ae68acd9 5 0 69.3
6306091b73426c38ae68acd9 5 0 72.59999999999998
6306091b73426c38ae68acd9 5 0 75.0
6306091b73426c38ae68acda 5 0 53.59999999999998
6306091b73426c38ae68acda 5 0 64.29999999999998
6306091b73426c38ae68acda 5 0 69.3
6306091b73426c38ae68acda 5 0 72.59999999999998
6306091b73426c38ae68acda 5 0 75.0
6306091c73426c38ae68acdc 5 0 53.59999999999998
6306091c73426c38ae68acdc 5 0 64.29999999999998
6306091c73426c38ae68acdc 5 0 69.3
6306091c73426c38ae68acdc 5 0 72.59999999999998
6306091c73426c38ae68acdc 5 0 75.0
6306091c73426c38ae68acdd 5 3 54.19999999999998
6306091c73426c38ae68acdd 5 3 65.19999999999999
6306091c73426c38ae68acdd 5 3 70.3
6306091c73426c38ae68acdd 5 3 73.59999999999998
6306091c73426c38ae68acdd 5 3 76.0
6306091d73426c38ae68ace5 5 0 54.19999999999998
6306091d73426c38ae68ace5 5 0 65.19999999999999
6306091d73426c38ae68ace5 5 0 70.3
6306091d73426c38ae68ace5 5 0 73.59999999999998
6306091d73426c38ae68ace5 5 0 76.0
6306092373426c38ae68acfa 5 0 54.19999999999998
6306092373426c38ae68acfa 5 0 65.19999999999999
6306092373426c38ae68acfa 5 0 70.3
6306092373426c38ae68acfa 5 0 73.59999999999998
6306092373426c38ae68acfa 5 0 76.0
6306092973426c38ae68ad01 5 0 54.19999999999998
6306092973426c38ae68ad01 5 0 65.19999999999999
6306092973426c38ae68ad01 5 0 70.3
6306092973426c38ae68ad01 5 0 73.59999999999998
6306092973426c38ae68ad01 5 0 76.0
6306092c73426c38ae68ad02 5 0 54.19999999999998
6306092c73426c38ae68ad02 5 0 65.19999999999999
6306092c73426c38ae68ad02 5 0 70.3
6306092c73426c38ae68ad02 5 0 73.59999999999998
6306092c73426c38ae68ad02 5 0 76.0
6306092d73426c38ae68ad04 5 0 54.19999999999998
6306092d73426c38ae68ad04 5 0 65.19999999999999
6306092d73426c38ae68ad04 5 0 70.3
6306092d73426c38ae68ad04 5 0 73.59999999999998
6306092d73426c38ae68ad04 5 0 76.0
6306092d73426c38ae68ad05 5 0 54.19999999999998
6306092d73426c38ae68ad05 5 0 65.19999999999999
6306092d73426c38ae68ad05 5 0 70.3
6306092d73426c38ae68ad05 5 0 73.59999999999998
6306092d73426c38ae68ad05 5 0 76.0
6306092d73426c38ae68ad06 5 0 54.19999999999998
6306092d73426c38ae68ad06 5 0 65.19999999999999
6306092d73426c38ae68ad06 5 0 70.3
6306092d73426c38ae68ad06 5 0 73.59999999999998
6306092d73426c38ae68ad06 5 0 76.0
6306092d73426c38ae68ad07 5 0 54.19999999999998
6306092d73426c38ae68ad07 5 0 65.19999999999999
6306092d73426c38ae68ad07 5 0 70.3
6306092d73426c38ae68ad07 5 0 73.59999999999998
6306092d73426c38ae68ad07 5 0 76.0
6306092d73426c38ae68ad08 5 4 54.99999999999998
6306092d73426c38ae68ad08 5 4 66.19999999999999
6306092d73426c38ae68ad08 5 4 71.3
6306092d73426c38ae68ad08 5 4 74.59999999999998
6306092d73426c38ae68ad08 5 4 77.0
6306092e73426c38ae68ad09 5 0 54.99999999999998
6306092e73426c38ae68ad09 5 0 66.19999999999999
6306092e73426c38ae68ad09 5 0 71.3
6306092e73426c38ae68ad09 5 0 74.59999999999998
6306092e73426c38ae68ad09 5 0 77.0
6306092e73426c38ae68ad0a 5 0 54.99999999999998
6306092e73426c38ae68ad0a 5 0 66.19999999999999
6306092e73426c38ae68ad0a 5 0 71.3
6306092e73426c38ae68ad0a 5 0 74.59999999999998
6306092e73426c38ae68ad0a 5 0 77.0
6306092e73426c38ae68ad0b 5 0 54.99999999999998
6306092e73426c38ae68ad0b 5 0 66.19999999999999
6306092e73426c38ae68ad0b 5 0 71.3
6306092e73426c38ae68ad0b 5 0 74.59999999999998
6306092e73426c38ae68ad0b 5 0 77.0
6306092e73426c38ae68ad0d 5 0 54.99999999999998
6306092e73426c38ae68ad0d 5 0 66.19999999999999
6306092e73426c38ae68ad0d 5 0 71.3
6306092e73426c38ae68ad0d 5 0 74.59999999999998
6306092e73426c38ae68ad0d 5 0 77.0
6306092e73426c38ae68ad0f 5 0 54.99999999999998
6306092e73426c38ae68ad0f 5 0 66.19999999999999
6306092e73426c38ae68ad0f 5 0 71.3
6306092e73426c38ae68ad0f 5 0 74.59999999999998
6306092e73426c38ae68ad0f 5 0 77.0
6306092e73426c38ae68ad11 5 0 54.99999999999998
6306092e73426c38ae68ad11 5 0 66.19999999999999
6306092e73426c38ae68ad11 5 0 71.3
6306092e73426c38ae68ad11 5 0 74.59999999999998
6306092e73426c38ae68ad11 5 0 77.0
6306092f73426c38ae68ad13 5 0 54.99999999999998
6306092f73426c38ae68ad13 5 0 66.19999999999999
6306092f73426c38ae68ad13 5 0 71.3
6306092f73426c38ae68ad13 5 0 74.59999999999998
6306092f73426c38ae68ad13 5 0 77.0
6306093273426c38ae68ad15 5 0 54.99999999999998
6306093273426c38ae68ad15 5 0 66.19999999999999
6306093273426c38ae68ad15 5 0 71.3
6306093273426c38ae68ad15 5 0 74.59999999999998
6306093273426c38ae68ad15 5 0 77.0
63060ada73426c38ae68ad31 5 3 55.59999999999998
63060ada73426c38ae68ad31 5 3 67.1
63060ada73426c38ae68ad31 5 3 72.3
63060ada73426c38ae68ad31 5 3 75.59999999999998
63060ada73426c38ae68ad31 5 3 78.0
63060b1a73426c38ae68ad3e 5 0 55.59999999999998
63060b1a73426c38ae68ad3e 5 0 67.1
63060b1a73426c38ae68ad3e 5 0 72.3
63060b1a73426c38ae68ad3e 5 0 75.59999999999998
63060b1a73426c38ae68ad3e 5 0 78.0
63060b1b73426c38ae68ad42 5 0 55.59999999999998
63060b1b73426c38ae68ad42 5 0 67.1
63060b1b73426c38ae68ad42 5 0 72.3
63060b1b73426c38ae68ad42 5 0 75.59999999999998
63060b1b73426c38ae68ad42 5 0 78.0
63060b1b73426c38ae68ad43 5 3 56.19999999999998
63060b1b73426c38ae68ad43 5 3 68.0
63060b1b73426c38ae68ad43 5 3 73.3
63060b1b73426c38ae68ad43 5 3 76.59999999999998
63060b1b73426c38ae68ad43 5 3 79.0
62ece4982e6aefcf4aabbd64 5 0 56.19999999999998
62ece4982e6aefcf4aabbd64 5 0 68.0
62ece4982e6aefcf4aabbd64 5 0 73.3
62ece4982e6aefcf4aabbd64 5 0 76.59999999999998
62ece4982e6aefcf4aabbd64 5 0 79.0
230 230
[56.19999999999998, 68.0, 73.3, 76.59999999999998, 79.0]
0.24434782608695643
 24.43%
0.2956521739130435
 29.57%
0.31869565217391305
 31.87%
0.3330434782608695
 33.30%
0.34347826086956523
 34.35%
finish_overall
plib_runnable	21

  28.57%	
  33.81%	
  35.71%	
  37.14%	
  38.10%	


project_runnable	23

  10.43%	
  12.61%	
  13.04%	
  13.04%	
  13.04%	


class_runnable	55

  17.82%	
  23.09%	
  25.45%	
  26.55%	
  27.27%	


self_contained	35

  54.86%	
  57.71%	
  58.86%	
  59.43%	
  60.00%	


file_runnable	68

  18.53%	
  25.00%	
  28.24%	
  30.59%	
  32.35%	


slib_runnable	28

  22.14%	
  28.93%	
  32.14%	
  34.29%	
  35.71%	


230
0
