62e60f43d76274f8a4026e28 5 0 0.0
62e60f43d76274f8a4026e28 5 0 0.0
62e60f43d76274f8a4026e28 5 0 0.0
62e60f43d76274f8a4026e28 5 0 0.0
62e60f43d76274f8a4026e28 5 0 0.0
62e60f3bd76274f8a4026e10 5 0 0.0
62e60f3bd76274f8a4026e10 5 0 0.0
62e60f3bd76274f8a4026e10 5 0 0.0
62e60f3bd76274f8a4026e10 5 0 0.0
62e60f3bd76274f8a4026e10 5 0 0.0
62e60f37d76274f8a4026dfd 5 0 0.0
62e60f37d76274f8a4026dfd 5 0 0.0
62e60f37d76274f8a4026dfd 5 0 0.0
62e60f37d76274f8a4026dfd 5 0 0.0
62e60f37d76274f8a4026dfd 5 0 0.0
62e60f33d76274f8a4026de9 5 0 0.0
62e60f33d76274f8a4026de9 5 0 0.0
62e60f33d76274f8a4026de9 5 0 0.0
62e60f33d76274f8a4026de9 5 0 0.0
62e60f33d76274f8a4026de9 5 0 0.0
62e60ed4d76274f8a4026da0 5 4 0.8
62e60ed4d76274f8a4026da0 5 4 1.0
62e60ed4d76274f8a4026da0 5 4 1.0
62e60ed4d76274f8a4026da0 5 4 1.0
62e60ed4d76274f8a4026da0 5 4 1.0
62e60ecfd76274f8a4026d6a 5 0 0.8
62e60ecfd76274f8a4026d6a 5 0 1.0
62e60ecfd76274f8a4026d6a 5 0 1.0
62e60ecfd76274f8a4026d6a 5 0 1.0
62e60ecfd76274f8a4026d6a 5 0 1.0
62e60e49d76274f8a4026d25 5 0 0.8
62e60e49d76274f8a4026d25 5 0 1.0
62e60e49d76274f8a4026d25 5 0 1.0
62e60e49d76274f8a4026d25 5 0 1.0
62e60e49d76274f8a4026d25 5 0 1.0
62e60e05d76274f8a4026cfd 5 0 0.8
62e60e05d76274f8a4026cfd 5 0 1.0
62e60e05d76274f8a4026cfd 5 0 1.0
62e60e05d76274f8a4026cfd 5 0 1.0
62e60e05d76274f8a4026cfd 5 0 1.0
62e60da4d76274f8a4026cf1 5 0 0.8
62e60da4d76274f8a4026cf1 5 0 1.0
62e60da4d76274f8a4026cf1 5 0 1.0
62e60da4d76274f8a4026cf1 5 0 1.0
62e60da4d76274f8a4026cf1 5 0 1.0
62e60b10d76274f8a4026ccd 5 0 0.8
62e60b10d76274f8a4026ccd 5 0 1.0
62e60b10d76274f8a4026ccd 5 0 1.0
62e60b10d76274f8a4026ccd 5 0 1.0
62e60b10d76274f8a4026ccd 5 0 1.0
62e6087bd76274f8a4026bfa 5 0 0.8
62e6087bd76274f8a4026bfa 5 0 1.0
62e6087bd76274f8a4026bfa 5 0 1.0
62e6087bd76274f8a4026bfa 5 0 1.0
62e6087bd76274f8a4026bfa 5 0 1.0
62e6087ad76274f8a4026bf2 5 0 0.8
62e6087ad76274f8a4026bf2 5 0 1.0
62e6087ad76274f8a4026bf2 5 0 1.0
62e6087ad76274f8a4026bf2 5 0 1.0
62e6087ad76274f8a4026bf2 5 0 1.0
62e60879d76274f8a4026bec 5 0 0.8
62e60879d76274f8a4026bec 5 0 1.0
62e60879d76274f8a4026bec 5 0 1.0
62e60879d76274f8a4026bec 5 0 1.0
62e60879d76274f8a4026bec 5 0 1.0
62e60723d76274f8a4026b75 5 4 1.6
62e60723d76274f8a4026b75 5 4 2.0
62e60723d76274f8a4026b75 5 4 2.0
62e60723d76274f8a4026b75 5 4 2.0
62e60723d76274f8a4026b75 5 4 2.0
62e60707d76274f8a4026b69 5 0 1.6
62e60707d76274f8a4026b69 5 0 2.0
62e60707d76274f8a4026b69 5 0 2.0
62e60707d76274f8a4026b69 5 0 2.0
62e60707d76274f8a4026b69 5 0 2.0
62e5dc9ed76274f8a4026b5b 5 4 2.4000000000000004
62e5dc9ed76274f8a4026b5b 5 4 3.0
62e5dc9ed76274f8a4026b5b 5 4 3.0
62e5dc9ed76274f8a4026b5b 5 4 3.0
62e5dc9ed76274f8a4026b5b 5 4 3.0
62e4fc3c85ea98643089041e 5 0 2.4000000000000004
62e4fc3c85ea98643089041e 5 0 3.0
62e4fc3c85ea98643089041e 5 0 3.0
62e4fc3c85ea98643089041e 5 0 3.0
62e4fc3c85ea98643089041e 5 0 3.0
62e4fbda85ea986430890405 5 0 2.4000000000000004
62e4fbda85ea986430890405 5 0 3.0
62e4fbda85ea986430890405 5 0 3.0
62e4fbda85ea986430890405 5 0 3.0
62e4fbda85ea986430890405 5 0 3.0
62e4fbda85ea986430890403 5 0 2.4000000000000004
62e4fbda85ea986430890403 5 0 3.0
62e4fbda85ea986430890403 5 0 3.0
62e4fbda85ea986430890403 5 0 3.0
62e4fbda85ea986430890403 5 0 3.0
62e4fb6585ea98643089032b 5 4 3.2
62e4fb6585ea98643089032b 5 4 4.0
62e4fb6585ea98643089032b 5 4 4.0
62e4fb6585ea98643089032b 5 4 4.0
62e4fb6585ea98643089032b 5 4 4.0
62e4fb4d85ea9864308902e7 5 0 3.2
62e4fb4d85ea9864308902e7 5 0 4.0
62e4fb4d85ea9864308902e7 5 0 4.0
62e4fb4d85ea9864308902e7 5 0 4.0
62e4fb4d85ea9864308902e7 5 0 4.0
62b8d27a48ba5a41d1c3f4c6 5 1 3.4000000000000004
62b8d27a48ba5a41d1c3f4c6 5 1 4.4
62b8d27a48ba5a41d1c3f4c6 5 1 4.6
62b8d27a48ba5a41d1c3f4c6 5 1 4.8
62b8d27a48ba5a41d1c3f4c6 5 1 5.0
62b8d24048ba5a41d1c3f49f 5 0 3.4000000000000004
62b8d24048ba5a41d1c3f49f 5 0 4.4
62b8d24048ba5a41d1c3f49f 5 0 4.6
62b8d24048ba5a41d1c3f49f 5 0 4.8
62b8d24048ba5a41d1c3f49f 5 0 5.0
62b8d23b48ba5a41d1c3f49a 5 0 3.4000000000000004
62b8d23b48ba5a41d1c3f49a 5 0 4.4
62b8d23b48ba5a41d1c3f49a 5 0 4.6
62b8d23b48ba5a41d1c3f49a 5 0 4.8
62b8d23b48ba5a41d1c3f49a 5 0 5.0
62b8d23948ba5a41d1c3f498 5 0 3.4000000000000004
62b8d23948ba5a41d1c3f498 5 0 4.4
62b8d23948ba5a41d1c3f498 5 0 4.6
62b8d23948ba5a41d1c3f498 5 0 4.8
62b8d23948ba5a41d1c3f498 5 0 5.0
62b8d23748ba5a41d1c3f496 5 0 3.4000000000000004
62b8d23748ba5a41d1c3f496 5 0 4.4
62b8d23748ba5a41d1c3f496 5 0 4.6
62b8d23748ba5a41d1c3f496 5 0 4.8
62b8d23748ba5a41d1c3f496 5 0 5.0
62b8d22f48ba5a41d1c3f488 5 0 3.4000000000000004
62b8d22f48ba5a41d1c3f488 5 0 4.4
62b8d22f48ba5a41d1c3f488 5 0 4.6
62b8d22f48ba5a41d1c3f488 5 0 4.8
62b8d22f48ba5a41d1c3f488 5 0 5.0
62b8d22a48ba5a41d1c3f47e 5 4 4.2
62b8d22a48ba5a41d1c3f47e 5 4 5.4
62b8d22a48ba5a41d1c3f47e 5 4 5.6
62b8d22a48ba5a41d1c3f47e 5 4 5.8
62b8d22a48ba5a41d1c3f47e 5 4 6.0
62b8d22948ba5a41d1c3f47c 5 3 4.8
62b8d22948ba5a41d1c3f47c 5 3 6.300000000000001
62b8d22948ba5a41d1c3f47c 5 3 6.6
62b8d22948ba5a41d1c3f47c 5 3 6.8
62b8d22948ba5a41d1c3f47c 5 3 7.0
62b8d22548ba5a41d1c3f472 5 0 4.8
62b8d22548ba5a41d1c3f472 5 0 6.300000000000001
62b8d22548ba5a41d1c3f472 5 0 6.6
62b8d22548ba5a41d1c3f472 5 0 6.8
62b8d22548ba5a41d1c3f472 5 0 7.0
62b8c517e0d34b282c18122e 5 0 4.8
62b8c517e0d34b282c18122e 5 0 6.300000000000001
62b8c517e0d34b282c18122e 5 0 6.6
62b8c517e0d34b282c18122e 5 0 6.8
62b8c517e0d34b282c18122e 5 0 7.0
62b8bbbfe0d34b282c181210 5 1 5.0
62b8bbbfe0d34b282c181210 5 1 6.700000000000001
62b8bbbfe0d34b282c181210 5 1 7.199999999999999
62b8bbbfe0d34b282c181210 5 1 7.6
62b8bbbfe0d34b282c181210 5 1 8.0
62b8bbbfe0d34b282c18120f 5 0 5.0
62b8bbbfe0d34b282c18120f 5 0 6.700000000000001
62b8bbbfe0d34b282c18120f 5 0 7.199999999999999
62b8bbbfe0d34b282c18120f 5 0 7.6
62b8bbbfe0d34b282c18120f 5 0 8.0
62b8bbbce0d34b282c18120d 5 0 5.0
62b8bbbce0d34b282c18120d 5 0 6.700000000000001
62b8bbbce0d34b282c18120d 5 0 7.199999999999999
62b8bbbce0d34b282c18120d 5 0 7.6
62b8bbbce0d34b282c18120d 5 0 8.0
62b8b99de0d34b282c1811f8 5 0 5.0
62b8b99de0d34b282c1811f8 5 0 6.700000000000001
62b8b99de0d34b282c1811f8 5 0 7.199999999999999
62b8b99de0d34b282c1811f8 5 0 7.6
62b8b99de0d34b282c1811f8 5 0 8.0
62b8b59feb7e40a82d2d1291 5 0 5.0
62b8b59feb7e40a82d2d1291 5 0 6.700000000000001
62b8b59feb7e40a82d2d1291 5 0 7.199999999999999
62b8b59feb7e40a82d2d1291 5 0 7.6
62b8b59feb7e40a82d2d1291 5 0 8.0
62b8b590eb7e40a82d2d1275 5 0 5.0
62b8b590eb7e40a82d2d1275 5 0 6.700000000000001
62b8b590eb7e40a82d2d1275 5 0 7.199999999999999
62b8b590eb7e40a82d2d1275 5 0 7.6
62b8b590eb7e40a82d2d1275 5 0 8.0
62b8b58deb7e40a82d2d1269 5 0 5.0
62b8b58deb7e40a82d2d1269 5 0 6.700000000000001
62b8b58deb7e40a82d2d1269 5 0 7.199999999999999
62b8b58deb7e40a82d2d1269 5 0 7.6
62b8b58deb7e40a82d2d1269 5 0 8.0
62b8b559eb7e40a82d2d11f8 5 1 5.2
62b8b559eb7e40a82d2d11f8 5 1 7.100000000000001
62b8b559eb7e40a82d2d11f8 5 1 7.799999999999999
62b8b559eb7e40a82d2d11f8 5 1 8.4
62b8b559eb7e40a82d2d11f8 5 1 9.0
62b8b4b9eb7e40a82d2d1134 5 0 5.2
62b8b4b9eb7e40a82d2d1134 5 0 7.100000000000001
62b8b4b9eb7e40a82d2d1134 5 0 7.799999999999999
62b8b4b9eb7e40a82d2d1134 5 0 8.4
62b8b4b9eb7e40a82d2d1134 5 0 9.0
62b8b416eb7e40a82d2d1129 5 0 5.2
62b8b416eb7e40a82d2d1129 5 0 7.100000000000001
62b8b416eb7e40a82d2d1129 5 0 7.799999999999999
62b8b416eb7e40a82d2d1129 5 0 8.4
62b8b416eb7e40a82d2d1129 5 0 9.0
62b8b3d6eb7e40a82d2d111c 5 1 5.4
62b8b3d6eb7e40a82d2d111c 5 1 7.500000000000002
62b8b3d6eb7e40a82d2d111c 5 1 8.399999999999999
62b8b3d6eb7e40a82d2d111c 5 1 9.200000000000001
62b8b3d6eb7e40a82d2d111c 5 1 10.0
62b8b3d5eb7e40a82d2d1110 5 2 5.800000000000001
62b8b3d5eb7e40a82d2d1110 5 2 8.200000000000001
62b8b3d5eb7e40a82d2d1110 5 2 9.299999999999999
62b8b3d5eb7e40a82d2d1110 5 2 10.200000000000001
62b8b3d5eb7e40a82d2d1110 5 2 11.0
62b8b3d4eb7e40a82d2d110f 5 2 6.200000000000001
62b8b3d4eb7e40a82d2d110f 5 2 8.9
62b8b3d4eb7e40a82d2d110f 5 2 10.2
62b8b3d4eb7e40a82d2d110f 5 2 11.200000000000001
62b8b3d4eb7e40a82d2d110f 5 2 12.0
62b8b3d4eb7e40a82d2d110e 5 0 6.200000000000001
62b8b3d4eb7e40a82d2d110e 5 0 8.9
62b8b3d4eb7e40a82d2d110e 5 0 10.2
62b8b3d4eb7e40a82d2d110e 5 0 11.200000000000001
62b8b3d4eb7e40a82d2d110e 5 0 12.0
62b8b3d4eb7e40a82d2d110d 5 1 6.400000000000001
62b8b3d4eb7e40a82d2d110d 5 1 9.3
62b8b3d4eb7e40a82d2d110d 5 1 10.799999999999999
62b8b3d4eb7e40a82d2d110d 5 1 12.000000000000002
62b8b3d4eb7e40a82d2d110d 5 1 13.0
62b87b989a0c4fa8b80b35ee 5 0 6.400000000000001
62b87b989a0c4fa8b80b35ee 5 0 9.3
62b87b989a0c4fa8b80b35ee 5 0 10.799999999999999
62b87b989a0c4fa8b80b35ee 5 0 12.000000000000002
62b87b989a0c4fa8b80b35ee 5 0 13.0
62b87b859a0c4fa8b80b35d7 5 0 6.400000000000001
62b87b859a0c4fa8b80b35d7 5 0 9.3
62b87b859a0c4fa8b80b35d7 5 0 10.799999999999999
62b87b859a0c4fa8b80b35d7 5 0 12.000000000000002
62b87b859a0c4fa8b80b35d7 5 0 13.0
62b87b839a0c4fa8b80b35cb 5 0 6.400000000000001
62b87b839a0c4fa8b80b35cb 5 0 9.3
62b87b839a0c4fa8b80b35cb 5 0 10.799999999999999
62b87b839a0c4fa8b80b35cb 5 0 12.000000000000002
62b87b839a0c4fa8b80b35cb 5 0 13.0
62b87b7e9a0c4fa8b80b35bc 5 0 6.400000000000001
62b87b7e9a0c4fa8b80b35bc 5 0 9.3
62b87b7e9a0c4fa8b80b35bc 5 0 10.799999999999999
62b87b7e9a0c4fa8b80b35bc 5 0 12.000000000000002
62b87b7e9a0c4fa8b80b35bc 5 0 13.0
62b87b4f9a0c4fa8b80b3580 5 0 6.400000000000001
62b87b4f9a0c4fa8b80b3580 5 0 9.3
62b87b4f9a0c4fa8b80b3580 5 0 10.799999999999999
62b87b4f9a0c4fa8b80b3580 5 0 12.000000000000002
62b87b4f9a0c4fa8b80b3580 5 0 13.0
62b87b199a0c4fa8b80b354e 5 1 6.600000000000001
62b87b199a0c4fa8b80b354e 5 1 9.700000000000001
62b87b199a0c4fa8b80b354e 5 1 11.399999999999999
62b87b199a0c4fa8b80b354e 5 1 12.800000000000002
62b87b199a0c4fa8b80b354e 5 1 14.0
62b87b099a0c4fa8b80b3538 5 5 7.600000000000001
62b87b099a0c4fa8b80b3538 5 5 10.700000000000001
62b87b099a0c4fa8b80b3538 5 5 12.399999999999999
62b87b099a0c4fa8b80b3538 5 5 13.800000000000002
62b87b099a0c4fa8b80b3538 5 5 15.0
62b87af99a0c4fa8b80b3524 5 4 8.400000000000002
62b87af99a0c4fa8b80b3524 5 4 11.700000000000001
62b87af99a0c4fa8b80b3524 5 4 13.399999999999999
62b87af99a0c4fa8b80b3524 5 4 14.800000000000002
62b87af99a0c4fa8b80b3524 5 4 16.0
62b87af69a0c4fa8b80b351a 5 1 8.600000000000001
62b87af69a0c4fa8b80b351a 5 1 12.100000000000001
62b87af69a0c4fa8b80b351a 5 1 13.999999999999998
62b87af69a0c4fa8b80b351a 5 1 15.600000000000003
62b87af69a0c4fa8b80b351a 5 1 17.0
62b87af19a0c4fa8b80b34f7 5 0 8.600000000000001
62b87af19a0c4fa8b80b34f7 5 0 12.100000000000001
62b87af19a0c4fa8b80b34f7 5 0 13.999999999999998
62b87af19a0c4fa8b80b34f7 5 0 15.600000000000003
62b87af19a0c4fa8b80b34f7 5 0 17.0
62b87af09a0c4fa8b80b34f1 5 0 8.600000000000001
62b87af09a0c4fa8b80b34f1 5 0 12.100000000000001
62b87af09a0c4fa8b80b34f1 5 0 13.999999999999998
62b87af09a0c4fa8b80b34f1 5 0 15.600000000000003
62b87af09a0c4fa8b80b34f1 5 0 17.0
62b86aa3b4d922cb0e688d36 5 0 8.600000000000001
62b86aa3b4d922cb0e688d36 5 0 12.100000000000001
62b86aa3b4d922cb0e688d36 5 0 13.999999999999998
62b86aa3b4d922cb0e688d36 5 0 15.600000000000003
62b86aa3b4d922cb0e688d36 5 0 17.0
62b86a9eb4d922cb0e688d25 5 0 8.600000000000001
62b86a9eb4d922cb0e688d25 5 0 12.100000000000001
62b86a9eb4d922cb0e688d25 5 0 13.999999999999998
62b86a9eb4d922cb0e688d25 5 0 15.600000000000003
62b86a9eb4d922cb0e688d25 5 0 17.0
62b86a4fb4d922cb0e688cf8 5 1 8.8
62b86a4fb4d922cb0e688cf8 5 1 12.500000000000002
62b86a4fb4d922cb0e688cf8 5 1 14.599999999999998
62b86a4fb4d922cb0e688cf8 5 1 16.400000000000002
62b86a4fb4d922cb0e688cf8 5 1 18.0
62b86a4fb4d922cb0e688cf7 5 0 8.8
62b86a4fb4d922cb0e688cf7 5 0 12.500000000000002
62b86a4fb4d922cb0e688cf7 5 0 14.599999999999998
62b86a4fb4d922cb0e688cf7 5 0 16.400000000000002
62b86a4fb4d922cb0e688cf7 5 0 18.0
62b86a01b4d922cb0e688ccc 5 0 8.8
62b86a01b4d922cb0e688ccc 5 0 12.500000000000002
62b86a01b4d922cb0e688ccc 5 0 14.599999999999998
62b86a01b4d922cb0e688ccc 5 0 16.400000000000002
62b86a01b4d922cb0e688ccc 5 0 18.0
62b869ebb4d922cb0e688cc6 5 0 8.8
62b869ebb4d922cb0e688cc6 5 0 12.500000000000002
62b869ebb4d922cb0e688cc6 5 0 14.599999999999998
62b869ebb4d922cb0e688cc6 5 0 16.400000000000002
62b869ebb4d922cb0e688cc6 5 0 18.0
62b869eab4d922cb0e688cc5 5 0 8.8
62b869eab4d922cb0e688cc5 5 0 12.500000000000002
62b869eab4d922cb0e688cc5 5 0 14.599999999999998
62b869eab4d922cb0e688cc5 5 0 16.400000000000002
62b869eab4d922cb0e688cc5 5 0 18.0
62b869eab4d922cb0e688cbf 5 0 8.8
62b869eab4d922cb0e688cbf 5 0 12.500000000000002
62b869eab4d922cb0e688cbf 5 0 14.599999999999998
62b869eab4d922cb0e688cbf 5 0 16.400000000000002
62b869eab4d922cb0e688cbf 5 0 18.0
62b43427903eeb48555d3ea5 5 0 8.8
62b43427903eeb48555d3ea5 5 0 12.500000000000002
62b43427903eeb48555d3ea5 5 0 14.599999999999998
62b43427903eeb48555d3ea5 5 0 16.400000000000002
62b43427903eeb48555d3ea5 5 0 18.0
62b43428903eeb48555d3eaa 5 0 8.8
62b43428903eeb48555d3eaa 5 0 12.500000000000002
62b43428903eeb48555d3eaa 5 0 14.599999999999998
62b43428903eeb48555d3eaa 5 0 16.400000000000002
62b43428903eeb48555d3eaa 5 0 18.0
62b45df05108cfac7f2109ce 5 0 8.8
62b45df05108cfac7f2109ce 5 0 12.500000000000002
62b45df05108cfac7f2109ce 5 0 14.599999999999998
62b45df05108cfac7f2109ce 5 0 16.400000000000002
62b45df05108cfac7f2109ce 5 0 18.0
62b45df15108cfac7f2109dc 5 0 8.8
62b45df15108cfac7f2109dc 5 0 12.500000000000002
62b45df15108cfac7f2109dc 5 0 14.599999999999998
62b45df15108cfac7f2109dc 5 0 16.400000000000002
62b45df15108cfac7f2109dc 5 0 18.0
62b45df15108cfac7f2109dd 5 0 8.8
62b45df15108cfac7f2109dd 5 0 12.500000000000002
62b45df15108cfac7f2109dd 5 0 14.599999999999998
62b45df15108cfac7f2109dd 5 0 16.400000000000002
62b45df15108cfac7f2109dd 5 0 18.0
62b45e135108cfac7f2109f4 5 4 9.600000000000001
62b45e135108cfac7f2109f4 5 4 13.500000000000002
62b45e135108cfac7f2109f4 5 4 15.599999999999998
62b45e135108cfac7f2109f4 5 4 17.400000000000002
62b45e135108cfac7f2109f4 5 4 19.0
62b45e145108cfac7f210a07 5 0 9.600000000000001
62b45e145108cfac7f210a07 5 0 13.500000000000002
62b45e145108cfac7f210a07 5 0 15.599999999999998
62b45e145108cfac7f210a07 5 0 17.400000000000002
62b45e145108cfac7f210a07 5 0 19.0
62b45e145108cfac7f210a09 5 0 9.600000000000001
62b45e145108cfac7f210a09 5 0 13.500000000000002
62b45e145108cfac7f210a09 5 0 15.599999999999998
62b45e145108cfac7f210a09 5 0 17.400000000000002
62b45e145108cfac7f210a09 5 0 19.0
62b45e165108cfac7f210a16 5 0 9.600000000000001
62b45e165108cfac7f210a16 5 0 13.500000000000002
62b45e165108cfac7f210a16 5 0 15.599999999999998
62b45e165108cfac7f210a16 5 0 17.400000000000002
62b45e165108cfac7f210a16 5 0 19.0
62b45e165108cfac7f210a17 5 0 9.600000000000001
62b45e165108cfac7f210a17 5 0 13.500000000000002
62b45e165108cfac7f210a17 5 0 15.599999999999998
62b45e165108cfac7f210a17 5 0 17.400000000000002
62b45e165108cfac7f210a17 5 0 19.0
62b45e175108cfac7f210a19 5 0 9.600000000000001
62b45e175108cfac7f210a19 5 0 13.500000000000002
62b45e175108cfac7f210a19 5 0 15.599999999999998
62b45e175108cfac7f210a19 5 0 17.400000000000002
62b45e175108cfac7f210a19 5 0 19.0
62b463153879012d19481498 5 3 10.200000000000001
62b463153879012d19481498 5 3 14.400000000000002
62b463153879012d19481498 5 3 16.599999999999998
62b463153879012d19481498 5 3 18.400000000000002
62b463153879012d19481498 5 3 20.0
62b463153879012d1948149a 5 0 10.200000000000001
62b463153879012d1948149a 5 0 14.400000000000002
62b463153879012d1948149a 5 0 16.599999999999998
62b463153879012d1948149a 5 0 18.400000000000002
62b463153879012d1948149a 5 0 20.0
62b463153879012d1948149b 5 0 10.200000000000001
62b463153879012d1948149b 5 0 14.400000000000002
62b463153879012d1948149b 5 0 16.599999999999998
62b463153879012d1948149b 5 0 18.400000000000002
62b463153879012d1948149b 5 0 20.0
62b463153879012d1948149c 5 0 10.200000000000001
62b463153879012d1948149c 5 0 14.400000000000002
62b463153879012d1948149c 5 0 16.599999999999998
62b463153879012d1948149c 5 0 18.400000000000002
62b463153879012d1948149c 5 0 20.0
62b463153879012d1948149d 5 0 10.200000000000001
62b463153879012d1948149d 5 0 14.400000000000002
62b463153879012d1948149d 5 0 16.599999999999998
62b463153879012d1948149d 5 0 18.400000000000002
62b463153879012d1948149d 5 0 20.0
62b463153879012d1948149f 5 0 10.200000000000001
62b463153879012d1948149f 5 0 14.400000000000002
62b463153879012d1948149f 5 0 16.599999999999998
62b463153879012d1948149f 5 0 18.400000000000002
62b463153879012d1948149f 5 0 20.0
62b463153879012d194814a1 5 0 10.200000000000001
62b463153879012d194814a1 5 0 14.400000000000002
62b463153879012d194814a1 5 0 16.599999999999998
62b463153879012d194814a1 5 0 18.400000000000002
62b463153879012d194814a1 5 0 20.0
62b463163879012d194814a2 5 0 10.200000000000001
62b463163879012d194814a2 5 0 14.400000000000002
62b463163879012d194814a2 5 0 16.599999999999998
62b463163879012d194814a2 5 0 18.400000000000002
62b463163879012d194814a2 5 0 20.0
62b463163879012d194814a4 5 0 10.200000000000001
62b463163879012d194814a4 5 0 14.400000000000002
62b463163879012d194814a4 5 0 16.599999999999998
62b463163879012d194814a4 5 0 18.400000000000002
62b463163879012d194814a4 5 0 20.0
62b463163879012d194814a6 5 3 10.8
62b463163879012d194814a6 5 3 15.300000000000002
62b463163879012d194814a6 5 3 17.599999999999998
62b463163879012d194814a6 5 3 19.400000000000002
62b463163879012d194814a6 5 3 21.0
62b4631b3879012d194814dd 5 0 10.8
62b4631b3879012d194814dd 5 0 15.300000000000002
62b4631b3879012d194814dd 5 0 17.599999999999998
62b4631b3879012d194814dd 5 0 19.400000000000002
62b4631b3879012d194814dd 5 0 21.0
62b463283879012d1948153d 5 4 11.600000000000001
62b463283879012d1948153d 5 4 16.300000000000004
62b463283879012d1948153d 5 4 18.599999999999998
62b463283879012d1948153d 5 4 20.400000000000002
62b463283879012d1948153d 5 4 22.0
62b463303879012d19481579 5 0 11.600000000000001
62b463303879012d19481579 5 0 16.300000000000004
62b463303879012d19481579 5 0 18.599999999999998
62b463303879012d19481579 5 0 20.400000000000002
62b463303879012d19481579 5 0 22.0
62b46740d2f69a53b466171a 5 3 12.200000000000001
62b46740d2f69a53b466171a 5 3 17.200000000000003
62b46740d2f69a53b466171a 5 3 19.599999999999998
62b46740d2f69a53b466171a 5 3 21.400000000000002
62b46740d2f69a53b466171a 5 3 23.0
62b46746d2f69a53b4661722 5 0 12.200000000000001
62b46746d2f69a53b4661722 5 0 17.200000000000003
62b46746d2f69a53b4661722 5 0 19.599999999999998
62b46746d2f69a53b4661722 5 0 21.400000000000002
62b46746d2f69a53b4661722 5 0 23.0
62b86707b4d922cb0e688c2a 5 0 12.200000000000001
62b86707b4d922cb0e688c2a 5 0 17.200000000000003
62b86707b4d922cb0e688c2a 5 0 19.599999999999998
62b86707b4d922cb0e688c2a 5 0 21.400000000000002
62b86707b4d922cb0e688c2a 5 0 23.0
62b86729b4d922cb0e688c2f 5 0 12.200000000000001
62b86729b4d922cb0e688c2f 5 0 17.200000000000003
62b86729b4d922cb0e688c2f 5 0 19.599999999999998
62b86729b4d922cb0e688c2f 5 0 21.400000000000002
62b86729b4d922cb0e688c2f 5 0 23.0
62b8a4a4755ee91dce50a3d2 5 0 12.200000000000001
62b8a4a4755ee91dce50a3d2 5 0 17.200000000000003
62b8a4a4755ee91dce50a3d2 5 0 19.599999999999998
62b8a4a4755ee91dce50a3d2 5 0 21.400000000000002
62b8a4a4755ee91dce50a3d2 5 0 23.0
62b8982f755ee91dce50a241 5 5 13.200000000000001
62b8982f755ee91dce50a241 5 5 18.200000000000003
62b8982f755ee91dce50a241 5 5 20.599999999999998
62b8982f755ee91dce50a241 5 5 22.400000000000002
62b8982f755ee91dce50a241 5 5 24.0
62b89640755ee91dce50a114 5 3 13.8
62b89640755ee91dce50a114 5 3 19.1
62b89640755ee91dce50a114 5 3 21.599999999999998
62b89640755ee91dce50a114 5 3 23.400000000000002
62b89640755ee91dce50a114 5 3 25.0
62b87d24d292efb640a55670 5 0 13.8
62b87d24d292efb640a55670 5 0 19.1
62b87d24d292efb640a55670 5 0 21.599999999999998
62b87d24d292efb640a55670 5 0 23.400000000000002
62b87d24d292efb640a55670 5 0 25.0
62b87d24d292efb640a5566f 5 0 13.8
62b87d24d292efb640a5566f 5 0 19.1
62b87d24d292efb640a5566f 5 0 21.599999999999998
62b87d24d292efb640a5566f 5 0 23.400000000000002
62b87d24d292efb640a5566f 5 0 25.0
62b87d24d292efb640a5566d 5 0 13.8
62b87d24d292efb640a5566d 5 0 19.1
62b87d24d292efb640a5566d 5 0 21.599999999999998
62b87d24d292efb640a5566d 5 0 23.400000000000002
62b87d24d292efb640a5566d 5 0 25.0
62b87d23d292efb640a5566b 5 0 13.8
62b87d23d292efb640a5566b 5 0 19.1
62b87d23d292efb640a5566b 5 0 21.599999999999998
62b87d23d292efb640a5566b 5 0 23.400000000000002
62b87d23d292efb640a5566b 5 0 25.0
62b87d23d292efb640a55668 5 0 13.8
62b87d23d292efb640a55668 5 0 19.1
62b87d23d292efb640a55668 5 0 21.599999999999998
62b87d23d292efb640a55668 5 0 23.400000000000002
62b87d23d292efb640a55668 5 0 25.0
62b87d23d292efb640a55667 5 0 13.8
62b87d23d292efb640a55667 5 0 19.1
62b87d23d292efb640a55667 5 0 21.599999999999998
62b87d23d292efb640a55667 5 0 23.400000000000002
62b87d23d292efb640a55667 5 0 25.0
62b45e945108cfac7f210a4a 5 0 13.8
62b45e945108cfac7f210a4a 5 0 19.1
62b45e945108cfac7f210a4a 5 0 21.599999999999998
62b45e945108cfac7f210a4a 5 0 23.400000000000002
62b45e945108cfac7f210a4a 5 0 25.0
62b45e515108cfac7f210a3c 5 0 13.8
62b45e515108cfac7f210a3c 5 0 19.1
62b45e515108cfac7f210a3c 5 0 21.599999999999998
62b45e515108cfac7f210a3c 5 0 23.400000000000002
62b45e515108cfac7f210a3c 5 0 25.0
62b45e2eb89c9fd354170232 5 0 13.8
62b45e2eb89c9fd354170232 5 0 19.1
62b45e2eb89c9fd354170232 5 0 21.599999999999998
62b45e2eb89c9fd354170232 5 0 23.400000000000002
62b45e2eb89c9fd354170232 5 0 25.0
62b45e23e0d4551b0392c90a 5 0 13.8
62b45e23e0d4551b0392c90a 5 0 19.1
62b45e23e0d4551b0392c90a 5 0 21.599999999999998
62b45e23e0d4551b0392c90a 5 0 23.400000000000002
62b45e23e0d4551b0392c90a 5 0 25.0
62b45e21e0d4551b0392c8ed 5 0 13.8
62b45e21e0d4551b0392c8ed 5 0 19.1
62b45e21e0d4551b0392c8ed 5 0 21.599999999999998
62b45e21e0d4551b0392c8ed 5 0 23.400000000000002
62b45e21e0d4551b0392c8ed 5 0 25.0
62b45b396decaeff903e1001 5 0 13.8
62b45b396decaeff903e1001 5 0 19.1
62b45b396decaeff903e1001 5 0 21.599999999999998
62b45b396decaeff903e1001 5 0 23.400000000000002
62b45b396decaeff903e1001 5 0 25.0
62b4567ed7d32e5b55cc83d9 5 0 13.8
62b4567ed7d32e5b55cc83d9 5 0 19.1
62b4567ed7d32e5b55cc83d9 5 0 21.599999999999998
62b4567ed7d32e5b55cc83d9 5 0 23.400000000000002
62b4567ed7d32e5b55cc83d9 5 0 25.0
62b4567ad7d32e5b55cc83af 5 0 13.8
62b4567ad7d32e5b55cc83af 5 0 19.1
62b4567ad7d32e5b55cc83af 5 0 21.599999999999998
62b4567ad7d32e5b55cc83af 5 0 23.400000000000002
62b4567ad7d32e5b55cc83af 5 0 25.0
62b45679d7d32e5b55cc83a9 5 1 14.0
62b45679d7d32e5b55cc83a9 5 1 19.5
62b45679d7d32e5b55cc83a9 5 1 22.2
62b45679d7d32e5b55cc83a9 5 1 24.200000000000003
62b45679d7d32e5b55cc83a9 5 1 26.0
62b45665d7d32e5b55cc8365 5 0 14.0
62b45665d7d32e5b55cc8365 5 0 19.5
62b45665d7d32e5b55cc8365 5 0 22.2
62b45665d7d32e5b55cc8365 5 0 24.200000000000003
62b45665d7d32e5b55cc8365 5 0 26.0
62b45665d7d32e5b55cc8364 5 0 14.0
62b45665d7d32e5b55cc8364 5 0 19.5
62b45665d7d32e5b55cc8364 5 0 22.2
62b45665d7d32e5b55cc8364 5 0 24.200000000000003
62b45665d7d32e5b55cc8364 5 0 26.0
62b45665d7d32e5b55cc8363 5 0 14.0
62b45665d7d32e5b55cc8363 5 0 19.5
62b45665d7d32e5b55cc8363 5 0 22.2
62b45665d7d32e5b55cc8363 5 0 24.200000000000003
62b45665d7d32e5b55cc8363 5 0 26.0
62b438ba66fea644fe22cca2 5 0 14.0
62b438ba66fea644fe22cca2 5 0 19.5
62b438ba66fea644fe22cca2 5 0 22.2
62b438ba66fea644fe22cca2 5 0 24.200000000000003
62b438ba66fea644fe22cca2 5 0 26.0
62b438b666fea644fe22cc78 5 0 14.0
62b438b666fea644fe22cc78 5 0 19.5
62b438b666fea644fe22cc78 5 0 22.2
62b438b666fea644fe22cc78 5 0 24.200000000000003
62b438b666fea644fe22cc78 5 0 26.0
62b438b666fea644fe22cc72 5 0 14.0
62b438b666fea644fe22cc72 5 0 19.5
62b438b666fea644fe22cc72 5 0 22.2
62b438b666fea644fe22cc72 5 0 24.200000000000003
62b438b666fea644fe22cc72 5 0 26.0
62b438b566fea644fe22cc70 5 0 14.0
62b438b566fea644fe22cc70 5 0 19.5
62b438b566fea644fe22cc70 5 0 22.2
62b438b566fea644fe22cc70 5 0 24.200000000000003
62b438b566fea644fe22cc70 5 0 26.0
62b438a266fea644fe22cc2e 5 0 14.0
62b438a266fea644fe22cc2e 5 0 19.5
62b438a266fea644fe22cc2e 5 0 22.2
62b438a266fea644fe22cc2e 5 0 24.200000000000003
62b438a266fea644fe22cc2e 5 0 26.0
62b438a266fea644fe22cc2d 5 0 14.0
62b438a266fea644fe22cc2d 5 0 19.5
62b438a266fea644fe22cc2d 5 0 22.2
62b438a266fea644fe22cc2d 5 0 24.200000000000003
62b438a266fea644fe22cc2d 5 0 26.0
62b438a266fea644fe22cc2c 5 3 14.6
62b438a266fea644fe22cc2c 5 3 20.4
62b438a266fea644fe22cc2c 5 3 23.2
62b438a266fea644fe22cc2c 5 3 25.200000000000003
62b438a266fea644fe22cc2c 5 3 27.0
62ece4982e6aefcf4aabbd5f 5 2 15.0
62ece4982e6aefcf4aabbd5f 5 2 21.099999999999998
62ece4982e6aefcf4aabbd5f 5 2 24.099999999999998
62ece4982e6aefcf4aabbd5f 5 2 26.200000000000003
62ece4982e6aefcf4aabbd5f 5 2 28.0
62ece4982e6aefcf4aabbd60 5 0 15.0
62ece4982e6aefcf4aabbd60 5 0 21.099999999999998
62ece4982e6aefcf4aabbd60 5 0 24.099999999999998
62ece4982e6aefcf4aabbd60 5 0 26.200000000000003
62ece4982e6aefcf4aabbd60 5 0 28.0
62ece4982e6aefcf4aabbd61 5 5 16.0
62ece4982e6aefcf4aabbd61 5 5 22.099999999999998
62ece4982e6aefcf4aabbd61 5 5 25.099999999999998
62ece4982e6aefcf4aabbd61 5 5 27.200000000000003
62ece4982e6aefcf4aabbd61 5 5 29.0
62ece4982e6aefcf4aabbd62 5 0 16.0
62ece4982e6aefcf4aabbd62 5 0 22.099999999999998
62ece4982e6aefcf4aabbd62 5 0 25.099999999999998
62ece4982e6aefcf4aabbd62 5 0 27.200000000000003
62ece4982e6aefcf4aabbd62 5 0 29.0
62ece4982e6aefcf4aabbd63 5 0 16.0
62ece4982e6aefcf4aabbd63 5 0 22.099999999999998
62ece4982e6aefcf4aabbd63 5 0 25.099999999999998
62ece4982e6aefcf4aabbd63 5 0 27.200000000000003
62ece4982e6aefcf4aabbd63 5 0 29.0
62ece4982e6aefcf4aabbd65 5 0 16.0
62ece4982e6aefcf4aabbd65 5 0 22.099999999999998
62ece4982e6aefcf4aabbd65 5 0 25.099999999999998
62ece4982e6aefcf4aabbd65 5 0 27.200000000000003
62ece4982e6aefcf4aabbd65 5 0 29.0
62ece4982e6aefcf4aabbd66 5 2 16.4
62ece4982e6aefcf4aabbd66 5 2 22.799999999999997
62ece4982e6aefcf4aabbd66 5 2 25.999999999999996
62ece4982e6aefcf4aabbd66 5 2 28.200000000000003
62ece4982e6aefcf4aabbd66 5 2 30.0
62ece4982e6aefcf4aabbd67 5 1 16.599999999999998
62ece4982e6aefcf4aabbd67 5 1 23.199999999999996
62ece4982e6aefcf4aabbd67 5 1 26.599999999999998
62ece4982e6aefcf4aabbd67 5 1 29.000000000000004
62ece4982e6aefcf4aabbd67 5 1 31.0
62ece4982e6aefcf4aabbd68 5 0 16.599999999999998
62ece4982e6aefcf4aabbd68 5 0 23.199999999999996
62ece4982e6aefcf4aabbd68 5 0 26.599999999999998
62ece4982e6aefcf4aabbd68 5 0 29.000000000000004
62ece4982e6aefcf4aabbd68 5 0 31.0
62ece4982e6aefcf4aabbd69 5 0 16.599999999999998
62ece4982e6aefcf4aabbd69 5 0 23.199999999999996
62ece4982e6aefcf4aabbd69 5 0 26.599999999999998
62ece4982e6aefcf4aabbd69 5 0 29.000000000000004
62ece4982e6aefcf4aabbd69 5 0 31.0
62ece4982e6aefcf4aabbd6a 5 4 17.4
62ece4982e6aefcf4aabbd6a 5 4 24.199999999999996
62ece4982e6aefcf4aabbd6a 5 4 27.599999999999998
62ece4982e6aefcf4aabbd6a 5 4 30.000000000000004
62ece4982e6aefcf4aabbd6a 5 4 32.0
62ece4982e6aefcf4aabbd6b 5 2 17.799999999999997
62ece4982e6aefcf4aabbd6b 5 2 24.899999999999995
62ece4982e6aefcf4aabbd6b 5 2 28.499999999999996
62ece4982e6aefcf4aabbd6b 5 2 31.000000000000004
62ece4982e6aefcf4aabbd6b 5 2 33.0
62ece4982e6aefcf4aabbd6d 5 0 17.799999999999997
62ece4982e6aefcf4aabbd6d 5 0 24.899999999999995
62ece4982e6aefcf4aabbd6d 5 0 28.499999999999996
62ece4982e6aefcf4aabbd6d 5 0 31.000000000000004
62ece4982e6aefcf4aabbd6d 5 0 33.0
62ece4982e6aefcf4aabbd6f 5 0 17.799999999999997
62ece4982e6aefcf4aabbd6f 5 0 24.899999999999995
62ece4982e6aefcf4aabbd6f 5 0 28.499999999999996
62ece4982e6aefcf4aabbd6f 5 0 31.000000000000004
62ece4982e6aefcf4aabbd6f 5 0 33.0
62ece4982e6aefcf4aabbd70 5 5 18.799999999999997
62ece4982e6aefcf4aabbd70 5 5 25.899999999999995
62ece4982e6aefcf4aabbd70 5 5 29.499999999999996
62ece4982e6aefcf4aabbd70 5 5 32.0
62ece4982e6aefcf4aabbd70 5 5 34.0
62ece4982e6aefcf4aabbd71 5 0 18.799999999999997
62ece4982e6aefcf4aabbd71 5 0 25.899999999999995
62ece4982e6aefcf4aabbd71 5 0 29.499999999999996
62ece4982e6aefcf4aabbd71 5 0 32.0
62ece4982e6aefcf4aabbd71 5 0 34.0
62ece4982e6aefcf4aabbd72 5 0 18.799999999999997
62ece4982e6aefcf4aabbd72 5 0 25.899999999999995
62ece4982e6aefcf4aabbd72 5 0 29.499999999999996
62ece4982e6aefcf4aabbd72 5 0 32.0
62ece4982e6aefcf4aabbd72 5 0 34.0
62ece4982e6aefcf4aabbd73 5 0 18.799999999999997
62ece4982e6aefcf4aabbd73 5 0 25.899999999999995
62ece4982e6aefcf4aabbd73 5 0 29.499999999999996
62ece4982e6aefcf4aabbd73 5 0 32.0
62ece4982e6aefcf4aabbd73 5 0 34.0
62ece4982e6aefcf4aabbd74 5 0 18.799999999999997
62ece4982e6aefcf4aabbd74 5 0 25.899999999999995
62ece4982e6aefcf4aabbd74 5 0 29.499999999999996
62ece4982e6aefcf4aabbd74 5 0 32.0
62ece4982e6aefcf4aabbd74 5 0 34.0
62ece4982e6aefcf4aabbd75 5 0 18.799999999999997
62ece4982e6aefcf4aabbd75 5 0 25.899999999999995
62ece4982e6aefcf4aabbd75 5 0 29.499999999999996
62ece4982e6aefcf4aabbd75 5 0 32.0
62ece4982e6aefcf4aabbd75 5 0 34.0
62ece4982e6aefcf4aabbd76 5 0 18.799999999999997
62ece4982e6aefcf4aabbd76 5 0 25.899999999999995
62ece4982e6aefcf4aabbd76 5 0 29.499999999999996
62ece4982e6aefcf4aabbd76 5 0 32.0
62ece4982e6aefcf4aabbd76 5 0 34.0
62ece4982e6aefcf4aabbd77 5 0 18.799999999999997
62ece4982e6aefcf4aabbd77 5 0 25.899999999999995
62ece4982e6aefcf4aabbd77 5 0 29.499999999999996
62ece4982e6aefcf4aabbd77 5 0 32.0
62ece4982e6aefcf4aabbd77 5 0 34.0
62ece4992e6aefcf4aabbd78 5 0 18.799999999999997
62ece4992e6aefcf4aabbd78 5 0 25.899999999999995
62ece4992e6aefcf4aabbd78 5 0 29.499999999999996
62ece4992e6aefcf4aabbd78 5 0 32.0
62ece4992e6aefcf4aabbd78 5 0 34.0
62ece4992e6aefcf4aabbd79 5 0 18.799999999999997
62ece4992e6aefcf4aabbd79 5 0 25.899999999999995
62ece4992e6aefcf4aabbd79 5 0 29.499999999999996
62ece4992e6aefcf4aabbd79 5 0 32.0
62ece4992e6aefcf4aabbd79 5 0 34.0
62ece4992e6aefcf4aabbd7a 5 5 19.799999999999997
62ece4992e6aefcf4aabbd7a 5 5 26.899999999999995
62ece4992e6aefcf4aabbd7a 5 5 30.499999999999996
62ece4992e6aefcf4aabbd7a 5 5 33.0
62ece4992e6aefcf4aabbd7a 5 5 35.0
62ece4992e6aefcf4aabbd7b 5 0 19.799999999999997
62ece4992e6aefcf4aabbd7b 5 0 26.899999999999995
62ece4992e6aefcf4aabbd7b 5 0 30.499999999999996
62ece4992e6aefcf4aabbd7b 5 0 33.0
62ece4992e6aefcf4aabbd7b 5 0 35.0
62ece4992e6aefcf4aabbd7c 5 0 19.799999999999997
62ece4992e6aefcf4aabbd7c 5 0 26.899999999999995
62ece4992e6aefcf4aabbd7c 5 0 30.499999999999996
62ece4992e6aefcf4aabbd7c 5 0 33.0
62ece4992e6aefcf4aabbd7c 5 0 35.0
62ece4992e6aefcf4aabbd7d 5 5 20.799999999999997
62ece4992e6aefcf4aabbd7d 5 5 27.899999999999995
62ece4992e6aefcf4aabbd7d 5 5 31.499999999999996
62ece4992e6aefcf4aabbd7d 5 5 34.0
62ece4992e6aefcf4aabbd7d 5 5 36.0
62ece4992e6aefcf4aabbd7e 5 0 20.799999999999997
62ece4992e6aefcf4aabbd7e 5 0 27.899999999999995
62ece4992e6aefcf4aabbd7e 5 0 31.499999999999996
62ece4992e6aefcf4aabbd7e 5 0 34.0
62ece4992e6aefcf4aabbd7e 5 0 36.0
62ece4992e6aefcf4aabbd7f 5 1 20.999999999999996
62ece4992e6aefcf4aabbd7f 5 1 28.299999999999994
62ece4992e6aefcf4aabbd7f 5 1 32.099999999999994
62ece4992e6aefcf4aabbd7f 5 1 34.8
62ece4992e6aefcf4aabbd7f 5 1 37.0
62ece4992e6aefcf4aabbd80 5 5 21.999999999999996
62ece4992e6aefcf4aabbd80 5 5 29.299999999999994
62ece4992e6aefcf4aabbd80 5 5 33.099999999999994
62ece4992e6aefcf4aabbd80 5 5 35.8
62ece4992e6aefcf4aabbd80 5 5 38.0
62ece4992e6aefcf4aabbd82 5 1 22.199999999999996
62ece4992e6aefcf4aabbd82 5 1 29.699999999999992
62ece4992e6aefcf4aabbd82 5 1 33.699999999999996
62ece4992e6aefcf4aabbd82 5 1 36.599999999999994
62ece4992e6aefcf4aabbd82 5 1 39.0
62ece4992e6aefcf4aabbd83 5 0 22.199999999999996
62ece4992e6aefcf4aabbd83 5 0 29.699999999999992
62ece4992e6aefcf4aabbd83 5 0 33.699999999999996
62ece4992e6aefcf4aabbd83 5 0 36.599999999999994
62ece4992e6aefcf4aabbd83 5 0 39.0
62ece4992e6aefcf4aabbd84 5 5 23.199999999999996
62ece4992e6aefcf4aabbd84 5 5 30.699999999999992
62ece4992e6aefcf4aabbd84 5 5 34.699999999999996
62ece4992e6aefcf4aabbd84 5 5 37.599999999999994
62ece4992e6aefcf4aabbd84 5 5 40.0
62ece4992e6aefcf4aabbd85 5 0 23.199999999999996
62ece4992e6aefcf4aabbd85 5 0 30.699999999999992
62ece4992e6aefcf4aabbd85 5 0 34.699999999999996
62ece4992e6aefcf4aabbd85 5 0 37.599999999999994
62ece4992e6aefcf4aabbd85 5 0 40.0
62ece4992e6aefcf4aabbd86 5 0 23.199999999999996
62ece4992e6aefcf4aabbd86 5 0 30.699999999999992
62ece4992e6aefcf4aabbd86 5 0 34.699999999999996
62ece4992e6aefcf4aabbd86 5 0 37.599999999999994
62ece4992e6aefcf4aabbd86 5 0 40.0
62ece4992e6aefcf4aabbd87 5 0 23.199999999999996
62ece4992e6aefcf4aabbd87 5 0 30.699999999999992
62ece4992e6aefcf4aabbd87 5 0 34.699999999999996
62ece4992e6aefcf4aabbd87 5 0 37.599999999999994
62ece4992e6aefcf4aabbd87 5 0 40.0
62ece4992e6aefcf4aabbd88 5 1 23.399999999999995
62ece4992e6aefcf4aabbd88 5 1 31.09999999999999
62ece4992e6aefcf4aabbd88 5 1 35.3
62ece4992e6aefcf4aabbd88 5 1 38.39999999999999
62ece4992e6aefcf4aabbd88 5 1 41.0
62ece4992e6aefcf4aabbd89 5 2 23.799999999999994
62ece4992e6aefcf4aabbd89 5 2 31.79999999999999
62ece4992e6aefcf4aabbd89 5 2 36.199999999999996
62ece4992e6aefcf4aabbd89 5 2 39.39999999999999
62ece4992e6aefcf4aabbd89 5 2 42.0
62ece4992e6aefcf4aabbd8a 5 0 23.799999999999994
62ece4992e6aefcf4aabbd8a 5 0 31.79999999999999
62ece4992e6aefcf4aabbd8a 5 0 36.199999999999996
62ece4992e6aefcf4aabbd8a 5 0 39.39999999999999
62ece4992e6aefcf4aabbd8a 5 0 42.0
62ece4992e6aefcf4aabbd8b 5 0 23.799999999999994
62ece4992e6aefcf4aabbd8b 5 0 31.79999999999999
62ece4992e6aefcf4aabbd8b 5 0 36.199999999999996
62ece4992e6aefcf4aabbd8b 5 0 39.39999999999999
62ece4992e6aefcf4aabbd8b 5 0 42.0
62e60723d76274f8a4026b76 5 0 23.799999999999994
62e60723d76274f8a4026b76 5 0 31.79999999999999
62e60723d76274f8a4026b76 5 0 36.199999999999996
62e60723d76274f8a4026b76 5 0 39.39999999999999
62e60723d76274f8a4026b76 5 0 42.0
62e60873d76274f8a4026bd8 5 0 23.799999999999994
62e60873d76274f8a4026bd8 5 0 31.79999999999999
62e60873d76274f8a4026bd8 5 0 36.199999999999996
62e60873d76274f8a4026bd8 5 0 39.39999999999999
62e60873d76274f8a4026bd8 5 0 42.0
62e60e3bd76274f8a4026d1a 5 0 23.799999999999994
62e60e3bd76274f8a4026d1a 5 0 31.79999999999999
62e60e3bd76274f8a4026d1a 5 0 36.199999999999996
62e60e3bd76274f8a4026d1a 5 0 39.39999999999999
62e60e3bd76274f8a4026d1a 5 0 42.0
62b87b199a0c4fa8b80b354c 5 0 23.799999999999994
62b87b199a0c4fa8b80b354c 5 0 31.79999999999999
62b87b199a0c4fa8b80b354c 5 0 36.199999999999996
62b87b199a0c4fa8b80b354c 5 0 39.39999999999999
62b87b199a0c4fa8b80b354c 5 0 42.0
62b87b4f9a0c4fa8b80b3581 5 0 23.799999999999994
62b87b4f9a0c4fa8b80b3581 5 0 31.79999999999999
62b87b4f9a0c4fa8b80b3581 5 0 36.199999999999996
62b87b4f9a0c4fa8b80b3581 5 0 39.39999999999999
62b87b4f9a0c4fa8b80b3581 5 0 42.0
62b87b519a0c4fa8b80b3583 5 0 23.799999999999994
62b87b519a0c4fa8b80b3583 5 0 31.79999999999999
62b87b519a0c4fa8b80b3583 5 0 36.199999999999996
62b87b519a0c4fa8b80b3583 5 0 39.39999999999999
62b87b519a0c4fa8b80b3583 5 0 42.0
62b87b869a0c4fa8b80b35e1 5 0 23.799999999999994
62b87b869a0c4fa8b80b35e1 5 0 31.79999999999999
62b87b869a0c4fa8b80b35e1 5 0 36.199999999999996
62b87b869a0c4fa8b80b35e1 5 0 39.39999999999999
62b87b869a0c4fa8b80b35e1 5 0 42.0
62b8b4baeb7e40a82d2d1136 5 5 24.799999999999994
62b8b4baeb7e40a82d2d1136 5 5 32.79999999999999
62b8b4baeb7e40a82d2d1136 5 5 37.199999999999996
62b8b4baeb7e40a82d2d1136 5 5 40.39999999999999
62b8b4baeb7e40a82d2d1136 5 5 43.0
62b8b4baeb7e40a82d2d1137 5 5 25.799999999999994
62b8b4baeb7e40a82d2d1137 5 5 33.79999999999999
62b8b4baeb7e40a82d2d1137 5 5 38.199999999999996
62b8b4baeb7e40a82d2d1137 5 5 41.39999999999999
62b8b4baeb7e40a82d2d1137 5 5 44.0
62b8b4c1eb7e40a82d2d1139 5 4 26.599999999999994
62b8b4c1eb7e40a82d2d1139 5 4 34.79999999999999
62b8b4c1eb7e40a82d2d1139 5 4 39.199999999999996
62b8b4c1eb7e40a82d2d1139 5 4 42.39999999999999
62b8b4c1eb7e40a82d2d1139 5 4 45.0
62b8b559eb7e40a82d2d11f6 5 1 26.799999999999994
62b8b559eb7e40a82d2d11f6 5 1 35.19999999999999
62b8b559eb7e40a82d2d11f6 5 1 39.8
62b8b559eb7e40a82d2d11f6 5 1 43.19999999999999
62b8b559eb7e40a82d2d11f6 5 1 46.0
62b8d22a48ba5a41d1c3f47d 5 0 26.799999999999994
62b8d22a48ba5a41d1c3f47d 5 0 35.19999999999999
62b8d22a48ba5a41d1c3f47d 5 0 39.8
62b8d22a48ba5a41d1c3f47d 5 0 43.19999999999999
62b8d22a48ba5a41d1c3f47d 5 0 46.0
62b8d23748ba5a41d1c3f497 5 0 26.799999999999994
62b8d23748ba5a41d1c3f497 5 0 35.19999999999999
62b8d23748ba5a41d1c3f497 5 0 39.8
62b8d23748ba5a41d1c3f497 5 0 43.19999999999999
62b8d23748ba5a41d1c3f497 5 0 46.0
62b8d23a48ba5a41d1c3f499 5 0 26.799999999999994
62b8d23a48ba5a41d1c3f499 5 0 35.19999999999999
62b8d23a48ba5a41d1c3f499 5 0 39.8
62b8d23a48ba5a41d1c3f499 5 0 43.19999999999999
62b8d23a48ba5a41d1c3f499 5 0 46.0
62b8d23c48ba5a41d1c3f49b 5 0 26.799999999999994
62b8d23c48ba5a41d1c3f49b 5 0 35.19999999999999
62b8d23c48ba5a41d1c3f49b 5 0 39.8
62b8d23c48ba5a41d1c3f49b 5 0 43.19999999999999
62b8d23c48ba5a41d1c3f49b 5 0 46.0
62b8d23e48ba5a41d1c3f49e 5 1 26.999999999999993
62b8d23e48ba5a41d1c3f49e 5 1 35.59999999999999
62b8d23e48ba5a41d1c3f49e 5 1 40.4
62b8d23e48ba5a41d1c3f49e 5 1 43.999999999999986
62b8d23e48ba5a41d1c3f49e 5 1 47.0
62b43425903eeb48555d3ea1 5 0 26.999999999999993
62b43425903eeb48555d3ea1 5 0 35.59999999999999
62b43425903eeb48555d3ea1 5 0 40.4
62b43425903eeb48555d3ea1 5 0 43.999999999999986
62b43425903eeb48555d3ea1 5 0 47.0
62b43426903eeb48555d3ea2 5 0 26.999999999999993
62b43426903eeb48555d3ea2 5 0 35.59999999999999
62b43426903eeb48555d3ea2 5 0 40.4
62b43426903eeb48555d3ea2 5 0 43.999999999999986
62b43426903eeb48555d3ea2 5 0 47.0
62b8966c755ee91dce50a154 5 0 26.999999999999993
62b8966c755ee91dce50a154 5 0 35.59999999999999
62b8966c755ee91dce50a154 5 0 40.4
62b8966c755ee91dce50a154 5 0 43.999999999999986
62b8966c755ee91dce50a154 5 0 47.0
62b896de755ee91dce50a183 5 0 26.999999999999993
62b896de755ee91dce50a183 5 0 35.59999999999999
62b896de755ee91dce50a183 5 0 40.4
62b896de755ee91dce50a183 5 0 43.999999999999986
62b896de755ee91dce50a183 5 0 47.0
62b8a4a4755ee91dce50a3d3 5 3 27.599999999999994
62b8a4a4755ee91dce50a3d3 5 3 36.499999999999986
62b8a4a4755ee91dce50a3d3 5 3 41.4
62b8a4a4755ee91dce50a3d3 5 3 44.999999999999986
62b8a4a4755ee91dce50a3d3 5 3 48.0
62b8a7b2755ee91dce50a4a7 5 2 27.999999999999993
62b8a7b2755ee91dce50a4a7 5 2 37.19999999999999
62b8a7b2755ee91dce50a4a7 5 2 42.3
62b8a7b2755ee91dce50a4a7 5 2 45.999999999999986
62b8a7b2755ee91dce50a4a7 5 2 49.0
6305f9991d275c6667163c50 5 5 28.999999999999993
6305f9991d275c6667163c50 5 5 38.19999999999999
6305f9991d275c6667163c50 5 5 43.3
6305f9991d275c6667163c50 5 5 46.999999999999986
6305f9991d275c6667163c50 5 5 50.0
6306292052e177c0ba469f09 5 0 28.999999999999993
6306292052e177c0ba469f09 5 0 38.19999999999999
6306292052e177c0ba469f09 5 0 43.3
6306292052e177c0ba469f09 5 0 46.999999999999986
6306292052e177c0ba469f09 5 0 50.0
6306292152e177c0ba469f0d 5 0 28.999999999999993
6306292152e177c0ba469f0d 5 0 38.19999999999999
6306292152e177c0ba469f0d 5 0 43.3
6306292152e177c0ba469f0d 5 0 46.999999999999986
6306292152e177c0ba469f0d 5 0 50.0
6306292252e177c0ba469f11 5 5 29.999999999999993
6306292252e177c0ba469f11 5 5 39.19999999999999
6306292252e177c0ba469f11 5 5 44.3
6306292252e177c0ba469f11 5 5 47.999999999999986
6306292252e177c0ba469f11 5 5 51.0
6306292352e177c0ba469f1d 5 0 29.999999999999993
6306292352e177c0ba469f1d 5 0 39.19999999999999
6306292352e177c0ba469f1d 5 0 44.3
6306292352e177c0ba469f1d 5 0 47.999999999999986
6306292352e177c0ba469f1d 5 0 51.0
6306292352e177c0ba469f1e 5 0 29.999999999999993
6306292352e177c0ba469f1e 5 0 39.19999999999999
6306292352e177c0ba469f1e 5 0 44.3
6306292352e177c0ba469f1e 5 0 47.999999999999986
6306292352e177c0ba469f1e 5 0 51.0
6306292652e177c0ba469f34 5 2 30.39999999999999
6306292652e177c0ba469f34 5 2 39.89999999999999
6306292652e177c0ba469f34 5 2 45.199999999999996
6306292652e177c0ba469f34 5 2 48.999999999999986
6306292652e177c0ba469f34 5 2 52.0
6306292a52e177c0ba469f41 5 0 30.39999999999999
6306292a52e177c0ba469f41 5 0 39.89999999999999
6306292a52e177c0ba469f41 5 0 45.199999999999996
6306292a52e177c0ba469f41 5 0 48.999999999999986
6306292a52e177c0ba469f41 5 0 52.0
6306298b52e177c0ba469fdc 5 0 30.39999999999999
6306298b52e177c0ba469fdc 5 0 39.89999999999999
6306298b52e177c0ba469fdc 5 0 45.199999999999996
6306298b52e177c0ba469fdc 5 0 48.999999999999986
6306298b52e177c0ba469fdc 5 0 52.0
6306299052e177c0ba469fe8 5 4 31.199999999999992
6306299052e177c0ba469fe8 5 4 40.89999999999999
6306299052e177c0ba469fe8 5 4 46.199999999999996
6306299052e177c0ba469fe8 5 4 49.999999999999986
6306299052e177c0ba469fe8 5 4 53.0
630629b952e177c0ba46a043 5 0 31.199999999999992
630629b952e177c0ba46a043 5 0 40.89999999999999
630629b952e177c0ba46a043 5 0 46.199999999999996
630629b952e177c0ba46a043 5 0 49.999999999999986
630629b952e177c0ba46a043 5 0 53.0
630629d052e177c0ba46a0a1 5 1 31.39999999999999
630629d052e177c0ba46a0a1 5 1 41.29999999999999
630629d052e177c0ba46a0a1 5 1 46.8
630629d052e177c0ba46a0a1 5 1 50.79999999999998
630629d052e177c0ba46a0a1 5 1 54.0
630629e052e177c0ba46a0c4 5 0 31.39999999999999
630629e052e177c0ba46a0c4 5 0 41.29999999999999
630629e052e177c0ba46a0c4 5 0 46.8
630629e052e177c0ba46a0c4 5 0 50.79999999999998
630629e052e177c0ba46a0c4 5 0 54.0
630629e152e177c0ba46a0d1 5 3 31.999999999999993
630629e152e177c0ba46a0d1 5 3 42.19999999999999
630629e152e177c0ba46a0d1 5 3 47.8
630629e152e177c0ba46a0d1 5 3 51.79999999999998
630629e152e177c0ba46a0d1 5 3 55.0
630629e152e177c0ba46a0d2 5 0 31.999999999999993
630629e152e177c0ba46a0d2 5 0 42.19999999999999
630629e152e177c0ba46a0d2 5 0 47.8
630629e152e177c0ba46a0d2 5 0 51.79999999999998
630629e152e177c0ba46a0d2 5 0 55.0
630629e252e177c0ba46a0d6 5 0 31.999999999999993
630629e252e177c0ba46a0d6 5 0 42.19999999999999
630629e252e177c0ba46a0d6 5 0 47.8
630629e252e177c0ba46a0d6 5 0 51.79999999999998
630629e252e177c0ba46a0d6 5 0 55.0
630629e752e177c0ba46a0fb 5 0 31.999999999999993
630629e752e177c0ba46a0fb 5 0 42.19999999999999
630629e752e177c0ba46a0fb 5 0 47.8
630629e752e177c0ba46a0fb 5 0 51.79999999999998
630629e752e177c0ba46a0fb 5 0 55.0
6306091073426c38ae68acac 5 0 31.999999999999993
6306091073426c38ae68acac 5 0 42.19999999999999
6306091073426c38ae68acac 5 0 47.8
6306091073426c38ae68acac 5 0 51.79999999999998
6306091073426c38ae68acac 5 0 55.0
6306091a73426c38ae68acc8 5 0 31.999999999999993
6306091a73426c38ae68acc8 5 0 42.19999999999999
6306091a73426c38ae68acc8 5 0 47.8
6306091a73426c38ae68acc8 5 0 51.79999999999998
6306091a73426c38ae68acc8 5 0 55.0
6306091b73426c38ae68acd7 5 0 31.999999999999993
6306091b73426c38ae68acd7 5 0 42.19999999999999
6306091b73426c38ae68acd7 5 0 47.8
6306091b73426c38ae68acd7 5 0 51.79999999999998
6306091b73426c38ae68acd7 5 0 55.0
6306091b73426c38ae68acd9 5 0 31.999999999999993
6306091b73426c38ae68acd9 5 0 42.19999999999999
6306091b73426c38ae68acd9 5 0 47.8
6306091b73426c38ae68acd9 5 0 51.79999999999998
6306091b73426c38ae68acd9 5 0 55.0
6306091b73426c38ae68acda 5 0 31.999999999999993
6306091b73426c38ae68acda 5 0 42.19999999999999
6306091b73426c38ae68acda 5 0 47.8
6306091b73426c38ae68acda 5 0 51.79999999999998
6306091b73426c38ae68acda 5 0 55.0
6306091c73426c38ae68acdc 5 0 31.999999999999993
6306091c73426c38ae68acdc 5 0 42.19999999999999
6306091c73426c38ae68acdc 5 0 47.8
6306091c73426c38ae68acdc 5 0 51.79999999999998
6306091c73426c38ae68acdc 5 0 55.0
6306091c73426c38ae68acdd 5 0 31.999999999999993
6306091c73426c38ae68acdd 5 0 42.19999999999999
6306091c73426c38ae68acdd 5 0 47.8
6306091c73426c38ae68acdd 5 0 51.79999999999998
6306091c73426c38ae68acdd 5 0 55.0
6306091d73426c38ae68ace5 5 0 31.999999999999993
6306091d73426c38ae68ace5 5 0 42.19999999999999
6306091d73426c38ae68ace5 5 0 47.8
6306091d73426c38ae68ace5 5 0 51.79999999999998
6306091d73426c38ae68ace5 5 0 55.0
6306092373426c38ae68acfa 5 0 31.999999999999993
6306092373426c38ae68acfa 5 0 42.19999999999999
6306092373426c38ae68acfa 5 0 47.8
6306092373426c38ae68acfa 5 0 51.79999999999998
6306092373426c38ae68acfa 5 0 55.0
6306092973426c38ae68ad01 5 0 31.999999999999993
6306092973426c38ae68ad01 5 0 42.19999999999999
6306092973426c38ae68ad01 5 0 47.8
6306092973426c38ae68ad01 5 0 51.79999999999998
6306092973426c38ae68ad01 5 0 55.0
6306092c73426c38ae68ad02 5 0 31.999999999999993
6306092c73426c38ae68ad02 5 0 42.19999999999999
6306092c73426c38ae68ad02 5 0 47.8
6306092c73426c38ae68ad02 5 0 51.79999999999998
6306092c73426c38ae68ad02 5 0 55.0
6306092d73426c38ae68ad04 5 0 31.999999999999993
6306092d73426c38ae68ad04 5 0 42.19999999999999
6306092d73426c38ae68ad04 5 0 47.8
6306092d73426c38ae68ad04 5 0 51.79999999999998
6306092d73426c38ae68ad04 5 0 55.0
6306092d73426c38ae68ad05 5 0 31.999999999999993
6306092d73426c38ae68ad05 5 0 42.19999999999999
6306092d73426c38ae68ad05 5 0 47.8
6306092d73426c38ae68ad05 5 0 51.79999999999998
6306092d73426c38ae68ad05 5 0 55.0
6306092d73426c38ae68ad06 5 0 31.999999999999993
6306092d73426c38ae68ad06 5 0 42.19999999999999
6306092d73426c38ae68ad06 5 0 47.8
6306092d73426c38ae68ad06 5 0 51.79999999999998
6306092d73426c38ae68ad06 5 0 55.0
6306092d73426c38ae68ad07 5 0 31.999999999999993
6306092d73426c38ae68ad07 5 0 42.19999999999999
6306092d73426c38ae68ad07 5 0 47.8
6306092d73426c38ae68ad07 5 0 51.79999999999998
6306092d73426c38ae68ad07 5 0 55.0
6306092d73426c38ae68ad08 5 2 32.39999999999999
6306092d73426c38ae68ad08 5 2 42.89999999999999
6306092d73426c38ae68ad08 5 2 48.699999999999996
6306092d73426c38ae68ad08 5 2 52.79999999999998
6306092d73426c38ae68ad08 5 2 56.0
6306092e73426c38ae68ad09 5 0 32.39999999999999
6306092e73426c38ae68ad09 5 0 42.89999999999999
6306092e73426c38ae68ad09 5 0 48.699999999999996
6306092e73426c38ae68ad09 5 0 52.79999999999998
6306092e73426c38ae68ad09 5 0 56.0
6306092e73426c38ae68ad0a 5 0 32.39999999999999
6306092e73426c38ae68ad0a 5 0 42.89999999999999
6306092e73426c38ae68ad0a 5 0 48.699999999999996
6306092e73426c38ae68ad0a 5 0 52.79999999999998
6306092e73426c38ae68ad0a 5 0 56.0
6306092e73426c38ae68ad0b 5 0 32.39999999999999
6306092e73426c38ae68ad0b 5 0 42.89999999999999
6306092e73426c38ae68ad0b 5 0 48.699999999999996
6306092e73426c38ae68ad0b 5 0 52.79999999999998
6306092e73426c38ae68ad0b 5 0 56.0
6306092e73426c38ae68ad0d 5 0 32.39999999999999
6306092e73426c38ae68ad0d 5 0 42.89999999999999
6306092e73426c38ae68ad0d 5 0 48.699999999999996
6306092e73426c38ae68ad0d 5 0 52.79999999999998
6306092e73426c38ae68ad0d 5 0 56.0
6306092e73426c38ae68ad0f 5 0 32.39999999999999
6306092e73426c38ae68ad0f 5 0 42.89999999999999
6306092e73426c38ae68ad0f 5 0 48.699999999999996
6306092e73426c38ae68ad0f 5 0 52.79999999999998
6306092e73426c38ae68ad0f 5 0 56.0
6306092e73426c38ae68ad11 5 0 32.39999999999999
6306092e73426c38ae68ad11 5 0 42.89999999999999
6306092e73426c38ae68ad11 5 0 48.699999999999996
6306092e73426c38ae68ad11 5 0 52.79999999999998
6306092e73426c38ae68ad11 5 0 56.0
6306092f73426c38ae68ad13 5 1 32.599999999999994
6306092f73426c38ae68ad13 5 1 43.29999999999999
6306092f73426c38ae68ad13 5 1 49.3
6306092f73426c38ae68ad13 5 1 53.59999999999998
6306092f73426c38ae68ad13 5 1 57.0
6306093273426c38ae68ad15 5 0 32.599999999999994
6306093273426c38ae68ad15 5 0 43.29999999999999
6306093273426c38ae68ad15 5 0 49.3
6306093273426c38ae68ad15 5 0 53.59999999999998
6306093273426c38ae68ad15 5 0 57.0
63060ada73426c38ae68ad31 5 0 32.599999999999994
63060ada73426c38ae68ad31 5 0 43.29999999999999
63060ada73426c38ae68ad31 5 0 49.3
63060ada73426c38ae68ad31 5 0 53.59999999999998
63060ada73426c38ae68ad31 5 0 57.0
63060b1a73426c38ae68ad3e 5 0 32.599999999999994
63060b1a73426c38ae68ad3e 5 0 43.29999999999999
63060b1a73426c38ae68ad3e 5 0 49.3
63060b1a73426c38ae68ad3e 5 0 53.59999999999998
63060b1a73426c38ae68ad3e 5 0 57.0
63060b1b73426c38ae68ad42 5 0 32.599999999999994
63060b1b73426c38ae68ad42 5 0 43.29999999999999
63060b1b73426c38ae68ad42 5 0 49.3
63060b1b73426c38ae68ad42 5 0 53.59999999999998
63060b1b73426c38ae68ad42 5 0 57.0
63060b1b73426c38ae68ad43 5 2 32.99999999999999
63060b1b73426c38ae68ad43 5 2 43.99999999999999
63060b1b73426c38ae68ad43 5 2 50.199999999999996
63060b1b73426c38ae68ad43 5 2 54.59999999999998
63060b1b73426c38ae68ad43 5 2 58.0
62ece4982e6aefcf4aabbd64 5 0 32.99999999999999
62ece4982e6aefcf4aabbd64 5 0 43.99999999999999
62ece4982e6aefcf4aabbd64 5 0 50.199999999999996
62ece4982e6aefcf4aabbd64 5 0 54.59999999999998
62ece4982e6aefcf4aabbd64 5 0 58.0
230 230
[32.99999999999999, 43.99999999999999, 50.199999999999996, 54.59999999999998, 58.0]
0.1434782608695652
 14.35%
0.19130434782608693
 19.13%
0.21826086956521737
 21.83%
0.237391304347826
 23.74%
0.25217391304347825
 25.22%
finish_overall
plib_runnable	21

  14.29%	
  19.05%	
  21.43%	
  22.86%	
  23.81%	


project_runnable	23

  8.70%	
  12.17%	
  14.78%	
  16.52%	
  17.39%	


class_runnable	55

  7.64%	
  9.45%	
  10.18%	
  10.55%	
  10.91%	


self_contained	35

  28.00%	
  38.00%	
  42.86%	
  46.29%	
  48.57%	


file_runnable	68

  11.76%	
  16.62%	
  19.56%	
  21.76%	
  23.53%	


slib_runnable	28

  21.43%	
  26.43%	
  30.00%	
  32.86%	
  35.71%	


230
0
