62e60f43d76274f8a4026e28 5 0 0.0
62e60f43d76274f8a4026e28 5 0 0.0
62e60f43d76274f8a4026e28 5 0 0.0
62e60f43d76274f8a4026e28 5 0 0.0
62e60f43d76274f8a4026e28 5 0 0.0
62e60f3bd76274f8a4026e10 5 0 0.0
62e60f3bd76274f8a4026e10 5 0 0.0
62e60f3bd76274f8a4026e10 5 0 0.0
62e60f3bd76274f8a4026e10 5 0 0.0
62e60f3bd76274f8a4026e10 5 0 0.0
62e60f37d76274f8a4026dfd 5 0 0.0
62e60f37d76274f8a4026dfd 5 0 0.0
62e60f37d76274f8a4026dfd 5 0 0.0
62e60f37d76274f8a4026dfd 5 0 0.0
62e60f37d76274f8a4026dfd 5 0 0.0
62e60f33d76274f8a4026de9 5 0 0.0
62e60f33d76274f8a4026de9 5 0 0.0
62e60f33d76274f8a4026de9 5 0 0.0
62e60f33d76274f8a4026de9 5 0 0.0
62e60f33d76274f8a4026de9 5 0 0.0
62e60ed4d76274f8a4026da0 5 5 1.0
62e60ed4d76274f8a4026da0 5 5 1.0
62e60ed4d76274f8a4026da0 5 5 1.0
62e60ed4d76274f8a4026da0 5 5 1.0
62e60ed4d76274f8a4026da0 5 5 1.0
62e60ecfd76274f8a4026d6a 5 0 1.0
62e60ecfd76274f8a4026d6a 5 0 1.0
62e60ecfd76274f8a4026d6a 5 0 1.0
62e60ecfd76274f8a4026d6a 5 0 1.0
62e60ecfd76274f8a4026d6a 5 0 1.0
62e60e49d76274f8a4026d25 5 4 1.8
62e60e49d76274f8a4026d25 5 4 2.0
62e60e49d76274f8a4026d25 5 4 2.0
62e60e49d76274f8a4026d25 5 4 2.0
62e60e49d76274f8a4026d25 5 4 2.0
62e60e05d76274f8a4026cfd 5 0 1.8
62e60e05d76274f8a4026cfd 5 0 2.0
62e60e05d76274f8a4026cfd 5 0 2.0
62e60e05d76274f8a4026cfd 5 0 2.0
62e60e05d76274f8a4026cfd 5 0 2.0
62e60da4d76274f8a4026cf1 5 0 1.8
62e60da4d76274f8a4026cf1 5 0 2.0
62e60da4d76274f8a4026cf1 5 0 2.0
62e60da4d76274f8a4026cf1 5 0 2.0
62e60da4d76274f8a4026cf1 5 0 2.0
62e60b10d76274f8a4026ccd 5 0 1.8
62e60b10d76274f8a4026ccd 5 0 2.0
62e60b10d76274f8a4026ccd 5 0 2.0
62e60b10d76274f8a4026ccd 5 0 2.0
62e60b10d76274f8a4026ccd 5 0 2.0
62e6087bd76274f8a4026bfa 5 0 1.8
62e6087bd76274f8a4026bfa 5 0 2.0
62e6087bd76274f8a4026bfa 5 0 2.0
62e6087bd76274f8a4026bfa 5 0 2.0
62e6087bd76274f8a4026bfa 5 0 2.0
62e6087ad76274f8a4026bf2 5 0 1.8
62e6087ad76274f8a4026bf2 5 0 2.0
62e6087ad76274f8a4026bf2 5 0 2.0
62e6087ad76274f8a4026bf2 5 0 2.0
62e6087ad76274f8a4026bf2 5 0 2.0
62e60879d76274f8a4026bec 5 0 1.8
62e60879d76274f8a4026bec 5 0 2.0
62e60879d76274f8a4026bec 5 0 2.0
62e60879d76274f8a4026bec 5 0 2.0
62e60879d76274f8a4026bec 5 0 2.0
62e60723d76274f8a4026b75 5 5 2.8
62e60723d76274f8a4026b75 5 5 3.0
62e60723d76274f8a4026b75 5 5 3.0
62e60723d76274f8a4026b75 5 5 3.0
62e60723d76274f8a4026b75 5 5 3.0
62e60707d76274f8a4026b69 5 0 2.8
62e60707d76274f8a4026b69 5 0 3.0
62e60707d76274f8a4026b69 5 0 3.0
62e60707d76274f8a4026b69 5 0 3.0
62e60707d76274f8a4026b69 5 0 3.0
62e5dc9ed76274f8a4026b5b 5 5 3.8
62e5dc9ed76274f8a4026b5b 5 5 4.0
62e5dc9ed76274f8a4026b5b 5 5 4.0
62e5dc9ed76274f8a4026b5b 5 5 4.0
62e5dc9ed76274f8a4026b5b 5 5 4.0
62e4fc3c85ea98643089041e 5 0 3.8
62e4fc3c85ea98643089041e 5 0 4.0
62e4fc3c85ea98643089041e 5 0 4.0
62e4fc3c85ea98643089041e 5 0 4.0
62e4fc3c85ea98643089041e 5 0 4.0
62e4fbda85ea986430890405 5 0 3.8
62e4fbda85ea986430890405 5 0 4.0
62e4fbda85ea986430890405 5 0 4.0
62e4fbda85ea986430890405 5 0 4.0
62e4fbda85ea986430890405 5 0 4.0
62e4fbda85ea986430890403 5 0 3.8
62e4fbda85ea986430890403 5 0 4.0
62e4fbda85ea986430890403 5 0 4.0
62e4fbda85ea986430890403 5 0 4.0
62e4fbda85ea986430890403 5 0 4.0
62e4fb6585ea98643089032b 5 5 4.8
62e4fb6585ea98643089032b 5 5 5.0
62e4fb6585ea98643089032b 5 5 5.0
62e4fb6585ea98643089032b 5 5 5.0
62e4fb6585ea98643089032b 5 5 5.0
62e4fb4d85ea9864308902e7 5 0 4.8
62e4fb4d85ea9864308902e7 5 0 5.0
62e4fb4d85ea9864308902e7 5 0 5.0
62e4fb4d85ea9864308902e7 5 0 5.0
62e4fb4d85ea9864308902e7 5 0 5.0
62b8d27a48ba5a41d1c3f4c6 5 0 4.8
62b8d27a48ba5a41d1c3f4c6 5 0 5.0
62b8d27a48ba5a41d1c3f4c6 5 0 5.0
62b8d27a48ba5a41d1c3f4c6 5 0 5.0
62b8d27a48ba5a41d1c3f4c6 5 0 5.0
62b8d24048ba5a41d1c3f49f 5 0 4.8
62b8d24048ba5a41d1c3f49f 5 0 5.0
62b8d24048ba5a41d1c3f49f 5 0 5.0
62b8d24048ba5a41d1c3f49f 5 0 5.0
62b8d24048ba5a41d1c3f49f 5 0 5.0
62b8d23b48ba5a41d1c3f49a 5 0 4.8
62b8d23b48ba5a41d1c3f49a 5 0 5.0
62b8d23b48ba5a41d1c3f49a 5 0 5.0
62b8d23b48ba5a41d1c3f49a 5 0 5.0
62b8d23b48ba5a41d1c3f49a 5 0 5.0
62b8d23948ba5a41d1c3f498 5 0 4.8
62b8d23948ba5a41d1c3f498 5 0 5.0
62b8d23948ba5a41d1c3f498 5 0 5.0
62b8d23948ba5a41d1c3f498 5 0 5.0
62b8d23948ba5a41d1c3f498 5 0 5.0
62b8d23748ba5a41d1c3f496 5 0 4.8
62b8d23748ba5a41d1c3f496 5 0 5.0
62b8d23748ba5a41d1c3f496 5 0 5.0
62b8d23748ba5a41d1c3f496 5 0 5.0
62b8d23748ba5a41d1c3f496 5 0 5.0
62b8d22f48ba5a41d1c3f488 5 5 5.8
62b8d22f48ba5a41d1c3f488 5 5 6.0
62b8d22f48ba5a41d1c3f488 5 5 6.0
62b8d22f48ba5a41d1c3f488 5 5 6.0
62b8d22f48ba5a41d1c3f488 5 5 6.0
62b8d22a48ba5a41d1c3f47e 5 5 6.8
62b8d22a48ba5a41d1c3f47e 5 5 7.0
62b8d22a48ba5a41d1c3f47e 5 5 7.0
62b8d22a48ba5a41d1c3f47e 5 5 7.0
62b8d22a48ba5a41d1c3f47e 5 5 7.0
62b8d22948ba5a41d1c3f47c 5 5 7.8
62b8d22948ba5a41d1c3f47c 5 5 8.0
62b8d22948ba5a41d1c3f47c 5 5 8.0
62b8d22948ba5a41d1c3f47c 5 5 8.0
62b8d22948ba5a41d1c3f47c 5 5 8.0
62b8d22548ba5a41d1c3f472 5 0 7.8
62b8d22548ba5a41d1c3f472 5 0 8.0
62b8d22548ba5a41d1c3f472 5 0 8.0
62b8d22548ba5a41d1c3f472 5 0 8.0
62b8d22548ba5a41d1c3f472 5 0 8.0
62b8c517e0d34b282c18122e 5 0 7.8
62b8c517e0d34b282c18122e 5 0 8.0
62b8c517e0d34b282c18122e 5 0 8.0
62b8c517e0d34b282c18122e 5 0 8.0
62b8c517e0d34b282c18122e 5 0 8.0
62b8bbbfe0d34b282c181210 5 5 8.8
62b8bbbfe0d34b282c181210 5 5 9.0
62b8bbbfe0d34b282c181210 5 5 9.0
62b8bbbfe0d34b282c181210 5 5 9.0
62b8bbbfe0d34b282c181210 5 5 9.0
62b8bbbfe0d34b282c18120f 5 5 9.8
62b8bbbfe0d34b282c18120f 5 5 10.0
62b8bbbfe0d34b282c18120f 5 5 10.0
62b8bbbfe0d34b282c18120f 5 5 10.0
62b8bbbfe0d34b282c18120f 5 5 10.0
62b8bbbce0d34b282c18120d 5 5 10.8
62b8bbbce0d34b282c18120d 5 5 11.0
62b8bbbce0d34b282c18120d 5 5 11.0
62b8bbbce0d34b282c18120d 5 5 11.0
62b8bbbce0d34b282c18120d 5 5 11.0
62b8b99de0d34b282c1811f8 5 0 10.8
62b8b99de0d34b282c1811f8 5 0 11.0
62b8b99de0d34b282c1811f8 5 0 11.0
62b8b99de0d34b282c1811f8 5 0 11.0
62b8b99de0d34b282c1811f8 5 0 11.0
62b8b59feb7e40a82d2d1291 5 0 10.8
62b8b59feb7e40a82d2d1291 5 0 11.0
62b8b59feb7e40a82d2d1291 5 0 11.0
62b8b59feb7e40a82d2d1291 5 0 11.0
62b8b59feb7e40a82d2d1291 5 0 11.0
62b8b590eb7e40a82d2d1275 5 0 10.8
62b8b590eb7e40a82d2d1275 5 0 11.0
62b8b590eb7e40a82d2d1275 5 0 11.0
62b8b590eb7e40a82d2d1275 5 0 11.0
62b8b590eb7e40a82d2d1275 5 0 11.0
62b8b58deb7e40a82d2d1269 5 5 11.8
62b8b58deb7e40a82d2d1269 5 5 12.0
62b8b58deb7e40a82d2d1269 5 5 12.0
62b8b58deb7e40a82d2d1269 5 5 12.0
62b8b58deb7e40a82d2d1269 5 5 12.0
62b8b559eb7e40a82d2d11f8 5 4 12.600000000000001
62b8b559eb7e40a82d2d11f8 5 4 13.0
62b8b559eb7e40a82d2d11f8 5 4 13.0
62b8b559eb7e40a82d2d11f8 5 4 13.0
62b8b559eb7e40a82d2d11f8 5 4 13.0
62b8b4b9eb7e40a82d2d1134 5 0 12.600000000000001
62b8b4b9eb7e40a82d2d1134 5 0 13.0
62b8b4b9eb7e40a82d2d1134 5 0 13.0
62b8b4b9eb7e40a82d2d1134 5 0 13.0
62b8b4b9eb7e40a82d2d1134 5 0 13.0
62b8b416eb7e40a82d2d1129 5 0 12.600000000000001
62b8b416eb7e40a82d2d1129 5 0 13.0
62b8b416eb7e40a82d2d1129 5 0 13.0
62b8b416eb7e40a82d2d1129 5 0 13.0
62b8b416eb7e40a82d2d1129 5 0 13.0
62b8b3d6eb7e40a82d2d111c 5 2 13.000000000000002
62b8b3d6eb7e40a82d2d111c 5 2 13.7
62b8b3d6eb7e40a82d2d111c 5 2 13.9
62b8b3d6eb7e40a82d2d111c 5 2 14.0
62b8b3d6eb7e40a82d2d111c 5 2 14.0
62b8b3d5eb7e40a82d2d1110 5 0 13.000000000000002
62b8b3d5eb7e40a82d2d1110 5 0 13.7
62b8b3d5eb7e40a82d2d1110 5 0 13.9
62b8b3d5eb7e40a82d2d1110 5 0 14.0
62b8b3d5eb7e40a82d2d1110 5 0 14.0
62b8b3d4eb7e40a82d2d110f 5 5 14.000000000000002
62b8b3d4eb7e40a82d2d110f 5 5 14.7
62b8b3d4eb7e40a82d2d110f 5 5 14.9
62b8b3d4eb7e40a82d2d110f 5 5 15.0
62b8b3d4eb7e40a82d2d110f 5 5 15.0
62b8b3d4eb7e40a82d2d110e 5 0 14.000000000000002
62b8b3d4eb7e40a82d2d110e 5 0 14.7
62b8b3d4eb7e40a82d2d110e 5 0 14.9
62b8b3d4eb7e40a82d2d110e 5 0 15.0
62b8b3d4eb7e40a82d2d110e 5 0 15.0
62b8b3d4eb7e40a82d2d110d 5 0 14.000000000000002
62b8b3d4eb7e40a82d2d110d 5 0 14.7
62b8b3d4eb7e40a82d2d110d 5 0 14.9
62b8b3d4eb7e40a82d2d110d 5 0 15.0
62b8b3d4eb7e40a82d2d110d 5 0 15.0
62b87b989a0c4fa8b80b35ee 5 0 14.000000000000002
62b87b989a0c4fa8b80b35ee 5 0 14.7
62b87b989a0c4fa8b80b35ee 5 0 14.9
62b87b989a0c4fa8b80b35ee 5 0 15.0
62b87b989a0c4fa8b80b35ee 5 0 15.0
62b87b859a0c4fa8b80b35d7 5 0 14.000000000000002
62b87b859a0c4fa8b80b35d7 5 0 14.7
62b87b859a0c4fa8b80b35d7 5 0 14.9
62b87b859a0c4fa8b80b35d7 5 0 15.0
62b87b859a0c4fa8b80b35d7 5 0 15.0
62b87b839a0c4fa8b80b35cb 5 0 14.000000000000002
62b87b839a0c4fa8b80b35cb 5 0 14.7
62b87b839a0c4fa8b80b35cb 5 0 14.9
62b87b839a0c4fa8b80b35cb 5 0 15.0
62b87b839a0c4fa8b80b35cb 5 0 15.0
62b87b7e9a0c4fa8b80b35bc 5 0 14.000000000000002
62b87b7e9a0c4fa8b80b35bc 5 0 14.7
62b87b7e9a0c4fa8b80b35bc 5 0 14.9
62b87b7e9a0c4fa8b80b35bc 5 0 15.0
62b87b7e9a0c4fa8b80b35bc 5 0 15.0
62b87b4f9a0c4fa8b80b3580 5 0 14.000000000000002
62b87b4f9a0c4fa8b80b3580 5 0 14.7
62b87b4f9a0c4fa8b80b3580 5 0 14.9
62b87b4f9a0c4fa8b80b3580 5 0 15.0
62b87b4f9a0c4fa8b80b3580 5 0 15.0
62b87b199a0c4fa8b80b354e 5 1 14.200000000000001
62b87b199a0c4fa8b80b354e 5 1 15.1
62b87b199a0c4fa8b80b354e 5 1 15.5
62b87b199a0c4fa8b80b354e 5 1 15.8
62b87b199a0c4fa8b80b354e 5 1 16.0
62b87b099a0c4fa8b80b3538 5 5 15.200000000000001
62b87b099a0c4fa8b80b3538 5 5 16.1
62b87b099a0c4fa8b80b3538 5 5 16.5
62b87b099a0c4fa8b80b3538 5 5 16.8
62b87b099a0c4fa8b80b3538 5 5 17.0
62b87af99a0c4fa8b80b3524 5 5 16.200000000000003
62b87af99a0c4fa8b80b3524 5 5 17.1
62b87af99a0c4fa8b80b3524 5 5 17.5
62b87af99a0c4fa8b80b3524 5 5 17.8
62b87af99a0c4fa8b80b3524 5 5 18.0
62b87af69a0c4fa8b80b351a 5 5 17.200000000000003
62b87af69a0c4fa8b80b351a 5 5 18.1
62b87af69a0c4fa8b80b351a 5 5 18.5
62b87af69a0c4fa8b80b351a 5 5 18.8
62b87af69a0c4fa8b80b351a 5 5 19.0
62b87af19a0c4fa8b80b34f7 5 0 17.200000000000003
62b87af19a0c4fa8b80b34f7 5 0 18.1
62b87af19a0c4fa8b80b34f7 5 0 18.5
62b87af19a0c4fa8b80b34f7 5 0 18.8
62b87af19a0c4fa8b80b34f7 5 0 19.0
62b87af09a0c4fa8b80b34f1 5 0 17.200000000000003
62b87af09a0c4fa8b80b34f1 5 0 18.1
62b87af09a0c4fa8b80b34f1 5 0 18.5
62b87af09a0c4fa8b80b34f1 5 0 18.8
62b87af09a0c4fa8b80b34f1 5 0 19.0
62b86aa3b4d922cb0e688d36 5 0 17.200000000000003
62b86aa3b4d922cb0e688d36 5 0 18.1
62b86aa3b4d922cb0e688d36 5 0 18.5
62b86aa3b4d922cb0e688d36 5 0 18.8
62b86aa3b4d922cb0e688d36 5 0 19.0
62b86a9eb4d922cb0e688d25 5 0 17.200000000000003
62b86a9eb4d922cb0e688d25 5 0 18.1
62b86a9eb4d922cb0e688d25 5 0 18.5
62b86a9eb4d922cb0e688d25 5 0 18.8
62b86a9eb4d922cb0e688d25 5 0 19.0
62b86a4fb4d922cb0e688cf8 5 0 17.200000000000003
62b86a4fb4d922cb0e688cf8 5 0 18.1
62b86a4fb4d922cb0e688cf8 5 0 18.5
62b86a4fb4d922cb0e688cf8 5 0 18.8
62b86a4fb4d922cb0e688cf8 5 0 19.0
62b86a4fb4d922cb0e688cf7 5 0 17.200000000000003
62b86a4fb4d922cb0e688cf7 5 0 18.1
62b86a4fb4d922cb0e688cf7 5 0 18.5
62b86a4fb4d922cb0e688cf7 5 0 18.8
62b86a4fb4d922cb0e688cf7 5 0 19.0
62b86a01b4d922cb0e688ccc 5 0 17.200000000000003
62b86a01b4d922cb0e688ccc 5 0 18.1
62b86a01b4d922cb0e688ccc 5 0 18.5
62b86a01b4d922cb0e688ccc 5 0 18.8
62b86a01b4d922cb0e688ccc 5 0 19.0
62b869ebb4d922cb0e688cc6 5 1 17.400000000000002
62b869ebb4d922cb0e688cc6 5 1 18.5
62b869ebb4d922cb0e688cc6 5 1 19.1
62b869ebb4d922cb0e688cc6 5 1 19.6
62b869ebb4d922cb0e688cc6 5 1 20.0
62b869eab4d922cb0e688cc5 5 3 18.000000000000004
62b869eab4d922cb0e688cc5 5 3 19.4
62b869eab4d922cb0e688cc5 5 3 20.1
62b869eab4d922cb0e688cc5 5 3 20.6
62b869eab4d922cb0e688cc5 5 3 21.0
62b869eab4d922cb0e688cbf 5 1 18.200000000000003
62b869eab4d922cb0e688cbf 5 1 19.799999999999997
62b869eab4d922cb0e688cbf 5 1 20.700000000000003
62b869eab4d922cb0e688cbf 5 1 21.400000000000002
62b869eab4d922cb0e688cbf 5 1 22.0
62b43427903eeb48555d3ea5 5 0 18.200000000000003
62b43427903eeb48555d3ea5 5 0 19.799999999999997
62b43427903eeb48555d3ea5 5 0 20.700000000000003
62b43427903eeb48555d3ea5 5 0 21.400000000000002
62b43427903eeb48555d3ea5 5 0 22.0
62b43428903eeb48555d3eaa 5 0 18.200000000000003
62b43428903eeb48555d3eaa 5 0 19.799999999999997
62b43428903eeb48555d3eaa 5 0 20.700000000000003
62b43428903eeb48555d3eaa 5 0 21.400000000000002
62b43428903eeb48555d3eaa 5 0 22.0
62b45df05108cfac7f2109ce 5 0 18.200000000000003
62b45df05108cfac7f2109ce 5 0 19.799999999999997
62b45df05108cfac7f2109ce 5 0 20.700000000000003
62b45df05108cfac7f2109ce 5 0 21.400000000000002
62b45df05108cfac7f2109ce 5 0 22.0
62b45df15108cfac7f2109dc 5 0 18.200000000000003
62b45df15108cfac7f2109dc 5 0 19.799999999999997
62b45df15108cfac7f2109dc 5 0 20.700000000000003
62b45df15108cfac7f2109dc 5 0 21.400000000000002
62b45df15108cfac7f2109dc 5 0 22.0
62b45df15108cfac7f2109dd 5 0 18.200000000000003
62b45df15108cfac7f2109dd 5 0 19.799999999999997
62b45df15108cfac7f2109dd 5 0 20.700000000000003
62b45df15108cfac7f2109dd 5 0 21.400000000000002
62b45df15108cfac7f2109dd 5 0 22.0
62b45e135108cfac7f2109f4 5 5 19.200000000000003
62b45e135108cfac7f2109f4 5 5 20.799999999999997
62b45e135108cfac7f2109f4 5 5 21.700000000000003
62b45e135108cfac7f2109f4 5 5 22.400000000000002
62b45e135108cfac7f2109f4 5 5 23.0
62b45e145108cfac7f210a07 5 0 19.200000000000003
62b45e145108cfac7f210a07 5 0 20.799999999999997
62b45e145108cfac7f210a07 5 0 21.700000000000003
62b45e145108cfac7f210a07 5 0 22.400000000000002
62b45e145108cfac7f210a07 5 0 23.0
62b45e145108cfac7f210a09 5 0 19.200000000000003
62b45e145108cfac7f210a09 5 0 20.799999999999997
62b45e145108cfac7f210a09 5 0 21.700000000000003
62b45e145108cfac7f210a09 5 0 22.400000000000002
62b45e145108cfac7f210a09 5 0 23.0
62b45e165108cfac7f210a16 5 0 19.200000000000003
62b45e165108cfac7f210a16 5 0 20.799999999999997
62b45e165108cfac7f210a16 5 0 21.700000000000003
62b45e165108cfac7f210a16 5 0 22.400000000000002
62b45e165108cfac7f210a16 5 0 23.0
62b45e165108cfac7f210a17 5 0 19.200000000000003
62b45e165108cfac7f210a17 5 0 20.799999999999997
62b45e165108cfac7f210a17 5 0 21.700000000000003
62b45e165108cfac7f210a17 5 0 22.400000000000002
62b45e165108cfac7f210a17 5 0 23.0
62b45e175108cfac7f210a19 5 0 19.200000000000003
62b45e175108cfac7f210a19 5 0 20.799999999999997
62b45e175108cfac7f210a19 5 0 21.700000000000003
62b45e175108cfac7f210a19 5 0 22.400000000000002
62b45e175108cfac7f210a19 5 0 23.0
62b463153879012d19481498 5 0 19.200000000000003
62b463153879012d19481498 5 0 20.799999999999997
62b463153879012d19481498 5 0 21.700000000000003
62b463153879012d19481498 5 0 22.400000000000002
62b463153879012d19481498 5 0 23.0
62b463153879012d1948149a 5 0 19.200000000000003
62b463153879012d1948149a 5 0 20.799999999999997
62b463153879012d1948149a 5 0 21.700000000000003
62b463153879012d1948149a 5 0 22.400000000000002
62b463153879012d1948149a 5 0 23.0
62b463153879012d1948149b 5 0 19.200000000000003
62b463153879012d1948149b 5 0 20.799999999999997
62b463153879012d1948149b 5 0 21.700000000000003
62b463153879012d1948149b 5 0 22.400000000000002
62b463153879012d1948149b 5 0 23.0
62b463153879012d1948149c 5 5 20.200000000000003
62b463153879012d1948149c 5 5 21.799999999999997
62b463153879012d1948149c 5 5 22.700000000000003
62b463153879012d1948149c 5 5 23.400000000000002
62b463153879012d1948149c 5 5 24.0
62b463153879012d1948149d 5 0 20.200000000000003
62b463153879012d1948149d 5 0 21.799999999999997
62b463153879012d1948149d 5 0 22.700000000000003
62b463153879012d1948149d 5 0 23.400000000000002
62b463153879012d1948149d 5 0 24.0
62b463153879012d1948149f 5 0 20.200000000000003
62b463153879012d1948149f 5 0 21.799999999999997
62b463153879012d1948149f 5 0 22.700000000000003
62b463153879012d1948149f 5 0 23.400000000000002
62b463153879012d1948149f 5 0 24.0
62b463153879012d194814a1 5 4 21.000000000000004
62b463153879012d194814a1 5 4 22.799999999999997
62b463153879012d194814a1 5 4 23.700000000000003
62b463153879012d194814a1 5 4 24.400000000000002
62b463153879012d194814a1 5 4 25.0
62b463163879012d194814a2 5 2 21.400000000000002
62b463163879012d194814a2 5 2 23.499999999999996
62b463163879012d194814a2 5 2 24.6
62b463163879012d194814a2 5 2 25.400000000000002
62b463163879012d194814a2 5 2 26.0
62b463163879012d194814a4 5 3 22.000000000000004
62b463163879012d194814a4 5 3 24.399999999999995
62b463163879012d194814a4 5 3 25.6
62b463163879012d194814a4 5 3 26.400000000000002
62b463163879012d194814a4 5 3 27.0
62b463163879012d194814a6 5 4 22.800000000000004
62b463163879012d194814a6 5 4 25.399999999999995
62b463163879012d194814a6 5 4 26.6
62b463163879012d194814a6 5 4 27.400000000000002
62b463163879012d194814a6 5 4 28.0
62b4631b3879012d194814dd 5 0 22.800000000000004
62b4631b3879012d194814dd 5 0 25.399999999999995
62b4631b3879012d194814dd 5 0 26.6
62b4631b3879012d194814dd 5 0 27.400000000000002
62b4631b3879012d194814dd 5 0 28.0
62b463283879012d1948153d 5 5 23.800000000000004
62b463283879012d1948153d 5 5 26.399999999999995
62b463283879012d1948153d 5 5 27.6
62b463283879012d1948153d 5 5 28.400000000000002
62b463283879012d1948153d 5 5 29.0
62b463303879012d19481579 5 0 23.800000000000004
62b463303879012d19481579 5 0 26.399999999999995
62b463303879012d19481579 5 0 27.6
62b463303879012d19481579 5 0 28.400000000000002
62b463303879012d19481579 5 0 29.0
62b46740d2f69a53b466171a 5 2 24.200000000000003
62b46740d2f69a53b466171a 5 2 27.099999999999994
62b46740d2f69a53b466171a 5 2 28.5
62b46740d2f69a53b466171a 5 2 29.400000000000002
62b46740d2f69a53b466171a 5 2 30.0
62b46746d2f69a53b4661722 5 0 24.200000000000003
62b46746d2f69a53b4661722 5 0 27.099999999999994
62b46746d2f69a53b4661722 5 0 28.5
62b46746d2f69a53b4661722 5 0 29.400000000000002
62b46746d2f69a53b4661722 5 0 30.0
62b86707b4d922cb0e688c2a 5 5 25.200000000000003
62b86707b4d922cb0e688c2a 5 5 28.099999999999994
62b86707b4d922cb0e688c2a 5 5 29.5
62b86707b4d922cb0e688c2a 5 5 30.400000000000002
62b86707b4d922cb0e688c2a 5 5 31.0
62b86729b4d922cb0e688c2f 5 0 25.200000000000003
62b86729b4d922cb0e688c2f 5 0 28.099999999999994
62b86729b4d922cb0e688c2f 5 0 29.5
62b86729b4d922cb0e688c2f 5 0 30.400000000000002
62b86729b4d922cb0e688c2f 5 0 31.0
62b8a4a4755ee91dce50a3d2 5 0 25.200000000000003
62b8a4a4755ee91dce50a3d2 5 0 28.099999999999994
62b8a4a4755ee91dce50a3d2 5 0 29.5
62b8a4a4755ee91dce50a3d2 5 0 30.400000000000002
62b8a4a4755ee91dce50a3d2 5 0 31.0
62b8982f755ee91dce50a241 5 5 26.200000000000003
62b8982f755ee91dce50a241 5 5 29.099999999999994
62b8982f755ee91dce50a241 5 5 30.5
62b8982f755ee91dce50a241 5 5 31.400000000000002
62b8982f755ee91dce50a241 5 5 32.0
62b89640755ee91dce50a114 5 2 26.6
62b89640755ee91dce50a114 5 2 29.799999999999994
62b89640755ee91dce50a114 5 2 31.4
62b89640755ee91dce50a114 5 2 32.400000000000006
62b89640755ee91dce50a114 5 2 33.0
62b87d24d292efb640a55670 5 0 26.6
62b87d24d292efb640a55670 5 0 29.799999999999994
62b87d24d292efb640a55670 5 0 31.4
62b87d24d292efb640a55670 5 0 32.400000000000006
62b87d24d292efb640a55670 5 0 33.0
62b87d24d292efb640a5566f 5 0 26.6
62b87d24d292efb640a5566f 5 0 29.799999999999994
62b87d24d292efb640a5566f 5 0 31.4
62b87d24d292efb640a5566f 5 0 32.400000000000006
62b87d24d292efb640a5566f 5 0 33.0
62b87d24d292efb640a5566d 5 0 26.6
62b87d24d292efb640a5566d 5 0 29.799999999999994
62b87d24d292efb640a5566d 5 0 31.4
62b87d24d292efb640a5566d 5 0 32.400000000000006
62b87d24d292efb640a5566d 5 0 33.0
62b87d23d292efb640a5566b 5 0 26.6
62b87d23d292efb640a5566b 5 0 29.799999999999994
62b87d23d292efb640a5566b 5 0 31.4
62b87d23d292efb640a5566b 5 0 32.400000000000006
62b87d23d292efb640a5566b 5 0 33.0
62b87d23d292efb640a55668 5 0 26.6
62b87d23d292efb640a55668 5 0 29.799999999999994
62b87d23d292efb640a55668 5 0 31.4
62b87d23d292efb640a55668 5 0 32.400000000000006
62b87d23d292efb640a55668 5 0 33.0
62b87d23d292efb640a55667 5 0 26.6
62b87d23d292efb640a55667 5 0 29.799999999999994
62b87d23d292efb640a55667 5 0 31.4
62b87d23d292efb640a55667 5 0 32.400000000000006
62b87d23d292efb640a55667 5 0 33.0
62b45e945108cfac7f210a4a 5 0 26.6
62b45e945108cfac7f210a4a 5 0 29.799999999999994
62b45e945108cfac7f210a4a 5 0 31.4
62b45e945108cfac7f210a4a 5 0 32.400000000000006
62b45e945108cfac7f210a4a 5 0 33.0
62b45e515108cfac7f210a3c 5 0 26.6
62b45e515108cfac7f210a3c 5 0 29.799999999999994
62b45e515108cfac7f210a3c 5 0 31.4
62b45e515108cfac7f210a3c 5 0 32.400000000000006
62b45e515108cfac7f210a3c 5 0 33.0
62b45e2eb89c9fd354170232 5 0 26.6
62b45e2eb89c9fd354170232 5 0 29.799999999999994
62b45e2eb89c9fd354170232 5 0 31.4
62b45e2eb89c9fd354170232 5 0 32.400000000000006
62b45e2eb89c9fd354170232 5 0 33.0
62b45e23e0d4551b0392c90a 5 0 26.6
62b45e23e0d4551b0392c90a 5 0 29.799999999999994
62b45e23e0d4551b0392c90a 5 0 31.4
62b45e23e0d4551b0392c90a 5 0 32.400000000000006
62b45e23e0d4551b0392c90a 5 0 33.0
62b45e21e0d4551b0392c8ed 5 0 26.6
62b45e21e0d4551b0392c8ed 5 0 29.799999999999994
62b45e21e0d4551b0392c8ed 5 0 31.4
62b45e21e0d4551b0392c8ed 5 0 32.400000000000006
62b45e21e0d4551b0392c8ed 5 0 33.0
62b45b396decaeff903e1001 5 0 26.6
62b45b396decaeff903e1001 5 0 29.799999999999994
62b45b396decaeff903e1001 5 0 31.4
62b45b396decaeff903e1001 5 0 32.400000000000006
62b45b396decaeff903e1001 5 0 33.0
62b4567ed7d32e5b55cc83d9 5 0 26.6
62b4567ed7d32e5b55cc83d9 5 0 29.799999999999994
62b4567ed7d32e5b55cc83d9 5 0 31.4
62b4567ed7d32e5b55cc83d9 5 0 32.400000000000006
62b4567ed7d32e5b55cc83d9 5 0 33.0
62b4567ad7d32e5b55cc83af 5 0 26.6
62b4567ad7d32e5b55cc83af 5 0 29.799999999999994
62b4567ad7d32e5b55cc83af 5 0 31.4
62b4567ad7d32e5b55cc83af 5 0 32.400000000000006
62b4567ad7d32e5b55cc83af 5 0 33.0
62b45679d7d32e5b55cc83a9 5 4 27.400000000000002
62b45679d7d32e5b55cc83a9 5 4 30.799999999999994
62b45679d7d32e5b55cc83a9 5 4 32.4
62b45679d7d32e5b55cc83a9 5 4 33.400000000000006
62b45679d7d32e5b55cc83a9 5 4 34.0
62b45665d7d32e5b55cc8365 5 0 27.400000000000002
62b45665d7d32e5b55cc8365 5 0 30.799999999999994
62b45665d7d32e5b55cc8365 5 0 32.4
62b45665d7d32e5b55cc8365 5 0 33.400000000000006
62b45665d7d32e5b55cc8365 5 0 34.0
62b45665d7d32e5b55cc8364 5 0 27.400000000000002
62b45665d7d32e5b55cc8364 5 0 30.799999999999994
62b45665d7d32e5b55cc8364 5 0 32.4
62b45665d7d32e5b55cc8364 5 0 33.400000000000006
62b45665d7d32e5b55cc8364 5 0 34.0
62b45665d7d32e5b55cc8363 5 0 27.400000000000002
62b45665d7d32e5b55cc8363 5 0 30.799999999999994
62b45665d7d32e5b55cc8363 5 0 32.4
62b45665d7d32e5b55cc8363 5 0 33.400000000000006
62b45665d7d32e5b55cc8363 5 0 34.0
62b438ba66fea644fe22cca2 5 3 28.000000000000004
62b438ba66fea644fe22cca2 5 3 31.699999999999992
62b438ba66fea644fe22cca2 5 3 33.4
62b438ba66fea644fe22cca2 5 3 34.400000000000006
62b438ba66fea644fe22cca2 5 3 35.0
62b438b666fea644fe22cc78 5 0 28.000000000000004
62b438b666fea644fe22cc78 5 0 31.699999999999992
62b438b666fea644fe22cc78 5 0 33.4
62b438b666fea644fe22cc78 5 0 34.400000000000006
62b438b666fea644fe22cc78 5 0 35.0
62b438b666fea644fe22cc72 5 4 28.800000000000004
62b438b666fea644fe22cc72 5 4 32.69999999999999
62b438b666fea644fe22cc72 5 4 34.4
62b438b666fea644fe22cc72 5 4 35.400000000000006
62b438b666fea644fe22cc72 5 4 36.0
62b438b566fea644fe22cc70 5 0 28.800000000000004
62b438b566fea644fe22cc70 5 0 32.69999999999999
62b438b566fea644fe22cc70 5 0 34.4
62b438b566fea644fe22cc70 5 0 35.400000000000006
62b438b566fea644fe22cc70 5 0 36.0
62b438a266fea644fe22cc2e 5 0 28.800000000000004
62b438a266fea644fe22cc2e 5 0 32.69999999999999
62b438a266fea644fe22cc2e 5 0 34.4
62b438a266fea644fe22cc2e 5 0 35.400000000000006
62b438a266fea644fe22cc2e 5 0 36.0
62b438a266fea644fe22cc2d 5 0 28.800000000000004
62b438a266fea644fe22cc2d 5 0 32.69999999999999
62b438a266fea644fe22cc2d 5 0 34.4
62b438a266fea644fe22cc2d 5 0 35.400000000000006
62b438a266fea644fe22cc2d 5 0 36.0
62b438a266fea644fe22cc2c 5 5 29.800000000000004
62b438a266fea644fe22cc2c 5 5 33.69999999999999
62b438a266fea644fe22cc2c 5 5 35.4
62b438a266fea644fe22cc2c 5 5 36.400000000000006
62b438a266fea644fe22cc2c 5 5 37.0
62ece4982e6aefcf4aabbd5f 5 5 30.800000000000004
62ece4982e6aefcf4aabbd5f 5 5 34.69999999999999
62ece4982e6aefcf4aabbd5f 5 5 36.4
62ece4982e6aefcf4aabbd5f 5 5 37.400000000000006
62ece4982e6aefcf4aabbd5f 5 5 38.0
62ece4982e6aefcf4aabbd60 5 2 31.200000000000003
62ece4982e6aefcf4aabbd60 5 2 35.39999999999999
62ece4982e6aefcf4aabbd60 5 2 37.3
62ece4982e6aefcf4aabbd60 5 2 38.400000000000006
62ece4982e6aefcf4aabbd60 5 2 39.0
62ece4982e6aefcf4aabbd61 5 5 32.2
62ece4982e6aefcf4aabbd61 5 5 36.39999999999999
62ece4982e6aefcf4aabbd61 5 5 38.3
62ece4982e6aefcf4aabbd61 5 5 39.400000000000006
62ece4982e6aefcf4aabbd61 5 5 40.0
62ece4982e6aefcf4aabbd62 5 0 32.2
62ece4982e6aefcf4aabbd62 5 0 36.39999999999999
62ece4982e6aefcf4aabbd62 5 0 38.3
62ece4982e6aefcf4aabbd62 5 0 39.400000000000006
62ece4982e6aefcf4aabbd62 5 0 40.0
62ece4982e6aefcf4aabbd63 5 0 32.2
62ece4982e6aefcf4aabbd63 5 0 36.39999999999999
62ece4982e6aefcf4aabbd63 5 0 38.3
62ece4982e6aefcf4aabbd63 5 0 39.400000000000006
62ece4982e6aefcf4aabbd63 5 0 40.0
62ece4982e6aefcf4aabbd65 5 5 33.2
62ece4982e6aefcf4aabbd65 5 5 37.39999999999999
62ece4982e6aefcf4aabbd65 5 5 39.3
62ece4982e6aefcf4aabbd65 5 5 40.400000000000006
62ece4982e6aefcf4aabbd65 5 5 41.0
62ece4982e6aefcf4aabbd66 5 0 33.2
62ece4982e6aefcf4aabbd66 5 0 37.39999999999999
62ece4982e6aefcf4aabbd66 5 0 39.3
62ece4982e6aefcf4aabbd66 5 0 40.400000000000006
62ece4982e6aefcf4aabbd66 5 0 41.0
62ece4982e6aefcf4aabbd67 5 5 34.2
62ece4982e6aefcf4aabbd67 5 5 38.39999999999999
62ece4982e6aefcf4aabbd67 5 5 40.3
62ece4982e6aefcf4aabbd67 5 5 41.400000000000006
62ece4982e6aefcf4aabbd67 5 5 42.0
62ece4982e6aefcf4aabbd68 5 0 34.2
62ece4982e6aefcf4aabbd68 5 0 38.39999999999999
62ece4982e6aefcf4aabbd68 5 0 40.3
62ece4982e6aefcf4aabbd68 5 0 41.400000000000006
62ece4982e6aefcf4aabbd68 5 0 42.0
62ece4982e6aefcf4aabbd69 5 0 34.2
62ece4982e6aefcf4aabbd69 5 0 38.39999999999999
62ece4982e6aefcf4aabbd69 5 0 40.3
62ece4982e6aefcf4aabbd69 5 0 41.400000000000006
62ece4982e6aefcf4aabbd69 5 0 42.0
62ece4982e6aefcf4aabbd6a 5 5 35.2
62ece4982e6aefcf4aabbd6a 5 5 39.39999999999999
62ece4982e6aefcf4aabbd6a 5 5 41.3
62ece4982e6aefcf4aabbd6a 5 5 42.400000000000006
62ece4982e6aefcf4aabbd6a 5 5 43.0
62ece4982e6aefcf4aabbd6b 5 0 35.2
62ece4982e6aefcf4aabbd6b 5 0 39.39999999999999
62ece4982e6aefcf4aabbd6b 5 0 41.3
62ece4982e6aefcf4aabbd6b 5 0 42.400000000000006
62ece4982e6aefcf4aabbd6b 5 0 43.0
62ece4982e6aefcf4aabbd6d 5 0 35.2
62ece4982e6aefcf4aabbd6d 5 0 39.39999999999999
62ece4982e6aefcf4aabbd6d 5 0 41.3
62ece4982e6aefcf4aabbd6d 5 0 42.400000000000006
62ece4982e6aefcf4aabbd6d 5 0 43.0
62ece4982e6aefcf4aabbd6f 5 0 35.2
62ece4982e6aefcf4aabbd6f 5 0 39.39999999999999
62ece4982e6aefcf4aabbd6f 5 0 41.3
62ece4982e6aefcf4aabbd6f 5 0 42.400000000000006
62ece4982e6aefcf4aabbd6f 5 0 43.0
62ece4982e6aefcf4aabbd70 5 4 36.0
62ece4982e6aefcf4aabbd70 5 4 40.39999999999999
62ece4982e6aefcf4aabbd70 5 4 42.3
62ece4982e6aefcf4aabbd70 5 4 43.400000000000006
62ece4982e6aefcf4aabbd70 5 4 44.0
62ece4982e6aefcf4aabbd71 5 0 36.0
62ece4982e6aefcf4aabbd71 5 0 40.39999999999999
62ece4982e6aefcf4aabbd71 5 0 42.3
62ece4982e6aefcf4aabbd71 5 0 43.400000000000006
62ece4982e6aefcf4aabbd71 5 0 44.0
62ece4982e6aefcf4aabbd72 5 0 36.0
62ece4982e6aefcf4aabbd72 5 0 40.39999999999999
62ece4982e6aefcf4aabbd72 5 0 42.3
62ece4982e6aefcf4aabbd72 5 0 43.400000000000006
62ece4982e6aefcf4aabbd72 5 0 44.0
62ece4982e6aefcf4aabbd73 5 2 36.4
62ece4982e6aefcf4aabbd73 5 2 41.099999999999994
62ece4982e6aefcf4aabbd73 5 2 43.199999999999996
62ece4982e6aefcf4aabbd73 5 2 44.400000000000006
62ece4982e6aefcf4aabbd73 5 2 45.0
62ece4982e6aefcf4aabbd74 5 0 36.4
62ece4982e6aefcf4aabbd74 5 0 41.099999999999994
62ece4982e6aefcf4aabbd74 5 0 43.199999999999996
62ece4982e6aefcf4aabbd74 5 0 44.400000000000006
62ece4982e6aefcf4aabbd74 5 0 45.0
62ece4982e6aefcf4aabbd75 5 0 36.4
62ece4982e6aefcf4aabbd75 5 0 41.099999999999994
62ece4982e6aefcf4aabbd75 5 0 43.199999999999996
62ece4982e6aefcf4aabbd75 5 0 44.400000000000006
62ece4982e6aefcf4aabbd75 5 0 45.0
62ece4982e6aefcf4aabbd76 5 0 36.4
62ece4982e6aefcf4aabbd76 5 0 41.099999999999994
62ece4982e6aefcf4aabbd76 5 0 43.199999999999996
62ece4982e6aefcf4aabbd76 5 0 44.400000000000006
62ece4982e6aefcf4aabbd76 5 0 45.0
62ece4982e6aefcf4aabbd77 5 0 36.4
62ece4982e6aefcf4aabbd77 5 0 41.099999999999994
62ece4982e6aefcf4aabbd77 5 0 43.199999999999996
62ece4982e6aefcf4aabbd77 5 0 44.400000000000006
62ece4982e6aefcf4aabbd77 5 0 45.0
62ece4992e6aefcf4aabbd78 5 0 36.4
62ece4992e6aefcf4aabbd78 5 0 41.099999999999994
62ece4992e6aefcf4aabbd78 5 0 43.199999999999996
62ece4992e6aefcf4aabbd78 5 0 44.400000000000006
62ece4992e6aefcf4aabbd78 5 0 45.0
62ece4992e6aefcf4aabbd79 5 0 36.4
62ece4992e6aefcf4aabbd79 5 0 41.099999999999994
62ece4992e6aefcf4aabbd79 5 0 43.199999999999996
62ece4992e6aefcf4aabbd79 5 0 44.400000000000006
62ece4992e6aefcf4aabbd79 5 0 45.0
62ece4992e6aefcf4aabbd7a 5 5 37.4
62ece4992e6aefcf4aabbd7a 5 5 42.099999999999994
62ece4992e6aefcf4aabbd7a 5 5 44.199999999999996
62ece4992e6aefcf4aabbd7a 5 5 45.400000000000006
62ece4992e6aefcf4aabbd7a 5 5 46.0
62ece4992e6aefcf4aabbd7b 5 0 37.4
62ece4992e6aefcf4aabbd7b 5 0 42.099999999999994
62ece4992e6aefcf4aabbd7b 5 0 44.199999999999996
62ece4992e6aefcf4aabbd7b 5 0 45.400000000000006
62ece4992e6aefcf4aabbd7b 5 0 46.0
62ece4992e6aefcf4aabbd7c 5 5 38.4
62ece4992e6aefcf4aabbd7c 5 5 43.099999999999994
62ece4992e6aefcf4aabbd7c 5 5 45.199999999999996
62ece4992e6aefcf4aabbd7c 5 5 46.400000000000006
62ece4992e6aefcf4aabbd7c 5 5 47.0
62ece4992e6aefcf4aabbd7d 5 5 39.4
62ece4992e6aefcf4aabbd7d 5 5 44.099999999999994
62ece4992e6aefcf4aabbd7d 5 5 46.199999999999996
62ece4992e6aefcf4aabbd7d 5 5 47.400000000000006
62ece4992e6aefcf4aabbd7d 5 5 48.0
62ece4992e6aefcf4aabbd7e 5 0 39.4
62ece4992e6aefcf4aabbd7e 5 0 44.099999999999994
62ece4992e6aefcf4aabbd7e 5 0 46.199999999999996
62ece4992e6aefcf4aabbd7e 5 0 47.400000000000006
62ece4992e6aefcf4aabbd7e 5 0 48.0
62ece4992e6aefcf4aabbd7f 5 5 40.4
62ece4992e6aefcf4aabbd7f 5 5 45.099999999999994
62ece4992e6aefcf4aabbd7f 5 5 47.199999999999996
62ece4992e6aefcf4aabbd7f 5 5 48.400000000000006
62ece4992e6aefcf4aabbd7f 5 5 49.0
62ece4992e6aefcf4aabbd80 5 5 41.4
62ece4992e6aefcf4aabbd80 5 5 46.099999999999994
62ece4992e6aefcf4aabbd80 5 5 48.199999999999996
62ece4992e6aefcf4aabbd80 5 5 49.400000000000006
62ece4992e6aefcf4aabbd80 5 5 50.0
62ece4992e6aefcf4aabbd82 5 5 42.4
62ece4992e6aefcf4aabbd82 5 5 47.099999999999994
62ece4992e6aefcf4aabbd82 5 5 49.199999999999996
62ece4992e6aefcf4aabbd82 5 5 50.400000000000006
62ece4992e6aefcf4aabbd82 5 5 51.0
62ece4992e6aefcf4aabbd83 5 0 42.4
62ece4992e6aefcf4aabbd83 5 0 47.099999999999994
62ece4992e6aefcf4aabbd83 5 0 49.199999999999996
62ece4992e6aefcf4aabbd83 5 0 50.400000000000006
62ece4992e6aefcf4aabbd83 5 0 51.0
62ece4992e6aefcf4aabbd84 5 5 43.4
62ece4992e6aefcf4aabbd84 5 5 48.099999999999994
62ece4992e6aefcf4aabbd84 5 5 50.199999999999996
62ece4992e6aefcf4aabbd84 5 5 51.400000000000006
62ece4992e6aefcf4aabbd84 5 5 52.0
62ece4992e6aefcf4aabbd85 5 5 44.4
62ece4992e6aefcf4aabbd85 5 5 49.099999999999994
62ece4992e6aefcf4aabbd85 5 5 51.199999999999996
62ece4992e6aefcf4aabbd85 5 5 52.400000000000006
62ece4992e6aefcf4aabbd85 5 5 53.0
62ece4992e6aefcf4aabbd86 5 2 44.8
62ece4992e6aefcf4aabbd86 5 2 49.8
62ece4992e6aefcf4aabbd86 5 2 52.099999999999994
62ece4992e6aefcf4aabbd86 5 2 53.400000000000006
62ece4992e6aefcf4aabbd86 5 2 54.0
62ece4992e6aefcf4aabbd87 5 0 44.8
62ece4992e6aefcf4aabbd87 5 0 49.8
62ece4992e6aefcf4aabbd87 5 0 52.099999999999994
62ece4992e6aefcf4aabbd87 5 0 53.400000000000006
62ece4992e6aefcf4aabbd87 5 0 54.0
62ece4992e6aefcf4aabbd88 5 0 44.8
62ece4992e6aefcf4aabbd88 5 0 49.8
62ece4992e6aefcf4aabbd88 5 0 52.099999999999994
62ece4992e6aefcf4aabbd88 5 0 53.400000000000006
62ece4992e6aefcf4aabbd88 5 0 54.0
62ece4992e6aefcf4aabbd89 5 1 45.0
62ece4992e6aefcf4aabbd89 5 1 50.199999999999996
62ece4992e6aefcf4aabbd89 5 1 52.699999999999996
62ece4992e6aefcf4aabbd89 5 1 54.2
62ece4992e6aefcf4aabbd89 5 1 55.0
62ece4992e6aefcf4aabbd8a 5 5 46.0
62ece4992e6aefcf4aabbd8a 5 5 51.199999999999996
62ece4992e6aefcf4aabbd8a 5 5 53.699999999999996
62ece4992e6aefcf4aabbd8a 5 5 55.2
62ece4992e6aefcf4aabbd8a 5 5 56.0
62ece4992e6aefcf4aabbd8b 5 0 46.0
62ece4992e6aefcf4aabbd8b 5 0 51.199999999999996
62ece4992e6aefcf4aabbd8b 5 0 53.699999999999996
62ece4992e6aefcf4aabbd8b 5 0 55.2
62ece4992e6aefcf4aabbd8b 5 0 56.0
62e60723d76274f8a4026b76 5 2 46.4
62e60723d76274f8a4026b76 5 2 51.9
62e60723d76274f8a4026b76 5 2 54.599999999999994
62e60723d76274f8a4026b76 5 2 56.2
62e60723d76274f8a4026b76 5 2 57.0
62e60873d76274f8a4026bd8 5 0 46.4
62e60873d76274f8a4026bd8 5 0 51.9
62e60873d76274f8a4026bd8 5 0 54.599999999999994
62e60873d76274f8a4026bd8 5 0 56.2
62e60873d76274f8a4026bd8 5 0 57.0
62e60e3bd76274f8a4026d1a 5 0 46.4
62e60e3bd76274f8a4026d1a 5 0 51.9
62e60e3bd76274f8a4026d1a 5 0 54.599999999999994
62e60e3bd76274f8a4026d1a 5 0 56.2
62e60e3bd76274f8a4026d1a 5 0 57.0
62b87b199a0c4fa8b80b354c 5 0 46.4
62b87b199a0c4fa8b80b354c 5 0 51.9
62b87b199a0c4fa8b80b354c 5 0 54.599999999999994
62b87b199a0c4fa8b80b354c 5 0 56.2
62b87b199a0c4fa8b80b354c 5 0 57.0
62b87b4f9a0c4fa8b80b3581 5 0 46.4
62b87b4f9a0c4fa8b80b3581 5 0 51.9
62b87b4f9a0c4fa8b80b3581 5 0 54.599999999999994
62b87b4f9a0c4fa8b80b3581 5 0 56.2
62b87b4f9a0c4fa8b80b3581 5 0 57.0
62b87b519a0c4fa8b80b3583 5 0 46.4
62b87b519a0c4fa8b80b3583 5 0 51.9
62b87b519a0c4fa8b80b3583 5 0 54.599999999999994
62b87b519a0c4fa8b80b3583 5 0 56.2
62b87b519a0c4fa8b80b3583 5 0 57.0
62b87b869a0c4fa8b80b35e1 5 0 46.4
62b87b869a0c4fa8b80b35e1 5 0 51.9
62b87b869a0c4fa8b80b35e1 5 0 54.599999999999994
62b87b869a0c4fa8b80b35e1 5 0 56.2
62b87b869a0c4fa8b80b35e1 5 0 57.0
62b8b4baeb7e40a82d2d1136 5 5 47.4
62b8b4baeb7e40a82d2d1136 5 5 52.9
62b8b4baeb7e40a82d2d1136 5 5 55.599999999999994
62b8b4baeb7e40a82d2d1136 5 5 57.2
62b8b4baeb7e40a82d2d1136 5 5 58.0
62b8b4baeb7e40a82d2d1137 5 5 48.4
62b8b4baeb7e40a82d2d1137 5 5 53.9
62b8b4baeb7e40a82d2d1137 5 5 56.599999999999994
62b8b4baeb7e40a82d2d1137 5 5 58.2
62b8b4baeb7e40a82d2d1137 5 5 59.0
62b8b4c1eb7e40a82d2d1139 5 5 49.4
62b8b4c1eb7e40a82d2d1139 5 5 54.9
62b8b4c1eb7e40a82d2d1139 5 5 57.599999999999994
62b8b4c1eb7e40a82d2d1139 5 5 59.2
62b8b4c1eb7e40a82d2d1139 5 5 60.0
62b8b559eb7e40a82d2d11f6 5 5 50.4
62b8b559eb7e40a82d2d11f6 5 5 55.9
62b8b559eb7e40a82d2d11f6 5 5 58.599999999999994
62b8b559eb7e40a82d2d11f6 5 5 60.2
62b8b559eb7e40a82d2d11f6 5 5 61.0
62b8d22a48ba5a41d1c3f47d 5 0 50.4
62b8d22a48ba5a41d1c3f47d 5 0 55.9
62b8d22a48ba5a41d1c3f47d 5 0 58.599999999999994
62b8d22a48ba5a41d1c3f47d 5 0 60.2
62b8d22a48ba5a41d1c3f47d 5 0 61.0
62b8d23748ba5a41d1c3f497 5 0 50.4
62b8d23748ba5a41d1c3f497 5 0 55.9
62b8d23748ba5a41d1c3f497 5 0 58.599999999999994
62b8d23748ba5a41d1c3f497 5 0 60.2
62b8d23748ba5a41d1c3f497 5 0 61.0
62b8d23a48ba5a41d1c3f499 5 3 51.0
62b8d23a48ba5a41d1c3f499 5 3 56.8
62b8d23a48ba5a41d1c3f499 5 3 59.599999999999994
62b8d23a48ba5a41d1c3f499 5 3 61.2
62b8d23a48ba5a41d1c3f499 5 3 62.0
62b8d23c48ba5a41d1c3f49b 5 0 51.0
62b8d23c48ba5a41d1c3f49b 5 0 56.8
62b8d23c48ba5a41d1c3f49b 5 0 59.599999999999994
62b8d23c48ba5a41d1c3f49b 5 0 61.2
62b8d23c48ba5a41d1c3f49b 5 0 62.0
62b8d23e48ba5a41d1c3f49e 5 5 52.0
62b8d23e48ba5a41d1c3f49e 5 5 57.8
62b8d23e48ba5a41d1c3f49e 5 5 60.599999999999994
62b8d23e48ba5a41d1c3f49e 5 5 62.2
62b8d23e48ba5a41d1c3f49e 5 5 63.0
62b43425903eeb48555d3ea1 5 0 52.0
62b43425903eeb48555d3ea1 5 0 57.8
62b43425903eeb48555d3ea1 5 0 60.599999999999994
62b43425903eeb48555d3ea1 5 0 62.2
62b43425903eeb48555d3ea1 5 0 63.0
62b43426903eeb48555d3ea2 5 0 52.0
62b43426903eeb48555d3ea2 5 0 57.8
62b43426903eeb48555d3ea2 5 0 60.599999999999994
62b43426903eeb48555d3ea2 5 0 62.2
62b43426903eeb48555d3ea2 5 0 63.0
62b8966c755ee91dce50a154 5 0 52.0
62b8966c755ee91dce50a154 5 0 57.8
62b8966c755ee91dce50a154 5 0 60.599999999999994
62b8966c755ee91dce50a154 5 0 62.2
62b8966c755ee91dce50a154 5 0 63.0
62b896de755ee91dce50a183 5 0 52.0
62b896de755ee91dce50a183 5 0 57.8
62b896de755ee91dce50a183 5 0 60.599999999999994
62b896de755ee91dce50a183 5 0 62.2
62b896de755ee91dce50a183 5 0 63.0
62b8a4a4755ee91dce50a3d3 5 4 52.8
62b8a4a4755ee91dce50a3d3 5 4 58.8
62b8a4a4755ee91dce50a3d3 5 4 61.599999999999994
62b8a4a4755ee91dce50a3d3 5 4 63.2
62b8a4a4755ee91dce50a3d3 5 4 64.0
62b8a7b2755ee91dce50a4a7 5 2 53.199999999999996
62b8a7b2755ee91dce50a4a7 5 2 59.5
62b8a7b2755ee91dce50a4a7 5 2 62.49999999999999
62b8a7b2755ee91dce50a4a7 5 2 64.2
62b8a7b2755ee91dce50a4a7 5 2 65.0
6305f9991d275c6667163c50 5 5 54.199999999999996
6305f9991d275c6667163c50 5 5 60.5
6305f9991d275c6667163c50 5 5 63.49999999999999
6305f9991d275c6667163c50 5 5 65.2
6305f9991d275c6667163c50 5 5 66.0
6306292052e177c0ba469f09 5 0 54.199999999999996
6306292052e177c0ba469f09 5 0 60.5
6306292052e177c0ba469f09 5 0 63.49999999999999
6306292052e177c0ba469f09 5 0 65.2
6306292052e177c0ba469f09 5 0 66.0
6306292152e177c0ba469f0d 5 0 54.199999999999996
6306292152e177c0ba469f0d 5 0 60.5
6306292152e177c0ba469f0d 5 0 63.49999999999999
6306292152e177c0ba469f0d 5 0 65.2
6306292152e177c0ba469f0d 5 0 66.0
6306292252e177c0ba469f11 5 5 55.199999999999996
6306292252e177c0ba469f11 5 5 61.5
6306292252e177c0ba469f11 5 5 64.5
6306292252e177c0ba469f11 5 5 66.2
6306292252e177c0ba469f11 5 5 67.0
6306292352e177c0ba469f1d 5 0 55.199999999999996
6306292352e177c0ba469f1d 5 0 61.5
6306292352e177c0ba469f1d 5 0 64.5
6306292352e177c0ba469f1d 5 0 66.2
6306292352e177c0ba469f1d 5 0 67.0
6306292352e177c0ba469f1e 5 0 55.199999999999996
6306292352e177c0ba469f1e 5 0 61.5
6306292352e177c0ba469f1e 5 0 64.5
6306292352e177c0ba469f1e 5 0 66.2
6306292352e177c0ba469f1e 5 0 67.0
6306292652e177c0ba469f34 5 0 55.199999999999996
6306292652e177c0ba469f34 5 0 61.5
6306292652e177c0ba469f34 5 0 64.5
6306292652e177c0ba469f34 5 0 66.2
6306292652e177c0ba469f34 5 0 67.0
6306292a52e177c0ba469f41 5 0 55.199999999999996
6306292a52e177c0ba469f41 5 0 61.5
6306292a52e177c0ba469f41 5 0 64.5
6306292a52e177c0ba469f41 5 0 66.2
6306292a52e177c0ba469f41 5 0 67.0
6306298b52e177c0ba469fdc 5 5 56.199999999999996
6306298b52e177c0ba469fdc 5 5 62.5
6306298b52e177c0ba469fdc 5 5 65.5
6306298b52e177c0ba469fdc 5 5 67.2
6306298b52e177c0ba469fdc 5 5 68.0
6306299052e177c0ba469fe8 5 4 56.99999999999999
6306299052e177c0ba469fe8 5 4 63.5
6306299052e177c0ba469fe8 5 4 66.5
6306299052e177c0ba469fe8 5 4 68.2
6306299052e177c0ba469fe8 5 4 69.0
630629b952e177c0ba46a043 5 0 56.99999999999999
630629b952e177c0ba46a043 5 0 63.5
630629b952e177c0ba46a043 5 0 66.5
630629b952e177c0ba46a043 5 0 68.2
630629b952e177c0ba46a043 5 0 69.0
630629d052e177c0ba46a0a1 5 0 56.99999999999999
630629d052e177c0ba46a0a1 5 0 63.5
630629d052e177c0ba46a0a1 5 0 66.5
630629d052e177c0ba46a0a1 5 0 68.2
630629d052e177c0ba46a0a1 5 0 69.0
630629e052e177c0ba46a0c4 5 0 56.99999999999999
630629e052e177c0ba46a0c4 5 0 63.5
630629e052e177c0ba46a0c4 5 0 66.5
630629e052e177c0ba46a0c4 5 0 68.2
630629e052e177c0ba46a0c4 5 0 69.0
630629e152e177c0ba46a0d1 5 5 57.99999999999999
630629e152e177c0ba46a0d1 5 5 64.5
630629e152e177c0ba46a0d1 5 5 67.5
630629e152e177c0ba46a0d1 5 5 69.2
630629e152e177c0ba46a0d1 5 5 70.0
630629e152e177c0ba46a0d2 5 0 57.99999999999999
630629e152e177c0ba46a0d2 5 0 64.5
630629e152e177c0ba46a0d2 5 0 67.5
630629e152e177c0ba46a0d2 5 0 69.2
630629e152e177c0ba46a0d2 5 0 70.0
630629e252e177c0ba46a0d6 5 0 57.99999999999999
630629e252e177c0ba46a0d6 5 0 64.5
630629e252e177c0ba46a0d6 5 0 67.5
630629e252e177c0ba46a0d6 5 0 69.2
630629e252e177c0ba46a0d6 5 0 70.0
630629e752e177c0ba46a0fb 5 0 57.99999999999999
630629e752e177c0ba46a0fb 5 0 64.5
630629e752e177c0ba46a0fb 5 0 67.5
630629e752e177c0ba46a0fb 5 0 69.2
630629e752e177c0ba46a0fb 5 0 70.0
6306091073426c38ae68acac 5 0 57.99999999999999
6306091073426c38ae68acac 5 0 64.5
6306091073426c38ae68acac 5 0 67.5
6306091073426c38ae68acac 5 0 69.2
6306091073426c38ae68acac 5 0 70.0
6306091a73426c38ae68acc8 5 0 57.99999999999999
6306091a73426c38ae68acc8 5 0 64.5
6306091a73426c38ae68acc8 5 0 67.5
6306091a73426c38ae68acc8 5 0 69.2
6306091a73426c38ae68acc8 5 0 70.0
6306091b73426c38ae68acd7 5 0 57.99999999999999
6306091b73426c38ae68acd7 5 0 64.5
6306091b73426c38ae68acd7 5 0 67.5
6306091b73426c38ae68acd7 5 0 69.2
6306091b73426c38ae68acd7 5 0 70.0
6306091b73426c38ae68acd9 5 0 57.99999999999999
6306091b73426c38ae68acd9 5 0 64.5
6306091b73426c38ae68acd9 5 0 67.5
6306091b73426c38ae68acd9 5 0 69.2
6306091b73426c38ae68acd9 5 0 70.0
6306091b73426c38ae68acda 5 0 57.99999999999999
6306091b73426c38ae68acda 5 0 64.5
6306091b73426c38ae68acda 5 0 67.5
6306091b73426c38ae68acda 5 0 69.2
6306091b73426c38ae68acda 5 0 70.0
6306091c73426c38ae68acdc 5 0 57.99999999999999
6306091c73426c38ae68acdc 5 0 64.5
6306091c73426c38ae68acdc 5 0 67.5
6306091c73426c38ae68acdc 5 0 69.2
6306091c73426c38ae68acdc 5 0 70.0
6306091c73426c38ae68acdd 5 0 57.99999999999999
6306091c73426c38ae68acdd 5 0 64.5
6306091c73426c38ae68acdd 5 0 67.5
6306091c73426c38ae68acdd 5 0 69.2
6306091c73426c38ae68acdd 5 0 70.0
6306091d73426c38ae68ace5 5 0 57.99999999999999
6306091d73426c38ae68ace5 5 0 64.5
6306091d73426c38ae68ace5 5 0 67.5
6306091d73426c38ae68ace5 5 0 69.2
6306091d73426c38ae68ace5 5 0 70.0
6306092373426c38ae68acfa 5 0 57.99999999999999
6306092373426c38ae68acfa 5 0 64.5
6306092373426c38ae68acfa 5 0 67.5
6306092373426c38ae68acfa 5 0 69.2
6306092373426c38ae68acfa 5 0 70.0
6306092973426c38ae68ad01 5 0 57.99999999999999
6306092973426c38ae68ad01 5 0 64.5
6306092973426c38ae68ad01 5 0 67.5
6306092973426c38ae68ad01 5 0 69.2
6306092973426c38ae68ad01 5 0 70.0
6306092c73426c38ae68ad02 5 0 57.99999999999999
6306092c73426c38ae68ad02 5 0 64.5
6306092c73426c38ae68ad02 5 0 67.5
6306092c73426c38ae68ad02 5 0 69.2
6306092c73426c38ae68ad02 5 0 70.0
6306092d73426c38ae68ad04 5 0 57.99999999999999
6306092d73426c38ae68ad04 5 0 64.5
6306092d73426c38ae68ad04 5 0 67.5
6306092d73426c38ae68ad04 5 0 69.2
6306092d73426c38ae68ad04 5 0 70.0
6306092d73426c38ae68ad05 5 0 57.99999999999999
6306092d73426c38ae68ad05 5 0 64.5
6306092d73426c38ae68ad05 5 0 67.5
6306092d73426c38ae68ad05 5 0 69.2
6306092d73426c38ae68ad05 5 0 70.0
6306092d73426c38ae68ad06 5 0 57.99999999999999
6306092d73426c38ae68ad06 5 0 64.5
6306092d73426c38ae68ad06 5 0 67.5
6306092d73426c38ae68ad06 5 0 69.2
6306092d73426c38ae68ad06 5 0 70.0
6306092d73426c38ae68ad07 5 0 57.99999999999999
6306092d73426c38ae68ad07 5 0 64.5
6306092d73426c38ae68ad07 5 0 67.5
6306092d73426c38ae68ad07 5 0 69.2
6306092d73426c38ae68ad07 5 0 70.0
6306092d73426c38ae68ad08 5 4 58.79999999999999
6306092d73426c38ae68ad08 5 4 65.5
6306092d73426c38ae68ad08 5 4 68.5
6306092d73426c38ae68ad08 5 4 70.2
6306092d73426c38ae68ad08 5 4 71.0
6306092e73426c38ae68ad09 5 0 58.79999999999999
6306092e73426c38ae68ad09 5 0 65.5
6306092e73426c38ae68ad09 5 0 68.5
6306092e73426c38ae68ad09 5 0 70.2
6306092e73426c38ae68ad09 5 0 71.0
6306092e73426c38ae68ad0a 5 0 58.79999999999999
6306092e73426c38ae68ad0a 5 0 65.5
6306092e73426c38ae68ad0a 5 0 68.5
6306092e73426c38ae68ad0a 5 0 70.2
6306092e73426c38ae68ad0a 5 0 71.0
6306092e73426c38ae68ad0b 5 0 58.79999999999999
6306092e73426c38ae68ad0b 5 0 65.5
6306092e73426c38ae68ad0b 5 0 68.5
6306092e73426c38ae68ad0b 5 0 70.2
6306092e73426c38ae68ad0b 5 0 71.0
6306092e73426c38ae68ad0d 5 0 58.79999999999999
6306092e73426c38ae68ad0d 5 0 65.5
6306092e73426c38ae68ad0d 5 0 68.5
6306092e73426c38ae68ad0d 5 0 70.2
6306092e73426c38ae68ad0d 5 0 71.0
6306092e73426c38ae68ad0f 5 0 58.79999999999999
6306092e73426c38ae68ad0f 5 0 65.5
6306092e73426c38ae68ad0f 5 0 68.5
6306092e73426c38ae68ad0f 5 0 70.2
6306092e73426c38ae68ad0f 5 0 71.0
6306092e73426c38ae68ad11 5 0 58.79999999999999
6306092e73426c38ae68ad11 5 0 65.5
6306092e73426c38ae68ad11 5 0 68.5
6306092e73426c38ae68ad11 5 0 70.2
6306092e73426c38ae68ad11 5 0 71.0
6306092f73426c38ae68ad13 5 1 58.99999999999999
6306092f73426c38ae68ad13 5 1 65.9
6306092f73426c38ae68ad13 5 1 69.1
6306092f73426c38ae68ad13 5 1 71.0
6306092f73426c38ae68ad13 5 1 72.0
6306093273426c38ae68ad15 5 0 58.99999999999999
6306093273426c38ae68ad15 5 0 65.9
6306093273426c38ae68ad15 5 0 69.1
6306093273426c38ae68ad15 5 0 71.0
6306093273426c38ae68ad15 5 0 72.0
63060ada73426c38ae68ad31 5 1 59.199999999999996
63060ada73426c38ae68ad31 5 1 66.30000000000001
63060ada73426c38ae68ad31 5 1 69.69999999999999
63060ada73426c38ae68ad31 5 1 71.8
63060ada73426c38ae68ad31 5 1 73.0
63060b1a73426c38ae68ad3e 5 0 59.199999999999996
63060b1a73426c38ae68ad3e 5 0 66.30000000000001
63060b1a73426c38ae68ad3e 5 0 69.69999999999999
63060b1a73426c38ae68ad3e 5 0 71.8
63060b1a73426c38ae68ad3e 5 0 73.0
63060b1b73426c38ae68ad42 5 0 59.199999999999996
63060b1b73426c38ae68ad42 5 0 66.30000000000001
63060b1b73426c38ae68ad42 5 0 69.69999999999999
63060b1b73426c38ae68ad42 5 0 71.8
63060b1b73426c38ae68ad42 5 0 73.0
63060b1b73426c38ae68ad43 5 5 60.199999999999996
63060b1b73426c38ae68ad43 5 5 67.30000000000001
63060b1b73426c38ae68ad43 5 5 70.69999999999999
63060b1b73426c38ae68ad43 5 5 72.8
63060b1b73426c38ae68ad43 5 5 74.0
62ece4982e6aefcf4aabbd64 5 0 60.199999999999996
62ece4982e6aefcf4aabbd64 5 0 67.30000000000001
62ece4982e6aefcf4aabbd64 5 0 70.69999999999999
62ece4982e6aefcf4aabbd64 5 0 72.8
62ece4982e6aefcf4aabbd64 5 0 74.0
230 230
[60.199999999999996, 67.30000000000001, 70.69999999999999, 72.8, 74.0]
0.2617391304347826
 26.17%
0.29260869565217396
 29.26%
0.307391304347826
 30.74%
0.31652173913043474
 31.65%
0.3217391304347826
 32.17%
finish_overall
plib_runnable	21

  28.57%	
  32.38%	
  35.24%	
  37.14%	
  38.10%	


project_runnable	23

  12.17%	
  13.04%	
  13.04%	
  13.04%	
  13.04%	


class_runnable	55

  16.73%	
  19.45%	
  20.73%	
  21.45%	
  21.82%	


self_contained	35

  48.57%	
  52.57%	
  53.71%	
  54.29%	
  54.29%	


file_runnable	68

  25.29%	
  28.97%	
  31.18%	
  32.65%	
  33.82%	


slib_runnable	28

  28.57%	
  31.07%	
  31.79%	
  32.14%	
  32.14%	


230
0
