62e60f43d76274f8a4026e28 5 0 0.0
62e60f43d76274f8a4026e28 5 0 0.0
62e60f43d76274f8a4026e28 5 0 0.0
62e60f43d76274f8a4026e28 5 0 0.0
62e60f43d76274f8a4026e28 5 0 0.0
62e60f3bd76274f8a4026e10 5 0 0.0
62e60f3bd76274f8a4026e10 5 0 0.0
62e60f3bd76274f8a4026e10 5 0 0.0
62e60f3bd76274f8a4026e10 5 0 0.0
62e60f3bd76274f8a4026e10 5 0 0.0
62e60f37d76274f8a4026dfd 5 0 0.0
62e60f37d76274f8a4026dfd 5 0 0.0
62e60f37d76274f8a4026dfd 5 0 0.0
62e60f37d76274f8a4026dfd 5 0 0.0
62e60f37d76274f8a4026dfd 5 0 0.0
62e60f33d76274f8a4026de9 5 0 0.0
62e60f33d76274f8a4026de9 5 0 0.0
62e60f33d76274f8a4026de9 5 0 0.0
62e60f33d76274f8a4026de9 5 0 0.0
62e60f33d76274f8a4026de9 5 0 0.0
62e60ed4d76274f8a4026da0 5 5 1.0
62e60ed4d76274f8a4026da0 5 5 1.0
62e60ed4d76274f8a4026da0 5 5 1.0
62e60ed4d76274f8a4026da0 5 5 1.0
62e60ed4d76274f8a4026da0 5 5 1.0
62e60ecfd76274f8a4026d6a 5 0 1.0
62e60ecfd76274f8a4026d6a 5 0 1.0
62e60ecfd76274f8a4026d6a 5 0 1.0
62e60ecfd76274f8a4026d6a 5 0 1.0
62e60ecfd76274f8a4026d6a 5 0 1.0
62e60e49d76274f8a4026d25 5 2 1.4
62e60e49d76274f8a4026d25 5 2 1.7
62e60e49d76274f8a4026d25 5 2 1.9
62e60e49d76274f8a4026d25 5 2 2.0
62e60e49d76274f8a4026d25 5 2 2.0
62e60e05d76274f8a4026cfd 5 0 1.4
62e60e05d76274f8a4026cfd 5 0 1.7
62e60e05d76274f8a4026cfd 5 0 1.9
62e60e05d76274f8a4026cfd 5 0 2.0
62e60e05d76274f8a4026cfd 5 0 2.0
62e60da4d76274f8a4026cf1 5 0 1.4
62e60da4d76274f8a4026cf1 5 0 1.7
62e60da4d76274f8a4026cf1 5 0 1.9
62e60da4d76274f8a4026cf1 5 0 2.0
62e60da4d76274f8a4026cf1 5 0 2.0
62e60b10d76274f8a4026ccd 5 1 1.5999999999999999
62e60b10d76274f8a4026ccd 5 1 2.1
62e60b10d76274f8a4026ccd 5 1 2.5
62e60b10d76274f8a4026ccd 5 1 2.8
62e60b10d76274f8a4026ccd 5 1 3.0
62e6087bd76274f8a4026bfa 5 0 1.5999999999999999
62e6087bd76274f8a4026bfa 5 0 2.1
62e6087bd76274f8a4026bfa 5 0 2.5
62e6087bd76274f8a4026bfa 5 0 2.8
62e6087bd76274f8a4026bfa 5 0 3.0
62e6087ad76274f8a4026bf2 5 0 1.5999999999999999
62e6087ad76274f8a4026bf2 5 0 2.1
62e6087ad76274f8a4026bf2 5 0 2.5
62e6087ad76274f8a4026bf2 5 0 2.8
62e6087ad76274f8a4026bf2 5 0 3.0
62e60879d76274f8a4026bec 5 0 1.5999999999999999
62e60879d76274f8a4026bec 5 0 2.1
62e60879d76274f8a4026bec 5 0 2.5
62e60879d76274f8a4026bec 5 0 2.8
62e60879d76274f8a4026bec 5 0 3.0
62e60723d76274f8a4026b75 5 4 2.4
62e60723d76274f8a4026b75 5 4 3.1
62e60723d76274f8a4026b75 5 4 3.5
62e60723d76274f8a4026b75 5 4 3.8
62e60723d76274f8a4026b75 5 4 4.0
62e60707d76274f8a4026b69 5 0 2.4
62e60707d76274f8a4026b69 5 0 3.1
62e60707d76274f8a4026b69 5 0 3.5
62e60707d76274f8a4026b69 5 0 3.8
62e60707d76274f8a4026b69 5 0 4.0
62e5dc9ed76274f8a4026b5b 5 5 3.4
62e5dc9ed76274f8a4026b5b 5 5 4.1
62e5dc9ed76274f8a4026b5b 5 5 4.5
62e5dc9ed76274f8a4026b5b 5 5 4.8
62e5dc9ed76274f8a4026b5b 5 5 5.0
62e4fc3c85ea98643089041e 5 0 3.4
62e4fc3c85ea98643089041e 5 0 4.1
62e4fc3c85ea98643089041e 5 0 4.5
62e4fc3c85ea98643089041e 5 0 4.8
62e4fc3c85ea98643089041e 5 0 5.0
62e4fbda85ea986430890405 5 0 3.4
62e4fbda85ea986430890405 5 0 4.1
62e4fbda85ea986430890405 5 0 4.5
62e4fbda85ea986430890405 5 0 4.8
62e4fbda85ea986430890405 5 0 5.0
62e4fbda85ea986430890403 5 0 3.4
62e4fbda85ea986430890403 5 0 4.1
62e4fbda85ea986430890403 5 0 4.5
62e4fbda85ea986430890403 5 0 4.8
62e4fbda85ea986430890403 5 0 5.0
62e4fb6585ea98643089032b 5 5 4.4
62e4fb6585ea98643089032b 5 5 5.1
62e4fb6585ea98643089032b 5 5 5.5
62e4fb6585ea98643089032b 5 5 5.8
62e4fb6585ea98643089032b 5 5 6.0
62e4fb4d85ea9864308902e7 5 0 4.4
62e4fb4d85ea9864308902e7 5 0 5.1
62e4fb4d85ea9864308902e7 5 0 5.5
62e4fb4d85ea9864308902e7 5 0 5.8
62e4fb4d85ea9864308902e7 5 0 6.0
62b8d27a48ba5a41d1c3f4c6 5 2 4.800000000000001
62b8d27a48ba5a41d1c3f4c6 5 2 5.8
62b8d27a48ba5a41d1c3f4c6 5 2 6.4
62b8d27a48ba5a41d1c3f4c6 5 2 6.8
62b8d27a48ba5a41d1c3f4c6 5 2 7.0
62b8d24048ba5a41d1c3f49f 5 0 4.800000000000001
62b8d24048ba5a41d1c3f49f 5 0 5.8
62b8d24048ba5a41d1c3f49f 5 0 6.4
62b8d24048ba5a41d1c3f49f 5 0 6.8
62b8d24048ba5a41d1c3f49f 5 0 7.0
62b8d23b48ba5a41d1c3f49a 5 0 4.800000000000001
62b8d23b48ba5a41d1c3f49a 5 0 5.8
62b8d23b48ba5a41d1c3f49a 5 0 6.4
62b8d23b48ba5a41d1c3f49a 5 0 6.8
62b8d23b48ba5a41d1c3f49a 5 0 7.0
62b8d23948ba5a41d1c3f498 5 0 4.800000000000001
62b8d23948ba5a41d1c3f498 5 0 5.8
62b8d23948ba5a41d1c3f498 5 0 6.4
62b8d23948ba5a41d1c3f498 5 0 6.8
62b8d23948ba5a41d1c3f498 5 0 7.0
62b8d23748ba5a41d1c3f496 5 0 4.800000000000001
62b8d23748ba5a41d1c3f496 5 0 5.8
62b8d23748ba5a41d1c3f496 5 0 6.4
62b8d23748ba5a41d1c3f496 5 0 6.8
62b8d23748ba5a41d1c3f496 5 0 7.0
62b8d22f48ba5a41d1c3f488 5 2 5.200000000000001
62b8d22f48ba5a41d1c3f488 5 2 6.5
62b8d22f48ba5a41d1c3f488 5 2 7.300000000000001
62b8d22f48ba5a41d1c3f488 5 2 7.8
62b8d22f48ba5a41d1c3f488 5 2 8.0
62b8d22a48ba5a41d1c3f47e 5 5 6.200000000000001
62b8d22a48ba5a41d1c3f47e 5 5 7.5
62b8d22a48ba5a41d1c3f47e 5 5 8.3
62b8d22a48ba5a41d1c3f47e 5 5 8.8
62b8d22a48ba5a41d1c3f47e 5 5 9.0
62b8d22948ba5a41d1c3f47c 5 4 7.000000000000001
62b8d22948ba5a41d1c3f47c 5 4 8.5
62b8d22948ba5a41d1c3f47c 5 4 9.3
62b8d22948ba5a41d1c3f47c 5 4 9.8
62b8d22948ba5a41d1c3f47c 5 4 10.0
62b8d22548ba5a41d1c3f472 5 0 7.000000000000001
62b8d22548ba5a41d1c3f472 5 0 8.5
62b8d22548ba5a41d1c3f472 5 0 9.3
62b8d22548ba5a41d1c3f472 5 0 9.8
62b8d22548ba5a41d1c3f472 5 0 10.0
62b8c517e0d34b282c18122e 5 0 7.000000000000001
62b8c517e0d34b282c18122e 5 0 8.5
62b8c517e0d34b282c18122e 5 0 9.3
62b8c517e0d34b282c18122e 5 0 9.8
62b8c517e0d34b282c18122e 5 0 10.0
62b8bbbfe0d34b282c181210 5 5 8.0
62b8bbbfe0d34b282c181210 5 5 9.5
62b8bbbfe0d34b282c181210 5 5 10.3
62b8bbbfe0d34b282c181210 5 5 10.8
62b8bbbfe0d34b282c181210 5 5 11.0
62b8bbbfe0d34b282c18120f 5 5 9.0
62b8bbbfe0d34b282c18120f 5 5 10.5
62b8bbbfe0d34b282c18120f 5 5 11.3
62b8bbbfe0d34b282c18120f 5 5 11.8
62b8bbbfe0d34b282c18120f 5 5 12.0
62b8bbbce0d34b282c18120d 5 1 9.2
62b8bbbce0d34b282c18120d 5 1 10.9
62b8bbbce0d34b282c18120d 5 1 11.9
62b8bbbce0d34b282c18120d 5 1 12.600000000000001
62b8bbbce0d34b282c18120d 5 1 13.0
62b8b99de0d34b282c1811f8 5 0 9.2
62b8b99de0d34b282c1811f8 5 0 10.9
62b8b99de0d34b282c1811f8 5 0 11.9
62b8b99de0d34b282c1811f8 5 0 12.600000000000001
62b8b99de0d34b282c1811f8 5 0 13.0
62b8b59feb7e40a82d2d1291 5 0 9.2
62b8b59feb7e40a82d2d1291 5 0 10.9
62b8b59feb7e40a82d2d1291 5 0 11.9
62b8b59feb7e40a82d2d1291 5 0 12.600000000000001
62b8b59feb7e40a82d2d1291 5 0 13.0
62b8b590eb7e40a82d2d1275 5 0 9.2
62b8b590eb7e40a82d2d1275 5 0 10.9
62b8b590eb7e40a82d2d1275 5 0 11.9
62b8b590eb7e40a82d2d1275 5 0 12.600000000000001
62b8b590eb7e40a82d2d1275 5 0 13.0
62b8b58deb7e40a82d2d1269 5 3 9.799999999999999
62b8b58deb7e40a82d2d1269 5 3 11.8
62b8b58deb7e40a82d2d1269 5 3 12.9
62b8b58deb7e40a82d2d1269 5 3 13.600000000000001
62b8b58deb7e40a82d2d1269 5 3 14.0
62b8b559eb7e40a82d2d11f8 5 1 9.999999999999998
62b8b559eb7e40a82d2d11f8 5 1 12.200000000000001
62b8b559eb7e40a82d2d11f8 5 1 13.5
62b8b559eb7e40a82d2d11f8 5 1 14.400000000000002
62b8b559eb7e40a82d2d11f8 5 1 15.0
62b8b4b9eb7e40a82d2d1134 5 0 9.999999999999998
62b8b4b9eb7e40a82d2d1134 5 0 12.200000000000001
62b8b4b9eb7e40a82d2d1134 5 0 13.5
62b8b4b9eb7e40a82d2d1134 5 0 14.400000000000002
62b8b4b9eb7e40a82d2d1134 5 0 15.0
62b8b416eb7e40a82d2d1129 5 0 9.999999999999998
62b8b416eb7e40a82d2d1129 5 0 12.200000000000001
62b8b416eb7e40a82d2d1129 5 0 13.5
62b8b416eb7e40a82d2d1129 5 0 14.400000000000002
62b8b416eb7e40a82d2d1129 5 0 15.0
62b8b3d6eb7e40a82d2d111c 5 3 10.599999999999998
62b8b3d6eb7e40a82d2d111c 5 3 13.100000000000001
62b8b3d6eb7e40a82d2d111c 5 3 14.5
62b8b3d6eb7e40a82d2d111c 5 3 15.400000000000002
62b8b3d6eb7e40a82d2d111c 5 3 16.0
62b8b3d5eb7e40a82d2d1110 5 1 10.799999999999997
62b8b3d5eb7e40a82d2d1110 5 1 13.500000000000002
62b8b3d5eb7e40a82d2d1110 5 1 15.1
62b8b3d5eb7e40a82d2d1110 5 1 16.200000000000003
62b8b3d5eb7e40a82d2d1110 5 1 17.0
62b8b3d4eb7e40a82d2d110f 5 5 11.799999999999997
62b8b3d4eb7e40a82d2d110f 5 5 14.500000000000002
62b8b3d4eb7e40a82d2d110f 5 5 16.1
62b8b3d4eb7e40a82d2d110f 5 5 17.200000000000003
62b8b3d4eb7e40a82d2d110f 5 5 18.0
62b8b3d4eb7e40a82d2d110e 5 2 12.199999999999998
62b8b3d4eb7e40a82d2d110e 5 2 15.200000000000001
62b8b3d4eb7e40a82d2d110e 5 2 17.0
62b8b3d4eb7e40a82d2d110e 5 2 18.200000000000003
62b8b3d4eb7e40a82d2d110e 5 2 19.0
62b8b3d4eb7e40a82d2d110d 5 1 12.399999999999997
62b8b3d4eb7e40a82d2d110d 5 1 15.600000000000001
62b8b3d4eb7e40a82d2d110d 5 1 17.6
62b8b3d4eb7e40a82d2d110d 5 1 19.000000000000004
62b8b3d4eb7e40a82d2d110d 5 1 20.0
62b87b989a0c4fa8b80b35ee 5 0 12.399999999999997
62b87b989a0c4fa8b80b35ee 5 0 15.600000000000001
62b87b989a0c4fa8b80b35ee 5 0 17.6
62b87b989a0c4fa8b80b35ee 5 0 19.000000000000004
62b87b989a0c4fa8b80b35ee 5 0 20.0
62b87b859a0c4fa8b80b35d7 5 0 12.399999999999997
62b87b859a0c4fa8b80b35d7 5 0 15.600000000000001
62b87b859a0c4fa8b80b35d7 5 0 17.6
62b87b859a0c4fa8b80b35d7 5 0 19.000000000000004
62b87b859a0c4fa8b80b35d7 5 0 20.0
62b87b839a0c4fa8b80b35cb 5 0 12.399999999999997
62b87b839a0c4fa8b80b35cb 5 0 15.600000000000001
62b87b839a0c4fa8b80b35cb 5 0 17.6
62b87b839a0c4fa8b80b35cb 5 0 19.000000000000004
62b87b839a0c4fa8b80b35cb 5 0 20.0
62b87b7e9a0c4fa8b80b35bc 5 0 12.399999999999997
62b87b7e9a0c4fa8b80b35bc 5 0 15.600000000000001
62b87b7e9a0c4fa8b80b35bc 5 0 17.6
62b87b7e9a0c4fa8b80b35bc 5 0 19.000000000000004
62b87b7e9a0c4fa8b80b35bc 5 0 20.0
62b87b4f9a0c4fa8b80b3580 5 0 12.399999999999997
62b87b4f9a0c4fa8b80b3580 5 0 15.600000000000001
62b87b4f9a0c4fa8b80b3580 5 0 17.6
62b87b4f9a0c4fa8b80b3580 5 0 19.000000000000004
62b87b4f9a0c4fa8b80b3580 5 0 20.0
62b87b199a0c4fa8b80b354e 5 0 12.399999999999997
62b87b199a0c4fa8b80b354e 5 0 15.600000000000001
62b87b199a0c4fa8b80b354e 5 0 17.6
62b87b199a0c4fa8b80b354e 5 0 19.000000000000004
62b87b199a0c4fa8b80b354e 5 0 20.0
62b87b099a0c4fa8b80b3538 5 5 13.399999999999997
62b87b099a0c4fa8b80b3538 5 5 16.6
62b87b099a0c4fa8b80b3538 5 5 18.6
62b87b099a0c4fa8b80b3538 5 5 20.000000000000004
62b87b099a0c4fa8b80b3538 5 5 21.0
62b87af99a0c4fa8b80b3524 5 5 14.399999999999997
62b87af99a0c4fa8b80b3524 5 5 17.6
62b87af99a0c4fa8b80b3524 5 5 19.6
62b87af99a0c4fa8b80b3524 5 5 21.000000000000004
62b87af99a0c4fa8b80b3524 5 5 22.0
62b87af69a0c4fa8b80b351a 5 5 15.399999999999997
62b87af69a0c4fa8b80b351a 5 5 18.6
62b87af69a0c4fa8b80b351a 5 5 20.6
62b87af69a0c4fa8b80b351a 5 5 22.000000000000004
62b87af69a0c4fa8b80b351a 5 5 23.0
62b87af19a0c4fa8b80b34f7 5 0 15.399999999999997
62b87af19a0c4fa8b80b34f7 5 0 18.6
62b87af19a0c4fa8b80b34f7 5 0 20.6
62b87af19a0c4fa8b80b34f7 5 0 22.000000000000004
62b87af19a0c4fa8b80b34f7 5 0 23.0
62b87af09a0c4fa8b80b34f1 5 0 15.399999999999997
62b87af09a0c4fa8b80b34f1 5 0 18.6
62b87af09a0c4fa8b80b34f1 5 0 20.6
62b87af09a0c4fa8b80b34f1 5 0 22.000000000000004
62b87af09a0c4fa8b80b34f1 5 0 23.0
62b86aa3b4d922cb0e688d36 5 0 15.399999999999997
62b86aa3b4d922cb0e688d36 5 0 18.6
62b86aa3b4d922cb0e688d36 5 0 20.6
62b86aa3b4d922cb0e688d36 5 0 22.000000000000004
62b86aa3b4d922cb0e688d36 5 0 23.0
62b86a9eb4d922cb0e688d25 5 0 15.399999999999997
62b86a9eb4d922cb0e688d25 5 0 18.6
62b86a9eb4d922cb0e688d25 5 0 20.6
62b86a9eb4d922cb0e688d25 5 0 22.000000000000004
62b86a9eb4d922cb0e688d25 5 0 23.0
62b86a4fb4d922cb0e688cf8 5 1 15.599999999999996
62b86a4fb4d922cb0e688cf8 5 1 19.0
62b86a4fb4d922cb0e688cf8 5 1 21.200000000000003
62b86a4fb4d922cb0e688cf8 5 1 22.800000000000004
62b86a4fb4d922cb0e688cf8 5 1 24.0
62b86a4fb4d922cb0e688cf7 5 0 15.599999999999996
62b86a4fb4d922cb0e688cf7 5 0 19.0
62b86a4fb4d922cb0e688cf7 5 0 21.200000000000003
62b86a4fb4d922cb0e688cf7 5 0 22.800000000000004
62b86a4fb4d922cb0e688cf7 5 0 24.0
62b86a01b4d922cb0e688ccc 5 0 15.599999999999996
62b86a01b4d922cb0e688ccc 5 0 19.0
62b86a01b4d922cb0e688ccc 5 0 21.200000000000003
62b86a01b4d922cb0e688ccc 5 0 22.800000000000004
62b86a01b4d922cb0e688ccc 5 0 24.0
62b869ebb4d922cb0e688cc6 5 0 15.599999999999996
62b869ebb4d922cb0e688cc6 5 0 19.0
62b869ebb4d922cb0e688cc6 5 0 21.200000000000003
62b869ebb4d922cb0e688cc6 5 0 22.800000000000004
62b869ebb4d922cb0e688cc6 5 0 24.0
62b869eab4d922cb0e688cc5 5 1 15.799999999999995
62b869eab4d922cb0e688cc5 5 1 19.4
62b869eab4d922cb0e688cc5 5 1 21.800000000000004
62b869eab4d922cb0e688cc5 5 1 23.600000000000005
62b869eab4d922cb0e688cc5 5 1 25.0
62b869eab4d922cb0e688cbf 5 2 16.199999999999996
62b869eab4d922cb0e688cbf 5 2 20.099999999999998
62b869eab4d922cb0e688cbf 5 2 22.700000000000003
62b869eab4d922cb0e688cbf 5 2 24.600000000000005
62b869eab4d922cb0e688cbf 5 2 26.0
62b43427903eeb48555d3ea5 5 0 16.199999999999996
62b43427903eeb48555d3ea5 5 0 20.099999999999998
62b43427903eeb48555d3ea5 5 0 22.700000000000003
62b43427903eeb48555d3ea5 5 0 24.600000000000005
62b43427903eeb48555d3ea5 5 0 26.0
62b43428903eeb48555d3eaa 5 0 16.199999999999996
62b43428903eeb48555d3eaa 5 0 20.099999999999998
62b43428903eeb48555d3eaa 5 0 22.700000000000003
62b43428903eeb48555d3eaa 5 0 24.600000000000005
62b43428903eeb48555d3eaa 5 0 26.0
62b45df05108cfac7f2109ce 5 0 16.199999999999996
62b45df05108cfac7f2109ce 5 0 20.099999999999998
62b45df05108cfac7f2109ce 5 0 22.700000000000003
62b45df05108cfac7f2109ce 5 0 24.600000000000005
62b45df05108cfac7f2109ce 5 0 26.0
62b45df15108cfac7f2109dc 5 0 16.199999999999996
62b45df15108cfac7f2109dc 5 0 20.099999999999998
62b45df15108cfac7f2109dc 5 0 22.700000000000003
62b45df15108cfac7f2109dc 5 0 24.600000000000005
62b45df15108cfac7f2109dc 5 0 26.0
62b45df15108cfac7f2109dd 5 0 16.199999999999996
62b45df15108cfac7f2109dd 5 0 20.099999999999998
62b45df15108cfac7f2109dd 5 0 22.700000000000003
62b45df15108cfac7f2109dd 5 0 24.600000000000005
62b45df15108cfac7f2109dd 5 0 26.0
62b45e135108cfac7f2109f4 5 5 17.199999999999996
62b45e135108cfac7f2109f4 5 5 21.099999999999998
62b45e135108cfac7f2109f4 5 5 23.700000000000003
62b45e135108cfac7f2109f4 5 5 25.600000000000005
62b45e135108cfac7f2109f4 5 5 27.0
62b45e145108cfac7f210a07 5 0 17.199999999999996
62b45e145108cfac7f210a07 5 0 21.099999999999998
62b45e145108cfac7f210a07 5 0 23.700000000000003
62b45e145108cfac7f210a07 5 0 25.600000000000005
62b45e145108cfac7f210a07 5 0 27.0
62b45e145108cfac7f210a09 5 0 17.199999999999996
62b45e145108cfac7f210a09 5 0 21.099999999999998
62b45e145108cfac7f210a09 5 0 23.700000000000003
62b45e145108cfac7f210a09 5 0 25.600000000000005
62b45e145108cfac7f210a09 5 0 27.0
62b45e165108cfac7f210a16 5 0 17.199999999999996
62b45e165108cfac7f210a16 5 0 21.099999999999998
62b45e165108cfac7f210a16 5 0 23.700000000000003
62b45e165108cfac7f210a16 5 0 25.600000000000005
62b45e165108cfac7f210a16 5 0 27.0
62b45e165108cfac7f210a17 5 0 17.199999999999996
62b45e165108cfac7f210a17 5 0 21.099999999999998
62b45e165108cfac7f210a17 5 0 23.700000000000003
62b45e165108cfac7f210a17 5 0 25.600000000000005
62b45e165108cfac7f210a17 5 0 27.0
62b45e175108cfac7f210a19 5 0 17.199999999999996
62b45e175108cfac7f210a19 5 0 21.099999999999998
62b45e175108cfac7f210a19 5 0 23.700000000000003
62b45e175108cfac7f210a19 5 0 25.600000000000005
62b45e175108cfac7f210a19 5 0 27.0
62b463153879012d19481498 5 0 17.199999999999996
62b463153879012d19481498 5 0 21.099999999999998
62b463153879012d19481498 5 0 23.700000000000003
62b463153879012d19481498 5 0 25.600000000000005
62b463153879012d19481498 5 0 27.0
62b463153879012d1948149a 5 0 17.199999999999996
62b463153879012d1948149a 5 0 21.099999999999998
62b463153879012d1948149a 5 0 23.700000000000003
62b463153879012d1948149a 5 0 25.600000000000005
62b463153879012d1948149a 5 0 27.0
62b463153879012d1948149b 5 0 17.199999999999996
62b463153879012d1948149b 5 0 21.099999999999998
62b463153879012d1948149b 5 0 23.700000000000003
62b463153879012d1948149b 5 0 25.600000000000005
62b463153879012d1948149b 5 0 27.0
62b463153879012d1948149c 5 4 17.999999999999996
62b463153879012d1948149c 5 4 22.099999999999998
62b463153879012d1948149c 5 4 24.700000000000003
62b463153879012d1948149c 5 4 26.600000000000005
62b463153879012d1948149c 5 4 28.0
62b463153879012d1948149d 5 0 17.999999999999996
62b463153879012d1948149d 5 0 22.099999999999998
62b463153879012d1948149d 5 0 24.700000000000003
62b463153879012d1948149d 5 0 26.600000000000005
62b463153879012d1948149d 5 0 28.0
62b463153879012d1948149f 5 0 17.999999999999996
62b463153879012d1948149f 5 0 22.099999999999998
62b463153879012d1948149f 5 0 24.700000000000003
62b463153879012d1948149f 5 0 26.600000000000005
62b463153879012d1948149f 5 0 28.0
62b463153879012d194814a1 5 0 17.999999999999996
62b463153879012d194814a1 5 0 22.099999999999998
62b463153879012d194814a1 5 0 24.700000000000003
62b463153879012d194814a1 5 0 26.600000000000005
62b463153879012d194814a1 5 0 28.0
62b463163879012d194814a2 5 0 17.999999999999996
62b463163879012d194814a2 5 0 22.099999999999998
62b463163879012d194814a2 5 0 24.700000000000003
62b463163879012d194814a2 5 0 26.600000000000005
62b463163879012d194814a2 5 0 28.0
62b463163879012d194814a4 5 1 18.199999999999996
62b463163879012d194814a4 5 1 22.499999999999996
62b463163879012d194814a4 5 1 25.300000000000004
62b463163879012d194814a4 5 1 27.400000000000006
62b463163879012d194814a4 5 1 29.0
62b463163879012d194814a6 5 3 18.799999999999997
62b463163879012d194814a6 5 3 23.399999999999995
62b463163879012d194814a6 5 3 26.300000000000004
62b463163879012d194814a6 5 3 28.400000000000006
62b463163879012d194814a6 5 3 30.0
62b4631b3879012d194814dd 5 0 18.799999999999997
62b4631b3879012d194814dd 5 0 23.399999999999995
62b4631b3879012d194814dd 5 0 26.300000000000004
62b4631b3879012d194814dd 5 0 28.400000000000006
62b4631b3879012d194814dd 5 0 30.0
62b463283879012d1948153d 5 5 19.799999999999997
62b463283879012d1948153d 5 5 24.399999999999995
62b463283879012d1948153d 5 5 27.300000000000004
62b463283879012d1948153d 5 5 29.400000000000006
62b463283879012d1948153d 5 5 31.0
62b463303879012d19481579 5 0 19.799999999999997
62b463303879012d19481579 5 0 24.399999999999995
62b463303879012d19481579 5 0 27.300000000000004
62b463303879012d19481579 5 0 29.400000000000006
62b463303879012d19481579 5 0 31.0
62b46740d2f69a53b466171a 5 1 19.999999999999996
62b46740d2f69a53b466171a 5 1 24.799999999999994
62b46740d2f69a53b466171a 5 1 27.900000000000006
62b46740d2f69a53b466171a 5 1 30.200000000000006
62b46740d2f69a53b466171a 5 1 32.0
62b46746d2f69a53b4661722 5 0 19.999999999999996
62b46746d2f69a53b4661722 5 0 24.799999999999994
62b46746d2f69a53b4661722 5 0 27.900000000000006
62b46746d2f69a53b4661722 5 0 30.200000000000006
62b46746d2f69a53b4661722 5 0 32.0
62b86707b4d922cb0e688c2a 5 1 20.199999999999996
62b86707b4d922cb0e688c2a 5 1 25.199999999999992
62b86707b4d922cb0e688c2a 5 1 28.500000000000007
62b86707b4d922cb0e688c2a 5 1 31.000000000000007
62b86707b4d922cb0e688c2a 5 1 33.0
62b86729b4d922cb0e688c2f 5 0 20.199999999999996
62b86729b4d922cb0e688c2f 5 0 25.199999999999992
62b86729b4d922cb0e688c2f 5 0 28.500000000000007
62b86729b4d922cb0e688c2f 5 0 31.000000000000007
62b86729b4d922cb0e688c2f 5 0 33.0
62b8a4a4755ee91dce50a3d2 5 0 20.199999999999996
62b8a4a4755ee91dce50a3d2 5 0 25.199999999999992
62b8a4a4755ee91dce50a3d2 5 0 28.500000000000007
62b8a4a4755ee91dce50a3d2 5 0 31.000000000000007
62b8a4a4755ee91dce50a3d2 5 0 33.0
62b8982f755ee91dce50a241 5 5 21.199999999999996
62b8982f755ee91dce50a241 5 5 26.199999999999992
62b8982f755ee91dce50a241 5 5 29.500000000000007
62b8982f755ee91dce50a241 5 5 32.00000000000001
62b8982f755ee91dce50a241 5 5 34.0
62b89640755ee91dce50a114 5 4 21.999999999999996
62b89640755ee91dce50a114 5 4 27.199999999999992
62b89640755ee91dce50a114 5 4 30.500000000000007
62b89640755ee91dce50a114 5 4 33.00000000000001
62b89640755ee91dce50a114 5 4 35.0
62b87d24d292efb640a55670 5 0 21.999999999999996
62b87d24d292efb640a55670 5 0 27.199999999999992
62b87d24d292efb640a55670 5 0 30.500000000000007
62b87d24d292efb640a55670 5 0 33.00000000000001
62b87d24d292efb640a55670 5 0 35.0
62b87d24d292efb640a5566f 5 0 21.999999999999996
62b87d24d292efb640a5566f 5 0 27.199999999999992
62b87d24d292efb640a5566f 5 0 30.500000000000007
62b87d24d292efb640a5566f 5 0 33.00000000000001
62b87d24d292efb640a5566f 5 0 35.0
62b87d24d292efb640a5566d 5 0 21.999999999999996
62b87d24d292efb640a5566d 5 0 27.199999999999992
62b87d24d292efb640a5566d 5 0 30.500000000000007
62b87d24d292efb640a5566d 5 0 33.00000000000001
62b87d24d292efb640a5566d 5 0 35.0
62b87d23d292efb640a5566b 5 0 21.999999999999996
62b87d23d292efb640a5566b 5 0 27.199999999999992
62b87d23d292efb640a5566b 5 0 30.500000000000007
62b87d23d292efb640a5566b 5 0 33.00000000000001
62b87d23d292efb640a5566b 5 0 35.0
62b87d23d292efb640a55668 5 0 21.999999999999996
62b87d23d292efb640a55668 5 0 27.199999999999992
62b87d23d292efb640a55668 5 0 30.500000000000007
62b87d23d292efb640a55668 5 0 33.00000000000001
62b87d23d292efb640a55668 5 0 35.0
62b87d23d292efb640a55667 5 0 21.999999999999996
62b87d23d292efb640a55667 5 0 27.199999999999992
62b87d23d292efb640a55667 5 0 30.500000000000007
62b87d23d292efb640a55667 5 0 33.00000000000001
62b87d23d292efb640a55667 5 0 35.0
62b45e945108cfac7f210a4a 5 0 21.999999999999996
62b45e945108cfac7f210a4a 5 0 27.199999999999992
62b45e945108cfac7f210a4a 5 0 30.500000000000007
62b45e945108cfac7f210a4a 5 0 33.00000000000001
62b45e945108cfac7f210a4a 5 0 35.0
62b45e515108cfac7f210a3c 5 0 21.999999999999996
62b45e515108cfac7f210a3c 5 0 27.199999999999992
62b45e515108cfac7f210a3c 5 0 30.500000000000007
62b45e515108cfac7f210a3c 5 0 33.00000000000001
62b45e515108cfac7f210a3c 5 0 35.0
62b45e2eb89c9fd354170232 5 0 21.999999999999996
62b45e2eb89c9fd354170232 5 0 27.199999999999992
62b45e2eb89c9fd354170232 5 0 30.500000000000007
62b45e2eb89c9fd354170232 5 0 33.00000000000001
62b45e2eb89c9fd354170232 5 0 35.0
62b45e23e0d4551b0392c90a 5 0 21.999999999999996
62b45e23e0d4551b0392c90a 5 0 27.199999999999992
62b45e23e0d4551b0392c90a 5 0 30.500000000000007
62b45e23e0d4551b0392c90a 5 0 33.00000000000001
62b45e23e0d4551b0392c90a 5 0 35.0
62b45e21e0d4551b0392c8ed 5 0 21.999999999999996
62b45e21e0d4551b0392c8ed 5 0 27.199999999999992
62b45e21e0d4551b0392c8ed 5 0 30.500000000000007
62b45e21e0d4551b0392c8ed 5 0 33.00000000000001
62b45e21e0d4551b0392c8ed 5 0 35.0
62b45b396decaeff903e1001 5 0 21.999999999999996
62b45b396decaeff903e1001 5 0 27.199999999999992
62b45b396decaeff903e1001 5 0 30.500000000000007
62b45b396decaeff903e1001 5 0 33.00000000000001
62b45b396decaeff903e1001 5 0 35.0
62b4567ed7d32e5b55cc83d9 5 0 21.999999999999996
62b4567ed7d32e5b55cc83d9 5 0 27.199999999999992
62b4567ed7d32e5b55cc83d9 5 0 30.500000000000007
62b4567ed7d32e5b55cc83d9 5 0 33.00000000000001
62b4567ed7d32e5b55cc83d9 5 0 35.0
62b4567ad7d32e5b55cc83af 5 0 21.999999999999996
62b4567ad7d32e5b55cc83af 5 0 27.199999999999992
62b4567ad7d32e5b55cc83af 5 0 30.500000000000007
62b4567ad7d32e5b55cc83af 5 0 33.00000000000001
62b4567ad7d32e5b55cc83af 5 0 35.0
62b45679d7d32e5b55cc83a9 5 2 22.399999999999995
62b45679d7d32e5b55cc83a9 5 2 27.89999999999999
62b45679d7d32e5b55cc83a9 5 2 31.400000000000006
62b45679d7d32e5b55cc83a9 5 2 34.00000000000001
62b45679d7d32e5b55cc83a9 5 2 36.0
62b45665d7d32e5b55cc8365 5 0 22.399999999999995
62b45665d7d32e5b55cc8365 5 0 27.89999999999999
62b45665d7d32e5b55cc8365 5 0 31.400000000000006
62b45665d7d32e5b55cc8365 5 0 34.00000000000001
62b45665d7d32e5b55cc8365 5 0 36.0
62b45665d7d32e5b55cc8364 5 0 22.399999999999995
62b45665d7d32e5b55cc8364 5 0 27.89999999999999
62b45665d7d32e5b55cc8364 5 0 31.400000000000006
62b45665d7d32e5b55cc8364 5 0 34.00000000000001
62b45665d7d32e5b55cc8364 5 0 36.0
62b45665d7d32e5b55cc8363 5 0 22.399999999999995
62b45665d7d32e5b55cc8363 5 0 27.89999999999999
62b45665d7d32e5b55cc8363 5 0 31.400000000000006
62b45665d7d32e5b55cc8363 5 0 34.00000000000001
62b45665d7d32e5b55cc8363 5 0 36.0
62b438ba66fea644fe22cca2 5 0 22.399999999999995
62b438ba66fea644fe22cca2 5 0 27.89999999999999
62b438ba66fea644fe22cca2 5 0 31.400000000000006
62b438ba66fea644fe22cca2 5 0 34.00000000000001
62b438ba66fea644fe22cca2 5 0 36.0
62b438b666fea644fe22cc78 5 0 22.399999999999995
62b438b666fea644fe22cc78 5 0 27.89999999999999
62b438b666fea644fe22cc78 5 0 31.400000000000006
62b438b666fea644fe22cc78 5 0 34.00000000000001
62b438b666fea644fe22cc78 5 0 36.0
62b438b666fea644fe22cc72 5 3 22.999999999999996
62b438b666fea644fe22cc72 5 3 28.79999999999999
62b438b666fea644fe22cc72 5 3 32.400000000000006
62b438b666fea644fe22cc72 5 3 35.00000000000001
62b438b666fea644fe22cc72 5 3 37.0
62b438b566fea644fe22cc70 5 1 23.199999999999996
62b438b566fea644fe22cc70 5 1 29.19999999999999
62b438b566fea644fe22cc70 5 1 33.00000000000001
62b438b566fea644fe22cc70 5 1 35.800000000000004
62b438b566fea644fe22cc70 5 1 38.0
62b438a266fea644fe22cc2e 5 0 23.199999999999996
62b438a266fea644fe22cc2e 5 0 29.19999999999999
62b438a266fea644fe22cc2e 5 0 33.00000000000001
62b438a266fea644fe22cc2e 5 0 35.800000000000004
62b438a266fea644fe22cc2e 5 0 38.0
62b438a266fea644fe22cc2d 5 0 23.199999999999996
62b438a266fea644fe22cc2d 5 0 29.19999999999999
62b438a266fea644fe22cc2d 5 0 33.00000000000001
62b438a266fea644fe22cc2d 5 0 35.800000000000004
62b438a266fea644fe22cc2d 5 0 38.0
62b438a266fea644fe22cc2c 5 4 23.999999999999996
62b438a266fea644fe22cc2c 5 4 30.19999999999999
62b438a266fea644fe22cc2c 5 4 34.00000000000001
62b438a266fea644fe22cc2c 5 4 36.800000000000004
62b438a266fea644fe22cc2c 5 4 39.0
62ece4982e6aefcf4aabbd5f 5 5 24.999999999999996
62ece4982e6aefcf4aabbd5f 5 5 31.19999999999999
62ece4982e6aefcf4aabbd5f 5 5 35.00000000000001
62ece4982e6aefcf4aabbd5f 5 5 37.800000000000004
62ece4982e6aefcf4aabbd5f 5 5 40.0
62ece4982e6aefcf4aabbd60 5 1 25.199999999999996
62ece4982e6aefcf4aabbd60 5 1 31.599999999999987
62ece4982e6aefcf4aabbd60 5 1 35.60000000000001
62ece4982e6aefcf4aabbd60 5 1 38.6
62ece4982e6aefcf4aabbd60 5 1 41.0
62ece4982e6aefcf4aabbd61 5 5 26.199999999999996
62ece4982e6aefcf4aabbd61 5 5 32.59999999999999
62ece4982e6aefcf4aabbd61 5 5 36.60000000000001
62ece4982e6aefcf4aabbd61 5 5 39.6
62ece4982e6aefcf4aabbd61 5 5 42.0
62ece4982e6aefcf4aabbd62 5 0 26.199999999999996
62ece4982e6aefcf4aabbd62 5 0 32.59999999999999
62ece4982e6aefcf4aabbd62 5 0 36.60000000000001
62ece4982e6aefcf4aabbd62 5 0 39.6
62ece4982e6aefcf4aabbd62 5 0 42.0
62ece4982e6aefcf4aabbd63 5 3 26.799999999999997
62ece4982e6aefcf4aabbd63 5 3 33.499999999999986
62ece4982e6aefcf4aabbd63 5 3 37.60000000000001
62ece4982e6aefcf4aabbd63 5 3 40.6
62ece4982e6aefcf4aabbd63 5 3 43.0
62ece4982e6aefcf4aabbd65 5 2 27.199999999999996
62ece4982e6aefcf4aabbd65 5 2 34.19999999999999
62ece4982e6aefcf4aabbd65 5 2 38.50000000000001
62ece4982e6aefcf4aabbd65 5 2 41.6
62ece4982e6aefcf4aabbd65 5 2 44.0
62ece4982e6aefcf4aabbd66 5 0 27.199999999999996
62ece4982e6aefcf4aabbd66 5 0 34.19999999999999
62ece4982e6aefcf4aabbd66 5 0 38.50000000000001
62ece4982e6aefcf4aabbd66 5 0 41.6
62ece4982e6aefcf4aabbd66 5 0 44.0
62ece4982e6aefcf4aabbd67 5 2 27.599999999999994
62ece4982e6aefcf4aabbd67 5 2 34.89999999999999
62ece4982e6aefcf4aabbd67 5 2 39.400000000000006
62ece4982e6aefcf4aabbd67 5 2 42.6
62ece4982e6aefcf4aabbd67 5 2 45.0
62ece4982e6aefcf4aabbd68 5 3 28.199999999999996
62ece4982e6aefcf4aabbd68 5 3 35.79999999999999
62ece4982e6aefcf4aabbd68 5 3 40.400000000000006
62ece4982e6aefcf4aabbd68 5 3 43.6
62ece4982e6aefcf4aabbd68 5 3 46.0
62ece4982e6aefcf4aabbd69 5 0 28.199999999999996
62ece4982e6aefcf4aabbd69 5 0 35.79999999999999
62ece4982e6aefcf4aabbd69 5 0 40.400000000000006
62ece4982e6aefcf4aabbd69 5 0 43.6
62ece4982e6aefcf4aabbd69 5 0 46.0
62ece4982e6aefcf4aabbd6a 5 5 29.199999999999996
62ece4982e6aefcf4aabbd6a 5 5 36.79999999999999
62ece4982e6aefcf4aabbd6a 5 5 41.400000000000006
62ece4982e6aefcf4aabbd6a 5 5 44.6
62ece4982e6aefcf4aabbd6a 5 5 47.0
62ece4982e6aefcf4aabbd6b 5 1 29.399999999999995
62ece4982e6aefcf4aabbd6b 5 1 37.19999999999999
62ece4982e6aefcf4aabbd6b 5 1 42.00000000000001
62ece4982e6aefcf4aabbd6b 5 1 45.4
62ece4982e6aefcf4aabbd6b 5 1 48.0
62ece4982e6aefcf4aabbd6d 5 2 29.799999999999994
62ece4982e6aefcf4aabbd6d 5 2 37.89999999999999
62ece4982e6aefcf4aabbd6d 5 2 42.900000000000006
62ece4982e6aefcf4aabbd6d 5 2 46.4
62ece4982e6aefcf4aabbd6d 5 2 49.0
62ece4982e6aefcf4aabbd6f 5 0 29.799999999999994
62ece4982e6aefcf4aabbd6f 5 0 37.89999999999999
62ece4982e6aefcf4aabbd6f 5 0 42.900000000000006
62ece4982e6aefcf4aabbd6f 5 0 46.4
62ece4982e6aefcf4aabbd6f 5 0 49.0
62ece4982e6aefcf4aabbd70 5 4 30.599999999999994
62ece4982e6aefcf4aabbd70 5 4 38.89999999999999
62ece4982e6aefcf4aabbd70 5 4 43.900000000000006
62ece4982e6aefcf4aabbd70 5 4 47.4
62ece4982e6aefcf4aabbd70 5 4 50.0
62ece4982e6aefcf4aabbd71 5 0 30.599999999999994
62ece4982e6aefcf4aabbd71 5 0 38.89999999999999
62ece4982e6aefcf4aabbd71 5 0 43.900000000000006
62ece4982e6aefcf4aabbd71 5 0 47.4
62ece4982e6aefcf4aabbd71 5 0 50.0
62ece4982e6aefcf4aabbd72 5 0 30.599999999999994
62ece4982e6aefcf4aabbd72 5 0 38.89999999999999
62ece4982e6aefcf4aabbd72 5 0 43.900000000000006
62ece4982e6aefcf4aabbd72 5 0 47.4
62ece4982e6aefcf4aabbd72 5 0 50.0
62ece4982e6aefcf4aabbd73 5 0 30.599999999999994
62ece4982e6aefcf4aabbd73 5 0 38.89999999999999
62ece4982e6aefcf4aabbd73 5 0 43.900000000000006
62ece4982e6aefcf4aabbd73 5 0 47.4
62ece4982e6aefcf4aabbd73 5 0 50.0
62ece4982e6aefcf4aabbd74 5 0 30.599999999999994
62ece4982e6aefcf4aabbd74 5 0 38.89999999999999
62ece4982e6aefcf4aabbd74 5 0 43.900000000000006
62ece4982e6aefcf4aabbd74 5 0 47.4
62ece4982e6aefcf4aabbd74 5 0 50.0
62ece4982e6aefcf4aabbd75 5 0 30.599999999999994
62ece4982e6aefcf4aabbd75 5 0 38.89999999999999
62ece4982e6aefcf4aabbd75 5 0 43.900000000000006
62ece4982e6aefcf4aabbd75 5 0 47.4
62ece4982e6aefcf4aabbd75 5 0 50.0
62ece4982e6aefcf4aabbd76 5 0 30.599999999999994
62ece4982e6aefcf4aabbd76 5 0 38.89999999999999
62ece4982e6aefcf4aabbd76 5 0 43.900000000000006
62ece4982e6aefcf4aabbd76 5 0 47.4
62ece4982e6aefcf4aabbd76 5 0 50.0
62ece4982e6aefcf4aabbd77 5 0 30.599999999999994
62ece4982e6aefcf4aabbd77 5 0 38.89999999999999
62ece4982e6aefcf4aabbd77 5 0 43.900000000000006
62ece4982e6aefcf4aabbd77 5 0 47.4
62ece4982e6aefcf4aabbd77 5 0 50.0
62ece4992e6aefcf4aabbd78 5 1 30.799999999999994
62ece4992e6aefcf4aabbd78 5 1 39.29999999999999
62ece4992e6aefcf4aabbd78 5 1 44.50000000000001
62ece4992e6aefcf4aabbd78 5 1 48.199999999999996
62ece4992e6aefcf4aabbd78 5 1 51.0
62ece4992e6aefcf4aabbd79 5 0 30.799999999999994
62ece4992e6aefcf4aabbd79 5 0 39.29999999999999
62ece4992e6aefcf4aabbd79 5 0 44.50000000000001
62ece4992e6aefcf4aabbd79 5 0 48.199999999999996
62ece4992e6aefcf4aabbd79 5 0 51.0
62ece4992e6aefcf4aabbd7a 5 5 31.799999999999994
62ece4992e6aefcf4aabbd7a 5 5 40.29999999999999
62ece4992e6aefcf4aabbd7a 5 5 45.50000000000001
62ece4992e6aefcf4aabbd7a 5 5 49.199999999999996
62ece4992e6aefcf4aabbd7a 5 5 52.0
62ece4992e6aefcf4aabbd7b 5 0 31.799999999999994
62ece4992e6aefcf4aabbd7b 5 0 40.29999999999999
62ece4992e6aefcf4aabbd7b 5 0 45.50000000000001
62ece4992e6aefcf4aabbd7b 5 0 49.199999999999996
62ece4992e6aefcf4aabbd7b 5 0 52.0
62ece4992e6aefcf4aabbd7c 5 0 31.799999999999994
62ece4992e6aefcf4aabbd7c 5 0 40.29999999999999
62ece4992e6aefcf4aabbd7c 5 0 45.50000000000001
62ece4992e6aefcf4aabbd7c 5 0 49.199999999999996
62ece4992e6aefcf4aabbd7c 5 0 52.0
62ece4992e6aefcf4aabbd7d 5 5 32.8
62ece4992e6aefcf4aabbd7d 5 5 41.29999999999999
62ece4992e6aefcf4aabbd7d 5 5 46.50000000000001
62ece4992e6aefcf4aabbd7d 5 5 50.199999999999996
62ece4992e6aefcf4aabbd7d 5 5 53.0
62ece4992e6aefcf4aabbd7e 5 0 32.8
62ece4992e6aefcf4aabbd7e 5 0 41.29999999999999
62ece4992e6aefcf4aabbd7e 5 0 46.50000000000001
62ece4992e6aefcf4aabbd7e 5 0 50.199999999999996
62ece4992e6aefcf4aabbd7e 5 0 53.0
62ece4992e6aefcf4aabbd7f 5 4 33.599999999999994
62ece4992e6aefcf4aabbd7f 5 4 42.29999999999999
62ece4992e6aefcf4aabbd7f 5 4 47.50000000000001
62ece4992e6aefcf4aabbd7f 5 4 51.199999999999996
62ece4992e6aefcf4aabbd7f 5 4 54.0
62ece4992e6aefcf4aabbd80 5 5 34.599999999999994
62ece4992e6aefcf4aabbd80 5 5 43.29999999999999
62ece4992e6aefcf4aabbd80 5 5 48.50000000000001
62ece4992e6aefcf4aabbd80 5 5 52.199999999999996
62ece4992e6aefcf4aabbd80 5 5 55.0
62ece4992e6aefcf4aabbd82 5 1 34.8
62ece4992e6aefcf4aabbd82 5 1 43.69999999999999
62ece4992e6aefcf4aabbd82 5 1 49.10000000000001
62ece4992e6aefcf4aabbd82 5 1 52.99999999999999
62ece4992e6aefcf4aabbd82 5 1 56.0
62ece4992e6aefcf4aabbd83 5 0 34.8
62ece4992e6aefcf4aabbd83 5 0 43.69999999999999
62ece4992e6aefcf4aabbd83 5 0 49.10000000000001
62ece4992e6aefcf4aabbd83 5 0 52.99999999999999
62ece4992e6aefcf4aabbd83 5 0 56.0
62ece4992e6aefcf4aabbd84 5 4 35.599999999999994
62ece4992e6aefcf4aabbd84 5 4 44.69999999999999
62ece4992e6aefcf4aabbd84 5 4 50.10000000000001
62ece4992e6aefcf4aabbd84 5 4 53.99999999999999
62ece4992e6aefcf4aabbd84 5 4 57.0
62ece4992e6aefcf4aabbd85 5 0 35.599999999999994
62ece4992e6aefcf4aabbd85 5 0 44.69999999999999
62ece4992e6aefcf4aabbd85 5 0 50.10000000000001
62ece4992e6aefcf4aabbd85 5 0 53.99999999999999
62ece4992e6aefcf4aabbd85 5 0 57.0
62ece4992e6aefcf4aabbd86 5 0 35.599999999999994
62ece4992e6aefcf4aabbd86 5 0 44.69999999999999
62ece4992e6aefcf4aabbd86 5 0 50.10000000000001
62ece4992e6aefcf4aabbd86 5 0 53.99999999999999
62ece4992e6aefcf4aabbd86 5 0 57.0
62ece4992e6aefcf4aabbd87 5 0 35.599999999999994
62ece4992e6aefcf4aabbd87 5 0 44.69999999999999
62ece4992e6aefcf4aabbd87 5 0 50.10000000000001
62ece4992e6aefcf4aabbd87 5 0 53.99999999999999
62ece4992e6aefcf4aabbd87 5 0 57.0
62ece4992e6aefcf4aabbd88 5 2 35.99999999999999
62ece4992e6aefcf4aabbd88 5 2 45.39999999999999
62ece4992e6aefcf4aabbd88 5 2 51.00000000000001
62ece4992e6aefcf4aabbd88 5 2 54.99999999999999
62ece4992e6aefcf4aabbd88 5 2 58.0
62ece4992e6aefcf4aabbd89 5 3 36.599999999999994
62ece4992e6aefcf4aabbd89 5 3 46.29999999999999
62ece4992e6aefcf4aabbd89 5 3 52.00000000000001
62ece4992e6aefcf4aabbd89 5 3 55.99999999999999
62ece4992e6aefcf4aabbd89 5 3 59.0
62ece4992e6aefcf4aabbd8a 5 2 36.99999999999999
62ece4992e6aefcf4aabbd8a 5 2 46.99999999999999
62ece4992e6aefcf4aabbd8a 5 2 52.900000000000006
62ece4992e6aefcf4aabbd8a 5 2 56.99999999999999
62ece4992e6aefcf4aabbd8a 5 2 60.0
62ece4992e6aefcf4aabbd8b 5 0 36.99999999999999
62ece4992e6aefcf4aabbd8b 5 0 46.99999999999999
62ece4992e6aefcf4aabbd8b 5 0 52.900000000000006
62ece4992e6aefcf4aabbd8b 5 0 56.99999999999999
62ece4992e6aefcf4aabbd8b 5 0 60.0
62e60723d76274f8a4026b76 5 0 36.99999999999999
62e60723d76274f8a4026b76 5 0 46.99999999999999
62e60723d76274f8a4026b76 5 0 52.900000000000006
62e60723d76274f8a4026b76 5 0 56.99999999999999
62e60723d76274f8a4026b76 5 0 60.0
62e60873d76274f8a4026bd8 5 0 36.99999999999999
62e60873d76274f8a4026bd8 5 0 46.99999999999999
62e60873d76274f8a4026bd8 5 0 52.900000000000006
62e60873d76274f8a4026bd8 5 0 56.99999999999999
62e60873d76274f8a4026bd8 5 0 60.0
62e60e3bd76274f8a4026d1a 5 0 36.99999999999999
62e60e3bd76274f8a4026d1a 5 0 46.99999999999999
62e60e3bd76274f8a4026d1a 5 0 52.900000000000006
62e60e3bd76274f8a4026d1a 5 0 56.99999999999999
62e60e3bd76274f8a4026d1a 5 0 60.0
62b87b199a0c4fa8b80b354c 5 0 36.99999999999999
62b87b199a0c4fa8b80b354c 5 0 46.99999999999999
62b87b199a0c4fa8b80b354c 5 0 52.900000000000006
62b87b199a0c4fa8b80b354c 5 0 56.99999999999999
62b87b199a0c4fa8b80b354c 5 0 60.0
62b87b4f9a0c4fa8b80b3581 5 0 36.99999999999999
62b87b4f9a0c4fa8b80b3581 5 0 46.99999999999999
62b87b4f9a0c4fa8b80b3581 5 0 52.900000000000006
62b87b4f9a0c4fa8b80b3581 5 0 56.99999999999999
62b87b4f9a0c4fa8b80b3581 5 0 60.0
62b87b519a0c4fa8b80b3583 5 0 36.99999999999999
62b87b519a0c4fa8b80b3583 5 0 46.99999999999999
62b87b519a0c4fa8b80b3583 5 0 52.900000000000006
62b87b519a0c4fa8b80b3583 5 0 56.99999999999999
62b87b519a0c4fa8b80b3583 5 0 60.0
62b87b869a0c4fa8b80b35e1 5 0 36.99999999999999
62b87b869a0c4fa8b80b35e1 5 0 46.99999999999999
62b87b869a0c4fa8b80b35e1 5 0 52.900000000000006
62b87b869a0c4fa8b80b35e1 5 0 56.99999999999999
62b87b869a0c4fa8b80b35e1 5 0 60.0
62b8b4baeb7e40a82d2d1136 5 5 37.99999999999999
62b8b4baeb7e40a82d2d1136 5 5 47.99999999999999
62b8b4baeb7e40a82d2d1136 5 5 53.900000000000006
62b8b4baeb7e40a82d2d1136 5 5 57.99999999999999
62b8b4baeb7e40a82d2d1136 5 5 61.0
62b8b4baeb7e40a82d2d1137 5 5 38.99999999999999
62b8b4baeb7e40a82d2d1137 5 5 48.99999999999999
62b8b4baeb7e40a82d2d1137 5 5 54.900000000000006
62b8b4baeb7e40a82d2d1137 5 5 58.99999999999999
62b8b4baeb7e40a82d2d1137 5 5 62.0
62b8b4c1eb7e40a82d2d1139 5 5 39.99999999999999
62b8b4c1eb7e40a82d2d1139 5 5 49.99999999999999
62b8b4c1eb7e40a82d2d1139 5 5 55.900000000000006
62b8b4c1eb7e40a82d2d1139 5 5 59.99999999999999
62b8b4c1eb7e40a82d2d1139 5 5 63.0
62b8b559eb7e40a82d2d11f6 5 3 40.599999999999994
62b8b559eb7e40a82d2d11f6 5 3 50.89999999999999
62b8b559eb7e40a82d2d11f6 5 3 56.900000000000006
62b8b559eb7e40a82d2d11f6 5 3 60.99999999999999
62b8b559eb7e40a82d2d11f6 5 3 64.0
62b8d22a48ba5a41d1c3f47d 5 2 40.99999999999999
62b8d22a48ba5a41d1c3f47d 5 2 51.599999999999994
62b8d22a48ba5a41d1c3f47d 5 2 57.800000000000004
62b8d22a48ba5a41d1c3f47d 5 2 61.99999999999999
62b8d22a48ba5a41d1c3f47d 5 2 65.0
62b8d23748ba5a41d1c3f497 5 0 40.99999999999999
62b8d23748ba5a41d1c3f497 5 0 51.599999999999994
62b8d23748ba5a41d1c3f497 5 0 57.800000000000004
62b8d23748ba5a41d1c3f497 5 0 61.99999999999999
62b8d23748ba5a41d1c3f497 5 0 65.0
62b8d23a48ba5a41d1c3f499 5 0 40.99999999999999
62b8d23a48ba5a41d1c3f499 5 0 51.599999999999994
62b8d23a48ba5a41d1c3f499 5 0 57.800000000000004
62b8d23a48ba5a41d1c3f499 5 0 61.99999999999999
62b8d23a48ba5a41d1c3f499 5 0 65.0
62b8d23c48ba5a41d1c3f49b 5 1 41.199999999999996
62b8d23c48ba5a41d1c3f49b 5 1 51.99999999999999
62b8d23c48ba5a41d1c3f49b 5 1 58.400000000000006
62b8d23c48ba5a41d1c3f49b 5 1 62.79999999999999
62b8d23c48ba5a41d1c3f49b 5 1 66.0
62b8d23e48ba5a41d1c3f49e 5 4 41.99999999999999
62b8d23e48ba5a41d1c3f49e 5 4 52.99999999999999
62b8d23e48ba5a41d1c3f49e 5 4 59.400000000000006
62b8d23e48ba5a41d1c3f49e 5 4 63.79999999999999
62b8d23e48ba5a41d1c3f49e 5 4 67.0
62b43425903eeb48555d3ea1 5 0 41.99999999999999
62b43425903eeb48555d3ea1 5 0 52.99999999999999
62b43425903eeb48555d3ea1 5 0 59.400000000000006
62b43425903eeb48555d3ea1 5 0 63.79999999999999
62b43425903eeb48555d3ea1 5 0 67.0
62b43426903eeb48555d3ea2 5 0 41.99999999999999
62b43426903eeb48555d3ea2 5 0 52.99999999999999
62b43426903eeb48555d3ea2 5 0 59.400000000000006
62b43426903eeb48555d3ea2 5 0 63.79999999999999
62b43426903eeb48555d3ea2 5 0 67.0
62b8966c755ee91dce50a154 5 0 41.99999999999999
62b8966c755ee91dce50a154 5 0 52.99999999999999
62b8966c755ee91dce50a154 5 0 59.400000000000006
62b8966c755ee91dce50a154 5 0 63.79999999999999
62b8966c755ee91dce50a154 5 0 67.0
62b896de755ee91dce50a183 5 0 41.99999999999999
62b896de755ee91dce50a183 5 0 52.99999999999999
62b896de755ee91dce50a183 5 0 59.400000000000006
62b896de755ee91dce50a183 5 0 63.79999999999999
62b896de755ee91dce50a183 5 0 67.0
62b8a4a4755ee91dce50a3d3 5 4 42.79999999999999
62b8a4a4755ee91dce50a3d3 5 4 53.99999999999999
62b8a4a4755ee91dce50a3d3 5 4 60.400000000000006
62b8a4a4755ee91dce50a3d3 5 4 64.79999999999998
62b8a4a4755ee91dce50a3d3 5 4 68.0
62b8a7b2755ee91dce50a4a7 5 4 43.59999999999999
62b8a7b2755ee91dce50a4a7 5 4 54.99999999999999
62b8a7b2755ee91dce50a4a7 5 4 61.400000000000006
62b8a7b2755ee91dce50a4a7 5 4 65.79999999999998
62b8a7b2755ee91dce50a4a7 5 4 69.0
6305f9991d275c6667163c50 5 5 44.59999999999999
6305f9991d275c6667163c50 5 5 55.99999999999999
6305f9991d275c6667163c50 5 5 62.400000000000006
6305f9991d275c6667163c50 5 5 66.79999999999998
6305f9991d275c6667163c50 5 5 70.0
6306292052e177c0ba469f09 5 0 44.59999999999999
6306292052e177c0ba469f09 5 0 55.99999999999999
6306292052e177c0ba469f09 5 0 62.400000000000006
6306292052e177c0ba469f09 5 0 66.79999999999998
6306292052e177c0ba469f09 5 0 70.0
6306292152e177c0ba469f0d 5 0 44.59999999999999
6306292152e177c0ba469f0d 5 0 55.99999999999999
6306292152e177c0ba469f0d 5 0 62.400000000000006
6306292152e177c0ba469f0d 5 0 66.79999999999998
6306292152e177c0ba469f0d 5 0 70.0
6306292252e177c0ba469f11 5 4 45.399999999999984
6306292252e177c0ba469f11 5 4 56.99999999999999
6306292252e177c0ba469f11 5 4 63.400000000000006
6306292252e177c0ba469f11 5 4 67.79999999999998
6306292252e177c0ba469f11 5 4 71.0
6306292352e177c0ba469f1d 5 0 45.399999999999984
6306292352e177c0ba469f1d 5 0 56.99999999999999
6306292352e177c0ba469f1d 5 0 63.400000000000006
6306292352e177c0ba469f1d 5 0 67.79999999999998
6306292352e177c0ba469f1d 5 0 71.0
6306292352e177c0ba469f1e 5 0 45.399999999999984
6306292352e177c0ba469f1e 5 0 56.99999999999999
6306292352e177c0ba469f1e 5 0 63.400000000000006
6306292352e177c0ba469f1e 5 0 67.79999999999998
6306292352e177c0ba469f1e 5 0 71.0
6306292652e177c0ba469f34 5 0 45.399999999999984
6306292652e177c0ba469f34 5 0 56.99999999999999
6306292652e177c0ba469f34 5 0 63.400000000000006
6306292652e177c0ba469f34 5 0 67.79999999999998
6306292652e177c0ba469f34 5 0 71.0
6306292a52e177c0ba469f41 5 0 45.399999999999984
6306292a52e177c0ba469f41 5 0 56.99999999999999
6306292a52e177c0ba469f41 5 0 63.400000000000006
6306292a52e177c0ba469f41 5 0 67.79999999999998
6306292a52e177c0ba469f41 5 0 71.0
6306298b52e177c0ba469fdc 5 0 45.399999999999984
6306298b52e177c0ba469fdc 5 0 56.99999999999999
6306298b52e177c0ba469fdc 5 0 63.400000000000006
6306298b52e177c0ba469fdc 5 0 67.79999999999998
6306298b52e177c0ba469fdc 5 0 71.0
6306299052e177c0ba469fe8 5 2 45.79999999999998
6306299052e177c0ba469fe8 5 2 57.699999999999996
6306299052e177c0ba469fe8 5 2 64.30000000000001
6306299052e177c0ba469fe8 5 2 68.79999999999998
6306299052e177c0ba469fe8 5 2 72.0
630629b952e177c0ba46a043 5 0 45.79999999999998
630629b952e177c0ba46a043 5 0 57.699999999999996
630629b952e177c0ba46a043 5 0 64.30000000000001
630629b952e177c0ba46a043 5 0 68.79999999999998
630629b952e177c0ba46a043 5 0 72.0
630629d052e177c0ba46a0a1 5 0 45.79999999999998
630629d052e177c0ba46a0a1 5 0 57.699999999999996
630629d052e177c0ba46a0a1 5 0 64.30000000000001
630629d052e177c0ba46a0a1 5 0 68.79999999999998
630629d052e177c0ba46a0a1 5 0 72.0
630629e052e177c0ba46a0c4 5 0 45.79999999999998
630629e052e177c0ba46a0c4 5 0 57.699999999999996
630629e052e177c0ba46a0c4 5 0 64.30000000000001
630629e052e177c0ba46a0c4 5 0 68.79999999999998
630629e052e177c0ba46a0c4 5 0 72.0
630629e152e177c0ba46a0d1 5 5 46.79999999999998
630629e152e177c0ba46a0d1 5 5 58.699999999999996
630629e152e177c0ba46a0d1 5 5 65.30000000000001
630629e152e177c0ba46a0d1 5 5 69.79999999999998
630629e152e177c0ba46a0d1 5 5 73.0
630629e152e177c0ba46a0d2 5 0 46.79999999999998
630629e152e177c0ba46a0d2 5 0 58.699999999999996
630629e152e177c0ba46a0d2 5 0 65.30000000000001
630629e152e177c0ba46a0d2 5 0 69.79999999999998
630629e152e177c0ba46a0d2 5 0 73.0
630629e252e177c0ba46a0d6 5 0 46.79999999999998
630629e252e177c0ba46a0d6 5 0 58.699999999999996
630629e252e177c0ba46a0d6 5 0 65.30000000000001
630629e252e177c0ba46a0d6 5 0 69.79999999999998
630629e252e177c0ba46a0d6 5 0 73.0
630629e752e177c0ba46a0fb 5 0 46.79999999999998
630629e752e177c0ba46a0fb 5 0 58.699999999999996
630629e752e177c0ba46a0fb 5 0 65.30000000000001
630629e752e177c0ba46a0fb 5 0 69.79999999999998
630629e752e177c0ba46a0fb 5 0 73.0
6306091073426c38ae68acac 5 0 46.79999999999998
6306091073426c38ae68acac 5 0 58.699999999999996
6306091073426c38ae68acac 5 0 65.30000000000001
6306091073426c38ae68acac 5 0 69.79999999999998
6306091073426c38ae68acac 5 0 73.0
6306091a73426c38ae68acc8 5 0 46.79999999999998
6306091a73426c38ae68acc8 5 0 58.699999999999996
6306091a73426c38ae68acc8 5 0 65.30000000000001
6306091a73426c38ae68acc8 5 0 69.79999999999998
6306091a73426c38ae68acc8 5 0 73.0
6306091b73426c38ae68acd7 5 0 46.79999999999998
6306091b73426c38ae68acd7 5 0 58.699999999999996
6306091b73426c38ae68acd7 5 0 65.30000000000001
6306091b73426c38ae68acd7 5 0 69.79999999999998
6306091b73426c38ae68acd7 5 0 73.0
6306091b73426c38ae68acd9 5 0 46.79999999999998
6306091b73426c38ae68acd9 5 0 58.699999999999996
6306091b73426c38ae68acd9 5 0 65.30000000000001
6306091b73426c38ae68acd9 5 0 69.79999999999998
6306091b73426c38ae68acd9 5 0 73.0
6306091b73426c38ae68acda 5 0 46.79999999999998
6306091b73426c38ae68acda 5 0 58.699999999999996
6306091b73426c38ae68acda 5 0 65.30000000000001
6306091b73426c38ae68acda 5 0 69.79999999999998
6306091b73426c38ae68acda 5 0 73.0
6306091c73426c38ae68acdc 5 0 46.79999999999998
6306091c73426c38ae68acdc 5 0 58.699999999999996
6306091c73426c38ae68acdc 5 0 65.30000000000001
6306091c73426c38ae68acdc 5 0 69.79999999999998
6306091c73426c38ae68acdc 5 0 73.0
6306091c73426c38ae68acdd 5 0 46.79999999999998
6306091c73426c38ae68acdd 5 0 58.699999999999996
6306091c73426c38ae68acdd 5 0 65.30000000000001
6306091c73426c38ae68acdd 5 0 69.79999999999998
6306091c73426c38ae68acdd 5 0 73.0
6306091d73426c38ae68ace5 5 0 46.79999999999998
6306091d73426c38ae68ace5 5 0 58.699999999999996
6306091d73426c38ae68ace5 5 0 65.30000000000001
6306091d73426c38ae68ace5 5 0 69.79999999999998
6306091d73426c38ae68ace5 5 0 73.0
6306092373426c38ae68acfa 5 0 46.79999999999998
6306092373426c38ae68acfa 5 0 58.699999999999996
6306092373426c38ae68acfa 5 0 65.30000000000001
6306092373426c38ae68acfa 5 0 69.79999999999998
6306092373426c38ae68acfa 5 0 73.0
6306092973426c38ae68ad01 5 0 46.79999999999998
6306092973426c38ae68ad01 5 0 58.699999999999996
6306092973426c38ae68ad01 5 0 65.30000000000001
6306092973426c38ae68ad01 5 0 69.79999999999998
6306092973426c38ae68ad01 5 0 73.0
6306092c73426c38ae68ad02 5 0 46.79999999999998
6306092c73426c38ae68ad02 5 0 58.699999999999996
6306092c73426c38ae68ad02 5 0 65.30000000000001
6306092c73426c38ae68ad02 5 0 69.79999999999998
6306092c73426c38ae68ad02 5 0 73.0
6306092d73426c38ae68ad04 5 0 46.79999999999998
6306092d73426c38ae68ad04 5 0 58.699999999999996
6306092d73426c38ae68ad04 5 0 65.30000000000001
6306092d73426c38ae68ad04 5 0 69.79999999999998
6306092d73426c38ae68ad04 5 0 73.0
6306092d73426c38ae68ad05 5 0 46.79999999999998
6306092d73426c38ae68ad05 5 0 58.699999999999996
6306092d73426c38ae68ad05 5 0 65.30000000000001
6306092d73426c38ae68ad05 5 0 69.79999999999998
6306092d73426c38ae68ad05 5 0 73.0
6306092d73426c38ae68ad06 5 0 46.79999999999998
6306092d73426c38ae68ad06 5 0 58.699999999999996
6306092d73426c38ae68ad06 5 0 65.30000000000001
6306092d73426c38ae68ad06 5 0 69.79999999999998
6306092d73426c38ae68ad06 5 0 73.0
6306092d73426c38ae68ad07 5 0 46.79999999999998
6306092d73426c38ae68ad07 5 0 58.699999999999996
6306092d73426c38ae68ad07 5 0 65.30000000000001
6306092d73426c38ae68ad07 5 0 69.79999999999998
6306092d73426c38ae68ad07 5 0 73.0
6306092d73426c38ae68ad08 5 3 47.399999999999984
6306092d73426c38ae68ad08 5 3 59.599999999999994
6306092d73426c38ae68ad08 5 3 66.30000000000001
6306092d73426c38ae68ad08 5 3 70.79999999999998
6306092d73426c38ae68ad08 5 3 74.0
6306092e73426c38ae68ad09 5 0 47.399999999999984
6306092e73426c38ae68ad09 5 0 59.599999999999994
6306092e73426c38ae68ad09 5 0 66.30000000000001
6306092e73426c38ae68ad09 5 0 70.79999999999998
6306092e73426c38ae68ad09 5 0 74.0
6306092e73426c38ae68ad0a 5 0 47.399999999999984
6306092e73426c38ae68ad0a 5 0 59.599999999999994
6306092e73426c38ae68ad0a 5 0 66.30000000000001
6306092e73426c38ae68ad0a 5 0 70.79999999999998
6306092e73426c38ae68ad0a 5 0 74.0
6306092e73426c38ae68ad0b 5 0 47.399999999999984
6306092e73426c38ae68ad0b 5 0 59.599999999999994
6306092e73426c38ae68ad0b 5 0 66.30000000000001
6306092e73426c38ae68ad0b 5 0 70.79999999999998
6306092e73426c38ae68ad0b 5 0 74.0
6306092e73426c38ae68ad0d 5 0 47.399999999999984
6306092e73426c38ae68ad0d 5 0 59.599999999999994
6306092e73426c38ae68ad0d 5 0 66.30000000000001
6306092e73426c38ae68ad0d 5 0 70.79999999999998
6306092e73426c38ae68ad0d 5 0 74.0
6306092e73426c38ae68ad0f 5 0 47.399999999999984
6306092e73426c38ae68ad0f 5 0 59.599999999999994
6306092e73426c38ae68ad0f 5 0 66.30000000000001
6306092e73426c38ae68ad0f 5 0 70.79999999999998
6306092e73426c38ae68ad0f 5 0 74.0
6306092e73426c38ae68ad11 5 0 47.399999999999984
6306092e73426c38ae68ad11 5 0 59.599999999999994
6306092e73426c38ae68ad11 5 0 66.30000000000001
6306092e73426c38ae68ad11 5 0 70.79999999999998
6306092e73426c38ae68ad11 5 0 74.0
6306092f73426c38ae68ad13 5 0 47.399999999999984
6306092f73426c38ae68ad13 5 0 59.599999999999994
6306092f73426c38ae68ad13 5 0 66.30000000000001
6306092f73426c38ae68ad13 5 0 70.79999999999998
6306092f73426c38ae68ad13 5 0 74.0
6306093273426c38ae68ad15 5 0 47.399999999999984
6306093273426c38ae68ad15 5 0 59.599999999999994
6306093273426c38ae68ad15 5 0 66.30000000000001
6306093273426c38ae68ad15 5 0 70.79999999999998
6306093273426c38ae68ad15 5 0 74.0
63060ada73426c38ae68ad31 5 1 47.59999999999999
63060ada73426c38ae68ad31 5 1 59.99999999999999
63060ada73426c38ae68ad31 5 1 66.9
63060ada73426c38ae68ad31 5 1 71.59999999999998
63060ada73426c38ae68ad31 5 1 75.0
63060b1a73426c38ae68ad3e 5 0 47.59999999999999
63060b1a73426c38ae68ad3e 5 0 59.99999999999999
63060b1a73426c38ae68ad3e 5 0 66.9
63060b1a73426c38ae68ad3e 5 0 71.59999999999998
63060b1a73426c38ae68ad3e 5 0 75.0
63060b1b73426c38ae68ad42 5 0 47.59999999999999
63060b1b73426c38ae68ad42 5 0 59.99999999999999
63060b1b73426c38ae68ad42 5 0 66.9
63060b1b73426c38ae68ad42 5 0 71.59999999999998
63060b1b73426c38ae68ad42 5 0 75.0
63060b1b73426c38ae68ad43 5 2 47.999999999999986
63060b1b73426c38ae68ad43 5 2 60.699999999999996
63060b1b73426c38ae68ad43 5 2 67.80000000000001
63060b1b73426c38ae68ad43 5 2 72.59999999999998
63060b1b73426c38ae68ad43 5 2 76.0
62ece4982e6aefcf4aabbd64 5 0 47.999999999999986
62ece4982e6aefcf4aabbd64 5 0 60.699999999999996
62ece4982e6aefcf4aabbd64 5 0 67.80000000000001
62ece4982e6aefcf4aabbd64 5 0 72.59999999999998
62ece4982e6aefcf4aabbd64 5 0 76.0
230 230
[47.999999999999986, 60.699999999999996, 67.80000000000001, 72.59999999999998, 76.0]
0.20869565217391298
 20.87%
0.26391304347826083
 26.39%
0.2947826086956522
 29.48%
0.3156521739130434
 31.57%
0.33043478260869563
 33.04%
finish_overall
plib_runnable	21

  19.05%	
  25.24%	
  27.62%	
  28.57%	
  28.57%	


project_runnable	23

  7.83%	
  11.30%	
  12.61%	
  13.04%	
  13.04%	


class_runnable	55

  11.27%	
  14.55%	
  16.73%	
  18.55%	
  20.00%	


self_contained	35

  45.14%	
  55.43%	
  60.86%	
  64.00%	
  65.71%	


file_runnable	68

  20.00%	
  24.85%	
  27.94%	
  30.29%	
  32.35%	


slib_runnable	28

  23.57%	
  30.36%	
  34.29%	
  37.14%	
  39.29%	


230
0
