62e60f43d76274f8a4026e28 5 0 0.0
62e60f43d76274f8a4026e28 5 0 0.0
62e60f43d76274f8a4026e28 5 0 0.0
62e60f43d76274f8a4026e28 5 0 0.0
62e60f43d76274f8a4026e28 5 0 0.0
62e60f3bd76274f8a4026e10 5 0 0.0
62e60f3bd76274f8a4026e10 5 0 0.0
62e60f3bd76274f8a4026e10 5 0 0.0
62e60f3bd76274f8a4026e10 5 0 0.0
62e60f3bd76274f8a4026e10 5 0 0.0
62e60f37d76274f8a4026dfd 5 0 0.0
62e60f37d76274f8a4026dfd 5 0 0.0
62e60f37d76274f8a4026dfd 5 0 0.0
62e60f37d76274f8a4026dfd 5 0 0.0
62e60f37d76274f8a4026dfd 5 0 0.0
62e60f33d76274f8a4026de9 5 0 0.0
62e60f33d76274f8a4026de9 5 0 0.0
62e60f33d76274f8a4026de9 5 0 0.0
62e60f33d76274f8a4026de9 5 0 0.0
62e60f33d76274f8a4026de9 5 0 0.0
62e60ed4d76274f8a4026da0 5 5 1.0
62e60ed4d76274f8a4026da0 5 5 1.0
62e60ed4d76274f8a4026da0 5 5 1.0
62e60ed4d76274f8a4026da0 5 5 1.0
62e60ed4d76274f8a4026da0 5 5 1.0
62e60ecfd76274f8a4026d6a 5 0 1.0
62e60ecfd76274f8a4026d6a 5 0 1.0
62e60ecfd76274f8a4026d6a 5 0 1.0
62e60ecfd76274f8a4026d6a 5 0 1.0
62e60ecfd76274f8a4026d6a 5 0 1.0
62e60e49d76274f8a4026d25 5 0 1.0
62e60e49d76274f8a4026d25 5 0 1.0
62e60e49d76274f8a4026d25 5 0 1.0
62e60e49d76274f8a4026d25 5 0 1.0
62e60e49d76274f8a4026d25 5 0 1.0
62e60e05d76274f8a4026cfd 5 0 1.0
62e60e05d76274f8a4026cfd 5 0 1.0
62e60e05d76274f8a4026cfd 5 0 1.0
62e60e05d76274f8a4026cfd 5 0 1.0
62e60e05d76274f8a4026cfd 5 0 1.0
62e60da4d76274f8a4026cf1 5 0 1.0
62e60da4d76274f8a4026cf1 5 0 1.0
62e60da4d76274f8a4026cf1 5 0 1.0
62e60da4d76274f8a4026cf1 5 0 1.0
62e60da4d76274f8a4026cf1 5 0 1.0
62e60b10d76274f8a4026ccd 5 0 1.0
62e60b10d76274f8a4026ccd 5 0 1.0
62e60b10d76274f8a4026ccd 5 0 1.0
62e60b10d76274f8a4026ccd 5 0 1.0
62e60b10d76274f8a4026ccd 5 0 1.0
62e6087bd76274f8a4026bfa 5 0 1.0
62e6087bd76274f8a4026bfa 5 0 1.0
62e6087bd76274f8a4026bfa 5 0 1.0
62e6087bd76274f8a4026bfa 5 0 1.0
62e6087bd76274f8a4026bfa 5 0 1.0
62e6087ad76274f8a4026bf2 5 0 1.0
62e6087ad76274f8a4026bf2 5 0 1.0
62e6087ad76274f8a4026bf2 5 0 1.0
62e6087ad76274f8a4026bf2 5 0 1.0
62e6087ad76274f8a4026bf2 5 0 1.0
62e60879d76274f8a4026bec 5 0 1.0
62e60879d76274f8a4026bec 5 0 1.0
62e60879d76274f8a4026bec 5 0 1.0
62e60879d76274f8a4026bec 5 0 1.0
62e60879d76274f8a4026bec 5 0 1.0
62e60723d76274f8a4026b75 5 4 1.8
62e60723d76274f8a4026b75 5 4 2.0
62e60723d76274f8a4026b75 5 4 2.0
62e60723d76274f8a4026b75 5 4 2.0
62e60723d76274f8a4026b75 5 4 2.0
62e60707d76274f8a4026b69 5 0 1.8
62e60707d76274f8a4026b69 5 0 2.0
62e60707d76274f8a4026b69 5 0 2.0
62e60707d76274f8a4026b69 5 0 2.0
62e60707d76274f8a4026b69 5 0 2.0
62e5dc9ed76274f8a4026b5b 5 5 2.8
62e5dc9ed76274f8a4026b5b 5 5 3.0
62e5dc9ed76274f8a4026b5b 5 5 3.0
62e5dc9ed76274f8a4026b5b 5 5 3.0
62e5dc9ed76274f8a4026b5b 5 5 3.0
62e4fc3c85ea98643089041e 5 0 2.8
62e4fc3c85ea98643089041e 5 0 3.0
62e4fc3c85ea98643089041e 5 0 3.0
62e4fc3c85ea98643089041e 5 0 3.0
62e4fc3c85ea98643089041e 5 0 3.0
62e4fbda85ea986430890405 5 0 2.8
62e4fbda85ea986430890405 5 0 3.0
62e4fbda85ea986430890405 5 0 3.0
62e4fbda85ea986430890405 5 0 3.0
62e4fbda85ea986430890405 5 0 3.0
62e4fbda85ea986430890403 5 0 2.8
62e4fbda85ea986430890403 5 0 3.0
62e4fbda85ea986430890403 5 0 3.0
62e4fbda85ea986430890403 5 0 3.0
62e4fbda85ea986430890403 5 0 3.0
62e4fb6585ea98643089032b 5 5 3.8
62e4fb6585ea98643089032b 5 5 4.0
62e4fb6585ea98643089032b 5 5 4.0
62e4fb6585ea98643089032b 5 5 4.0
62e4fb6585ea98643089032b 5 5 4.0
62e4fb4d85ea9864308902e7 5 0 3.8
62e4fb4d85ea9864308902e7 5 0 4.0
62e4fb4d85ea9864308902e7 5 0 4.0
62e4fb4d85ea9864308902e7 5 0 4.0
62e4fb4d85ea9864308902e7 5 0 4.0
62b8d27a48ba5a41d1c3f4c6 5 0 3.8
62b8d27a48ba5a41d1c3f4c6 5 0 4.0
62b8d27a48ba5a41d1c3f4c6 5 0 4.0
62b8d27a48ba5a41d1c3f4c6 5 0 4.0
62b8d27a48ba5a41d1c3f4c6 5 0 4.0
62b8d24048ba5a41d1c3f49f 5 0 3.8
62b8d24048ba5a41d1c3f49f 5 0 4.0
62b8d24048ba5a41d1c3f49f 5 0 4.0
62b8d24048ba5a41d1c3f49f 5 0 4.0
62b8d24048ba5a41d1c3f49f 5 0 4.0
62b8d23b48ba5a41d1c3f49a 5 0 3.8
62b8d23b48ba5a41d1c3f49a 5 0 4.0
62b8d23b48ba5a41d1c3f49a 5 0 4.0
62b8d23b48ba5a41d1c3f49a 5 0 4.0
62b8d23b48ba5a41d1c3f49a 5 0 4.0
62b8d23948ba5a41d1c3f498 5 0 3.8
62b8d23948ba5a41d1c3f498 5 0 4.0
62b8d23948ba5a41d1c3f498 5 0 4.0
62b8d23948ba5a41d1c3f498 5 0 4.0
62b8d23948ba5a41d1c3f498 5 0 4.0
62b8d23748ba5a41d1c3f496 5 0 3.8
62b8d23748ba5a41d1c3f496 5 0 4.0
62b8d23748ba5a41d1c3f496 5 0 4.0
62b8d23748ba5a41d1c3f496 5 0 4.0
62b8d23748ba5a41d1c3f496 5 0 4.0
62b8d22f48ba5a41d1c3f488 5 1 4.0
62b8d22f48ba5a41d1c3f488 5 1 4.4
62b8d22f48ba5a41d1c3f488 5 1 4.6
62b8d22f48ba5a41d1c3f488 5 1 4.8
62b8d22f48ba5a41d1c3f488 5 1 5.0
62b8d22a48ba5a41d1c3f47e 5 5 5.0
62b8d22a48ba5a41d1c3f47e 5 5 5.4
62b8d22a48ba5a41d1c3f47e 5 5 5.6
62b8d22a48ba5a41d1c3f47e 5 5 5.8
62b8d22a48ba5a41d1c3f47e 5 5 6.0
62b8d22948ba5a41d1c3f47c 5 2 5.4
62b8d22948ba5a41d1c3f47c 5 2 6.1000000000000005
62b8d22948ba5a41d1c3f47c 5 2 6.5
62b8d22948ba5a41d1c3f47c 5 2 6.8
62b8d22948ba5a41d1c3f47c 5 2 7.0
62b8d22548ba5a41d1c3f472 5 0 5.4
62b8d22548ba5a41d1c3f472 5 0 6.1000000000000005
62b8d22548ba5a41d1c3f472 5 0 6.5
62b8d22548ba5a41d1c3f472 5 0 6.8
62b8d22548ba5a41d1c3f472 5 0 7.0
62b8c517e0d34b282c18122e 5 0 5.4
62b8c517e0d34b282c18122e 5 0 6.1000000000000005
62b8c517e0d34b282c18122e 5 0 6.5
62b8c517e0d34b282c18122e 5 0 6.8
62b8c517e0d34b282c18122e 5 0 7.0
62b8bbbfe0d34b282c181210 5 5 6.4
62b8bbbfe0d34b282c181210 5 5 7.1000000000000005
62b8bbbfe0d34b282c181210 5 5 7.5
62b8bbbfe0d34b282c181210 5 5 7.8
62b8bbbfe0d34b282c181210 5 5 8.0
62b8bbbfe0d34b282c18120f 5 4 7.2
62b8bbbfe0d34b282c18120f 5 4 8.100000000000001
62b8bbbfe0d34b282c18120f 5 4 8.5
62b8bbbfe0d34b282c18120f 5 4 8.8
62b8bbbfe0d34b282c18120f 5 4 9.0
62b8bbbce0d34b282c18120d 5 4 8.0
62b8bbbce0d34b282c18120d 5 4 9.100000000000001
62b8bbbce0d34b282c18120d 5 4 9.5
62b8bbbce0d34b282c18120d 5 4 9.8
62b8bbbce0d34b282c18120d 5 4 10.0
62b8b99de0d34b282c1811f8 5 0 8.0
62b8b99de0d34b282c1811f8 5 0 9.100000000000001
62b8b99de0d34b282c1811f8 5 0 9.5
62b8b99de0d34b282c1811f8 5 0 9.8
62b8b99de0d34b282c1811f8 5 0 10.0
62b8b59feb7e40a82d2d1291 5 0 8.0
62b8b59feb7e40a82d2d1291 5 0 9.100000000000001
62b8b59feb7e40a82d2d1291 5 0 9.5
62b8b59feb7e40a82d2d1291 5 0 9.8
62b8b59feb7e40a82d2d1291 5 0 10.0
62b8b590eb7e40a82d2d1275 5 0 8.0
62b8b590eb7e40a82d2d1275 5 0 9.100000000000001
62b8b590eb7e40a82d2d1275 5 0 9.5
62b8b590eb7e40a82d2d1275 5 0 9.8
62b8b590eb7e40a82d2d1275 5 0 10.0
62b8b58deb7e40a82d2d1269 5 3 8.6
62b8b58deb7e40a82d2d1269 5 3 10.000000000000002
62b8b58deb7e40a82d2d1269 5 3 10.5
62b8b58deb7e40a82d2d1269 5 3 10.8
62b8b58deb7e40a82d2d1269 5 3 11.0
62b8b559eb7e40a82d2d11f8 5 1 8.799999999999999
62b8b559eb7e40a82d2d11f8 5 1 10.400000000000002
62b8b559eb7e40a82d2d11f8 5 1 11.1
62b8b559eb7e40a82d2d11f8 5 1 11.600000000000001
62b8b559eb7e40a82d2d11f8 5 1 12.0
62b8b4b9eb7e40a82d2d1134 5 0 8.799999999999999
62b8b4b9eb7e40a82d2d1134 5 0 10.400000000000002
62b8b4b9eb7e40a82d2d1134 5 0 11.1
62b8b4b9eb7e40a82d2d1134 5 0 11.600000000000001
62b8b4b9eb7e40a82d2d1134 5 0 12.0
62b8b416eb7e40a82d2d1129 5 0 8.799999999999999
62b8b416eb7e40a82d2d1129 5 0 10.400000000000002
62b8b416eb7e40a82d2d1129 5 0 11.1
62b8b416eb7e40a82d2d1129 5 0 11.600000000000001
62b8b416eb7e40a82d2d1129 5 0 12.0
62b8b3d6eb7e40a82d2d111c 5 0 8.799999999999999
62b8b3d6eb7e40a82d2d111c 5 0 10.400000000000002
62b8b3d6eb7e40a82d2d111c 5 0 11.1
62b8b3d6eb7e40a82d2d111c 5 0 11.600000000000001
62b8b3d6eb7e40a82d2d111c 5 0 12.0
62b8b3d5eb7e40a82d2d1110 5 2 9.2
62b8b3d5eb7e40a82d2d1110 5 2 11.100000000000001
62b8b3d5eb7e40a82d2d1110 5 2 12.0
62b8b3d5eb7e40a82d2d1110 5 2 12.600000000000001
62b8b3d5eb7e40a82d2d1110 5 2 13.0
62b8b3d4eb7e40a82d2d110f 5 1 9.399999999999999
62b8b3d4eb7e40a82d2d110f 5 1 11.500000000000002
62b8b3d4eb7e40a82d2d110f 5 1 12.6
62b8b3d4eb7e40a82d2d110f 5 1 13.400000000000002
62b8b3d4eb7e40a82d2d110f 5 1 14.0
62b8b3d4eb7e40a82d2d110e 5 2 9.799999999999999
62b8b3d4eb7e40a82d2d110e 5 2 12.200000000000001
62b8b3d4eb7e40a82d2d110e 5 2 13.5
62b8b3d4eb7e40a82d2d110e 5 2 14.400000000000002
62b8b3d4eb7e40a82d2d110e 5 2 15.0
62b8b3d4eb7e40a82d2d110d 5 0 9.799999999999999
62b8b3d4eb7e40a82d2d110d 5 0 12.200000000000001
62b8b3d4eb7e40a82d2d110d 5 0 13.5
62b8b3d4eb7e40a82d2d110d 5 0 14.400000000000002
62b8b3d4eb7e40a82d2d110d 5 0 15.0
62b87b989a0c4fa8b80b35ee 5 0 9.799999999999999
62b87b989a0c4fa8b80b35ee 5 0 12.200000000000001
62b87b989a0c4fa8b80b35ee 5 0 13.5
62b87b989a0c4fa8b80b35ee 5 0 14.400000000000002
62b87b989a0c4fa8b80b35ee 5 0 15.0
62b87b859a0c4fa8b80b35d7 5 0 9.799999999999999
62b87b859a0c4fa8b80b35d7 5 0 12.200000000000001
62b87b859a0c4fa8b80b35d7 5 0 13.5
62b87b859a0c4fa8b80b35d7 5 0 14.400000000000002
62b87b859a0c4fa8b80b35d7 5 0 15.0
62b87b839a0c4fa8b80b35cb 5 0 9.799999999999999
62b87b839a0c4fa8b80b35cb 5 0 12.200000000000001
62b87b839a0c4fa8b80b35cb 5 0 13.5
62b87b839a0c4fa8b80b35cb 5 0 14.400000000000002
62b87b839a0c4fa8b80b35cb 5 0 15.0
62b87b7e9a0c4fa8b80b35bc 5 0 9.799999999999999
62b87b7e9a0c4fa8b80b35bc 5 0 12.200000000000001
62b87b7e9a0c4fa8b80b35bc 5 0 13.5
62b87b7e9a0c4fa8b80b35bc 5 0 14.400000000000002
62b87b7e9a0c4fa8b80b35bc 5 0 15.0
62b87b4f9a0c4fa8b80b3580 5 0 9.799999999999999
62b87b4f9a0c4fa8b80b3580 5 0 12.200000000000001
62b87b4f9a0c4fa8b80b3580 5 0 13.5
62b87b4f9a0c4fa8b80b3580 5 0 14.400000000000002
62b87b4f9a0c4fa8b80b3580 5 0 15.0
62b87b199a0c4fa8b80b354e 5 1 9.999999999999998
62b87b199a0c4fa8b80b354e 5 1 12.600000000000001
62b87b199a0c4fa8b80b354e 5 1 14.1
62b87b199a0c4fa8b80b354e 5 1 15.200000000000003
62b87b199a0c4fa8b80b354e 5 1 16.0
62b87b099a0c4fa8b80b3538 5 5 10.999999999999998
62b87b099a0c4fa8b80b3538 5 5 13.600000000000001
62b87b099a0c4fa8b80b3538 5 5 15.1
62b87b099a0c4fa8b80b3538 5 5 16.200000000000003
62b87b099a0c4fa8b80b3538 5 5 17.0
62b87af99a0c4fa8b80b3524 5 5 11.999999999999998
62b87af99a0c4fa8b80b3524 5 5 14.600000000000001
62b87af99a0c4fa8b80b3524 5 5 16.1
62b87af99a0c4fa8b80b3524 5 5 17.200000000000003
62b87af99a0c4fa8b80b3524 5 5 18.0
62b87af69a0c4fa8b80b351a 5 5 12.999999999999998
62b87af69a0c4fa8b80b351a 5 5 15.600000000000001
62b87af69a0c4fa8b80b351a 5 5 17.1
62b87af69a0c4fa8b80b351a 5 5 18.200000000000003
62b87af69a0c4fa8b80b351a 5 5 19.0
62b87af19a0c4fa8b80b34f7 5 0 12.999999999999998
62b87af19a0c4fa8b80b34f7 5 0 15.600000000000001
62b87af19a0c4fa8b80b34f7 5 0 17.1
62b87af19a0c4fa8b80b34f7 5 0 18.200000000000003
62b87af19a0c4fa8b80b34f7 5 0 19.0
62b87af09a0c4fa8b80b34f1 5 0 12.999999999999998
62b87af09a0c4fa8b80b34f1 5 0 15.600000000000001
62b87af09a0c4fa8b80b34f1 5 0 17.1
62b87af09a0c4fa8b80b34f1 5 0 18.200000000000003
62b87af09a0c4fa8b80b34f1 5 0 19.0
62b86aa3b4d922cb0e688d36 5 0 12.999999999999998
62b86aa3b4d922cb0e688d36 5 0 15.600000000000001
62b86aa3b4d922cb0e688d36 5 0 17.1
62b86aa3b4d922cb0e688d36 5 0 18.200000000000003
62b86aa3b4d922cb0e688d36 5 0 19.0
62b86a9eb4d922cb0e688d25 5 0 12.999999999999998
62b86a9eb4d922cb0e688d25 5 0 15.600000000000001
62b86a9eb4d922cb0e688d25 5 0 17.1
62b86a9eb4d922cb0e688d25 5 0 18.200000000000003
62b86a9eb4d922cb0e688d25 5 0 19.0
62b86a4fb4d922cb0e688cf8 5 1 13.199999999999998
62b86a4fb4d922cb0e688cf8 5 1 16.0
62b86a4fb4d922cb0e688cf8 5 1 17.700000000000003
62b86a4fb4d922cb0e688cf8 5 1 19.000000000000004
62b86a4fb4d922cb0e688cf8 5 1 20.0
62b86a4fb4d922cb0e688cf7 5 0 13.199999999999998
62b86a4fb4d922cb0e688cf7 5 0 16.0
62b86a4fb4d922cb0e688cf7 5 0 17.700000000000003
62b86a4fb4d922cb0e688cf7 5 0 19.000000000000004
62b86a4fb4d922cb0e688cf7 5 0 20.0
62b86a01b4d922cb0e688ccc 5 0 13.199999999999998
62b86a01b4d922cb0e688ccc 5 0 16.0
62b86a01b4d922cb0e688ccc 5 0 17.700000000000003
62b86a01b4d922cb0e688ccc 5 0 19.000000000000004
62b86a01b4d922cb0e688ccc 5 0 20.0
62b869ebb4d922cb0e688cc6 5 1 13.399999999999997
62b869ebb4d922cb0e688cc6 5 1 16.4
62b869ebb4d922cb0e688cc6 5 1 18.300000000000004
62b869ebb4d922cb0e688cc6 5 1 19.800000000000004
62b869ebb4d922cb0e688cc6 5 1 21.0
62b869eab4d922cb0e688cc5 5 1 13.599999999999996
62b869eab4d922cb0e688cc5 5 1 16.799999999999997
62b869eab4d922cb0e688cc5 5 1 18.900000000000006
62b869eab4d922cb0e688cc5 5 1 20.600000000000005
62b869eab4d922cb0e688cc5 5 1 22.0
62b869eab4d922cb0e688cbf 5 0 13.599999999999996
62b869eab4d922cb0e688cbf 5 0 16.799999999999997
62b869eab4d922cb0e688cbf 5 0 18.900000000000006
62b869eab4d922cb0e688cbf 5 0 20.600000000000005
62b869eab4d922cb0e688cbf 5 0 22.0
62b43427903eeb48555d3ea5 5 0 13.599999999999996
62b43427903eeb48555d3ea5 5 0 16.799999999999997
62b43427903eeb48555d3ea5 5 0 18.900000000000006
62b43427903eeb48555d3ea5 5 0 20.600000000000005
62b43427903eeb48555d3ea5 5 0 22.0
62b43428903eeb48555d3eaa 5 0 13.599999999999996
62b43428903eeb48555d3eaa 5 0 16.799999999999997
62b43428903eeb48555d3eaa 5 0 18.900000000000006
62b43428903eeb48555d3eaa 5 0 20.600000000000005
62b43428903eeb48555d3eaa 5 0 22.0
62b45df05108cfac7f2109ce 5 0 13.599999999999996
62b45df05108cfac7f2109ce 5 0 16.799999999999997
62b45df05108cfac7f2109ce 5 0 18.900000000000006
62b45df05108cfac7f2109ce 5 0 20.600000000000005
62b45df05108cfac7f2109ce 5 0 22.0
62b45df15108cfac7f2109dc 5 0 13.599999999999996
62b45df15108cfac7f2109dc 5 0 16.799999999999997
62b45df15108cfac7f2109dc 5 0 18.900000000000006
62b45df15108cfac7f2109dc 5 0 20.600000000000005
62b45df15108cfac7f2109dc 5 0 22.0
62b45df15108cfac7f2109dd 5 1 13.799999999999995
62b45df15108cfac7f2109dd 5 1 17.199999999999996
62b45df15108cfac7f2109dd 5 1 19.500000000000007
62b45df15108cfac7f2109dd 5 1 21.400000000000006
62b45df15108cfac7f2109dd 5 1 23.0
62b45e135108cfac7f2109f4 5 5 14.799999999999995
62b45e135108cfac7f2109f4 5 5 18.199999999999996
62b45e135108cfac7f2109f4 5 5 20.500000000000007
62b45e135108cfac7f2109f4 5 5 22.400000000000006
62b45e135108cfac7f2109f4 5 5 24.0
62b45e145108cfac7f210a07 5 0 14.799999999999995
62b45e145108cfac7f210a07 5 0 18.199999999999996
62b45e145108cfac7f210a07 5 0 20.500000000000007
62b45e145108cfac7f210a07 5 0 22.400000000000006
62b45e145108cfac7f210a07 5 0 24.0
62b45e145108cfac7f210a09 5 0 14.799999999999995
62b45e145108cfac7f210a09 5 0 18.199999999999996
62b45e145108cfac7f210a09 5 0 20.500000000000007
62b45e145108cfac7f210a09 5 0 22.400000000000006
62b45e145108cfac7f210a09 5 0 24.0
62b45e165108cfac7f210a16 5 0 14.799999999999995
62b45e165108cfac7f210a16 5 0 18.199999999999996
62b45e165108cfac7f210a16 5 0 20.500000000000007
62b45e165108cfac7f210a16 5 0 22.400000000000006
62b45e165108cfac7f210a16 5 0 24.0
62b45e165108cfac7f210a17 5 0 14.799999999999995
62b45e165108cfac7f210a17 5 0 18.199999999999996
62b45e165108cfac7f210a17 5 0 20.500000000000007
62b45e165108cfac7f210a17 5 0 22.400000000000006
62b45e165108cfac7f210a17 5 0 24.0
62b45e175108cfac7f210a19 5 0 14.799999999999995
62b45e175108cfac7f210a19 5 0 18.199999999999996
62b45e175108cfac7f210a19 5 0 20.500000000000007
62b45e175108cfac7f210a19 5 0 22.400000000000006
62b45e175108cfac7f210a19 5 0 24.0
62b463153879012d19481498 5 0 14.799999999999995
62b463153879012d19481498 5 0 18.199999999999996
62b463153879012d19481498 5 0 20.500000000000007
62b463153879012d19481498 5 0 22.400000000000006
62b463153879012d19481498 5 0 24.0
62b463153879012d1948149a 5 0 14.799999999999995
62b463153879012d1948149a 5 0 18.199999999999996
62b463153879012d1948149a 5 0 20.500000000000007
62b463153879012d1948149a 5 0 22.400000000000006
62b463153879012d1948149a 5 0 24.0
62b463153879012d1948149b 5 0 14.799999999999995
62b463153879012d1948149b 5 0 18.199999999999996
62b463153879012d1948149b 5 0 20.500000000000007
62b463153879012d1948149b 5 0 22.400000000000006
62b463153879012d1948149b 5 0 24.0
62b463153879012d1948149c 5 0 14.799999999999995
62b463153879012d1948149c 5 0 18.199999999999996
62b463153879012d1948149c 5 0 20.500000000000007
62b463153879012d1948149c 5 0 22.400000000000006
62b463153879012d1948149c 5 0 24.0
62b463153879012d1948149d 5 0 14.799999999999995
62b463153879012d1948149d 5 0 18.199999999999996
62b463153879012d1948149d 5 0 20.500000000000007
62b463153879012d1948149d 5 0 22.400000000000006
62b463153879012d1948149d 5 0 24.0
62b463153879012d1948149f 5 0 14.799999999999995
62b463153879012d1948149f 5 0 18.199999999999996
62b463153879012d1948149f 5 0 20.500000000000007
62b463153879012d1948149f 5 0 22.400000000000006
62b463153879012d1948149f 5 0 24.0
62b463153879012d194814a1 5 0 14.799999999999995
62b463153879012d194814a1 5 0 18.199999999999996
62b463153879012d194814a1 5 0 20.500000000000007
62b463153879012d194814a1 5 0 22.400000000000006
62b463153879012d194814a1 5 0 24.0
62b463163879012d194814a2 5 0 14.799999999999995
62b463163879012d194814a2 5 0 18.199999999999996
62b463163879012d194814a2 5 0 20.500000000000007
62b463163879012d194814a2 5 0 22.400000000000006
62b463163879012d194814a2 5 0 24.0
62b463163879012d194814a4 5 0 14.799999999999995
62b463163879012d194814a4 5 0 18.199999999999996
62b463163879012d194814a4 5 0 20.500000000000007
62b463163879012d194814a4 5 0 22.400000000000006
62b463163879012d194814a4 5 0 24.0
62b463163879012d194814a6 5 1 14.999999999999995
62b463163879012d194814a6 5 1 18.599999999999994
62b463163879012d194814a6 5 1 21.10000000000001
62b463163879012d194814a6 5 1 23.200000000000006
62b463163879012d194814a6 5 1 25.0
62b4631b3879012d194814dd 5 0 14.999999999999995
62b4631b3879012d194814dd 5 0 18.599999999999994
62b4631b3879012d194814dd 5 0 21.10000000000001
62b4631b3879012d194814dd 5 0 23.200000000000006
62b4631b3879012d194814dd 5 0 25.0
62b463283879012d1948153d 5 5 15.999999999999995
62b463283879012d1948153d 5 5 19.599999999999994
62b463283879012d1948153d 5 5 22.10000000000001
62b463283879012d1948153d 5 5 24.200000000000006
62b463283879012d1948153d 5 5 26.0
62b463303879012d19481579 5 0 15.999999999999995
62b463303879012d19481579 5 0 19.599999999999994
62b463303879012d19481579 5 0 22.10000000000001
62b463303879012d19481579 5 0 24.200000000000006
62b463303879012d19481579 5 0 26.0
62b46740d2f69a53b466171a 5 0 15.999999999999995
62b46740d2f69a53b466171a 5 0 19.599999999999994
62b46740d2f69a53b466171a 5 0 22.10000000000001
62b46740d2f69a53b466171a 5 0 24.200000000000006
62b46740d2f69a53b466171a 5 0 26.0
62b46746d2f69a53b4661722 5 0 15.999999999999995
62b46746d2f69a53b4661722 5 0 19.599999999999994
62b46746d2f69a53b4661722 5 0 22.10000000000001
62b46746d2f69a53b4661722 5 0 24.200000000000006
62b46746d2f69a53b4661722 5 0 26.0
62b86707b4d922cb0e688c2a 5 1 16.199999999999996
62b86707b4d922cb0e688c2a 5 1 19.999999999999993
62b86707b4d922cb0e688c2a 5 1 22.70000000000001
62b86707b4d922cb0e688c2a 5 1 25.000000000000007
62b86707b4d922cb0e688c2a 5 1 27.0
62b86729b4d922cb0e688c2f 5 0 16.199999999999996
62b86729b4d922cb0e688c2f 5 0 19.999999999999993
62b86729b4d922cb0e688c2f 5 0 22.70000000000001
62b86729b4d922cb0e688c2f 5 0 25.000000000000007
62b86729b4d922cb0e688c2f 5 0 27.0
62b8a4a4755ee91dce50a3d2 5 0 16.199999999999996
62b8a4a4755ee91dce50a3d2 5 0 19.999999999999993
62b8a4a4755ee91dce50a3d2 5 0 22.70000000000001
62b8a4a4755ee91dce50a3d2 5 0 25.000000000000007
62b8a4a4755ee91dce50a3d2 5 0 27.0
62b8982f755ee91dce50a241 5 4 16.999999999999996
62b8982f755ee91dce50a241 5 4 20.999999999999993
62b8982f755ee91dce50a241 5 4 23.70000000000001
62b8982f755ee91dce50a241 5 4 26.000000000000007
62b8982f755ee91dce50a241 5 4 28.0
62b89640755ee91dce50a114 5 1 17.199999999999996
62b89640755ee91dce50a114 5 1 21.39999999999999
62b89640755ee91dce50a114 5 1 24.30000000000001
62b89640755ee91dce50a114 5 1 26.800000000000008
62b89640755ee91dce50a114 5 1 29.0
62b87d24d292efb640a55670 5 0 17.199999999999996
62b87d24d292efb640a55670 5 0 21.39999999999999
62b87d24d292efb640a55670 5 0 24.30000000000001
62b87d24d292efb640a55670 5 0 26.800000000000008
62b87d24d292efb640a55670 5 0 29.0
62b87d24d292efb640a5566f 5 0 17.199999999999996
62b87d24d292efb640a5566f 5 0 21.39999999999999
62b87d24d292efb640a5566f 5 0 24.30000000000001
62b87d24d292efb640a5566f 5 0 26.800000000000008
62b87d24d292efb640a5566f 5 0 29.0
62b87d24d292efb640a5566d 5 0 17.199999999999996
62b87d24d292efb640a5566d 5 0 21.39999999999999
62b87d24d292efb640a5566d 5 0 24.30000000000001
62b87d24d292efb640a5566d 5 0 26.800000000000008
62b87d24d292efb640a5566d 5 0 29.0
62b87d23d292efb640a5566b 5 0 17.199999999999996
62b87d23d292efb640a5566b 5 0 21.39999999999999
62b87d23d292efb640a5566b 5 0 24.30000000000001
62b87d23d292efb640a5566b 5 0 26.800000000000008
62b87d23d292efb640a5566b 5 0 29.0
62b87d23d292efb640a55668 5 0 17.199999999999996
62b87d23d292efb640a55668 5 0 21.39999999999999
62b87d23d292efb640a55668 5 0 24.30000000000001
62b87d23d292efb640a55668 5 0 26.800000000000008
62b87d23d292efb640a55668 5 0 29.0
62b87d23d292efb640a55667 5 0 17.199999999999996
62b87d23d292efb640a55667 5 0 21.39999999999999
62b87d23d292efb640a55667 5 0 24.30000000000001
62b87d23d292efb640a55667 5 0 26.800000000000008
62b87d23d292efb640a55667 5 0 29.0
62b45e945108cfac7f210a4a 5 0 17.199999999999996
62b45e945108cfac7f210a4a 5 0 21.39999999999999
62b45e945108cfac7f210a4a 5 0 24.30000000000001
62b45e945108cfac7f210a4a 5 0 26.800000000000008
62b45e945108cfac7f210a4a 5 0 29.0
62b45e515108cfac7f210a3c 5 0 17.199999999999996
62b45e515108cfac7f210a3c 5 0 21.39999999999999
62b45e515108cfac7f210a3c 5 0 24.30000000000001
62b45e515108cfac7f210a3c 5 0 26.800000000000008
62b45e515108cfac7f210a3c 5 0 29.0
62b45e2eb89c9fd354170232 5 0 17.199999999999996
62b45e2eb89c9fd354170232 5 0 21.39999999999999
62b45e2eb89c9fd354170232 5 0 24.30000000000001
62b45e2eb89c9fd354170232 5 0 26.800000000000008
62b45e2eb89c9fd354170232 5 0 29.0
62b45e23e0d4551b0392c90a 5 0 17.199999999999996
62b45e23e0d4551b0392c90a 5 0 21.39999999999999
62b45e23e0d4551b0392c90a 5 0 24.30000000000001
62b45e23e0d4551b0392c90a 5 0 26.800000000000008
62b45e23e0d4551b0392c90a 5 0 29.0
62b45e21e0d4551b0392c8ed 5 0 17.199999999999996
62b45e21e0d4551b0392c8ed 5 0 21.39999999999999
62b45e21e0d4551b0392c8ed 5 0 24.30000000000001
62b45e21e0d4551b0392c8ed 5 0 26.800000000000008
62b45e21e0d4551b0392c8ed 5 0 29.0
62b45b396decaeff903e1001 5 0 17.199999999999996
62b45b396decaeff903e1001 5 0 21.39999999999999
62b45b396decaeff903e1001 5 0 24.30000000000001
62b45b396decaeff903e1001 5 0 26.800000000000008
62b45b396decaeff903e1001 5 0 29.0
62b4567ed7d32e5b55cc83d9 5 0 17.199999999999996
62b4567ed7d32e5b55cc83d9 5 0 21.39999999999999
62b4567ed7d32e5b55cc83d9 5 0 24.30000000000001
62b4567ed7d32e5b55cc83d9 5 0 26.800000000000008
62b4567ed7d32e5b55cc83d9 5 0 29.0
62b4567ad7d32e5b55cc83af 5 0 17.199999999999996
62b4567ad7d32e5b55cc83af 5 0 21.39999999999999
62b4567ad7d32e5b55cc83af 5 0 24.30000000000001
62b4567ad7d32e5b55cc83af 5 0 26.800000000000008
62b4567ad7d32e5b55cc83af 5 0 29.0
62b45679d7d32e5b55cc83a9 5 3 17.799999999999997
62b45679d7d32e5b55cc83a9 5 3 22.29999999999999
62b45679d7d32e5b55cc83a9 5 3 25.30000000000001
62b45679d7d32e5b55cc83a9 5 3 27.800000000000008
62b45679d7d32e5b55cc83a9 5 3 30.0
62b45665d7d32e5b55cc8365 5 0 17.799999999999997
62b45665d7d32e5b55cc8365 5 0 22.29999999999999
62b45665d7d32e5b55cc8365 5 0 25.30000000000001
62b45665d7d32e5b55cc8365 5 0 27.800000000000008
62b45665d7d32e5b55cc8365 5 0 30.0
62b45665d7d32e5b55cc8364 5 0 17.799999999999997
62b45665d7d32e5b55cc8364 5 0 22.29999999999999
62b45665d7d32e5b55cc8364 5 0 25.30000000000001
62b45665d7d32e5b55cc8364 5 0 27.800000000000008
62b45665d7d32e5b55cc8364 5 0 30.0
62b45665d7d32e5b55cc8363 5 0 17.799999999999997
62b45665d7d32e5b55cc8363 5 0 22.29999999999999
62b45665d7d32e5b55cc8363 5 0 25.30000000000001
62b45665d7d32e5b55cc8363 5 0 27.800000000000008
62b45665d7d32e5b55cc8363 5 0 30.0
62b438ba66fea644fe22cca2 5 0 17.799999999999997
62b438ba66fea644fe22cca2 5 0 22.29999999999999
62b438ba66fea644fe22cca2 5 0 25.30000000000001
62b438ba66fea644fe22cca2 5 0 27.800000000000008
62b438ba66fea644fe22cca2 5 0 30.0
62b438b666fea644fe22cc78 5 0 17.799999999999997
62b438b666fea644fe22cc78 5 0 22.29999999999999
62b438b666fea644fe22cc78 5 0 25.30000000000001
62b438b666fea644fe22cc78 5 0 27.800000000000008
62b438b666fea644fe22cc78 5 0 30.0
62b438b666fea644fe22cc72 5 2 18.199999999999996
62b438b666fea644fe22cc72 5 2 22.99999999999999
62b438b666fea644fe22cc72 5 2 26.20000000000001
62b438b666fea644fe22cc72 5 2 28.800000000000008
62b438b666fea644fe22cc72 5 2 31.0
62b438b566fea644fe22cc70 5 0 18.199999999999996
62b438b566fea644fe22cc70 5 0 22.99999999999999
62b438b566fea644fe22cc70 5 0 26.20000000000001
62b438b566fea644fe22cc70 5 0 28.800000000000008
62b438b566fea644fe22cc70 5 0 31.0
62b438a266fea644fe22cc2e 5 0 18.199999999999996
62b438a266fea644fe22cc2e 5 0 22.99999999999999
62b438a266fea644fe22cc2e 5 0 26.20000000000001
62b438a266fea644fe22cc2e 5 0 28.800000000000008
62b438a266fea644fe22cc2e 5 0 31.0
62b438a266fea644fe22cc2d 5 0 18.199999999999996
62b438a266fea644fe22cc2d 5 0 22.99999999999999
62b438a266fea644fe22cc2d 5 0 26.20000000000001
62b438a266fea644fe22cc2d 5 0 28.800000000000008
62b438a266fea644fe22cc2d 5 0 31.0
62b438a266fea644fe22cc2c 5 5 19.199999999999996
62b438a266fea644fe22cc2c 5 5 23.99999999999999
62b438a266fea644fe22cc2c 5 5 27.20000000000001
62b438a266fea644fe22cc2c 5 5 29.800000000000008
62b438a266fea644fe22cc2c 5 5 32.0
62ece4982e6aefcf4aabbd5f 5 5 20.199999999999996
62ece4982e6aefcf4aabbd5f 5 5 24.99999999999999
62ece4982e6aefcf4aabbd5f 5 5 28.20000000000001
62ece4982e6aefcf4aabbd5f 5 5 30.800000000000008
62ece4982e6aefcf4aabbd5f 5 5 33.0
62ece4982e6aefcf4aabbd60 5 0 20.199999999999996
62ece4982e6aefcf4aabbd60 5 0 24.99999999999999
62ece4982e6aefcf4aabbd60 5 0 28.20000000000001
62ece4982e6aefcf4aabbd60 5 0 30.800000000000008
62ece4982e6aefcf4aabbd60 5 0 33.0
62ece4982e6aefcf4aabbd61 5 5 21.199999999999996
62ece4982e6aefcf4aabbd61 5 5 25.99999999999999
62ece4982e6aefcf4aabbd61 5 5 29.20000000000001
62ece4982e6aefcf4aabbd61 5 5 31.800000000000008
62ece4982e6aefcf4aabbd61 5 5 34.0
62ece4982e6aefcf4aabbd62 5 0 21.199999999999996
62ece4982e6aefcf4aabbd62 5 0 25.99999999999999
62ece4982e6aefcf4aabbd62 5 0 29.20000000000001
62ece4982e6aefcf4aabbd62 5 0 31.800000000000008
62ece4982e6aefcf4aabbd62 5 0 34.0
62ece4982e6aefcf4aabbd63 5 1 21.399999999999995
62ece4982e6aefcf4aabbd63 5 1 26.399999999999988
62ece4982e6aefcf4aabbd63 5 1 29.80000000000001
62ece4982e6aefcf4aabbd63 5 1 32.60000000000001
62ece4982e6aefcf4aabbd63 5 1 35.0
62ece4982e6aefcf4aabbd65 5 1 21.599999999999994
62ece4982e6aefcf4aabbd65 5 1 26.799999999999986
62ece4982e6aefcf4aabbd65 5 1 30.400000000000013
62ece4982e6aefcf4aabbd65 5 1 33.400000000000006
62ece4982e6aefcf4aabbd65 5 1 36.0
62ece4982e6aefcf4aabbd66 5 0 21.599999999999994
62ece4982e6aefcf4aabbd66 5 0 26.799999999999986
62ece4982e6aefcf4aabbd66 5 0 30.400000000000013
62ece4982e6aefcf4aabbd66 5 0 33.400000000000006
62ece4982e6aefcf4aabbd66 5 0 36.0
62ece4982e6aefcf4aabbd67 5 1 21.799999999999994
62ece4982e6aefcf4aabbd67 5 1 27.199999999999985
62ece4982e6aefcf4aabbd67 5 1 31.000000000000014
62ece4982e6aefcf4aabbd67 5 1 34.2
62ece4982e6aefcf4aabbd67 5 1 37.0
62ece4982e6aefcf4aabbd68 5 2 22.199999999999992
62ece4982e6aefcf4aabbd68 5 2 27.899999999999984
62ece4982e6aefcf4aabbd68 5 2 31.900000000000013
62ece4982e6aefcf4aabbd68 5 2 35.2
62ece4982e6aefcf4aabbd68 5 2 38.0
62ece4982e6aefcf4aabbd69 5 0 22.199999999999992
62ece4982e6aefcf4aabbd69 5 0 27.899999999999984
62ece4982e6aefcf4aabbd69 5 0 31.900000000000013
62ece4982e6aefcf4aabbd69 5 0 35.2
62ece4982e6aefcf4aabbd69 5 0 38.0
62ece4982e6aefcf4aabbd6a 5 5 23.199999999999992
62ece4982e6aefcf4aabbd6a 5 5 28.899999999999984
62ece4982e6aefcf4aabbd6a 5 5 32.90000000000001
62ece4982e6aefcf4aabbd6a 5 5 36.2
62ece4982e6aefcf4aabbd6a 5 5 39.0
62ece4982e6aefcf4aabbd6b 5 1 23.39999999999999
62ece4982e6aefcf4aabbd6b 5 1 29.299999999999983
62ece4982e6aefcf4aabbd6b 5 1 33.500000000000014
62ece4982e6aefcf4aabbd6b 5 1 37.0
62ece4982e6aefcf4aabbd6b 5 1 40.0
62ece4982e6aefcf4aabbd6d 5 1 23.59999999999999
62ece4982e6aefcf4aabbd6d 5 1 29.69999999999998
62ece4982e6aefcf4aabbd6d 5 1 34.100000000000016
62ece4982e6aefcf4aabbd6d 5 1 37.8
62ece4982e6aefcf4aabbd6d 5 1 41.0
62ece4982e6aefcf4aabbd6f 5 0 23.59999999999999
62ece4982e6aefcf4aabbd6f 5 0 29.69999999999998
62ece4982e6aefcf4aabbd6f 5 0 34.100000000000016
62ece4982e6aefcf4aabbd6f 5 0 37.8
62ece4982e6aefcf4aabbd6f 5 0 41.0
62ece4982e6aefcf4aabbd70 5 1 23.79999999999999
62ece4982e6aefcf4aabbd70 5 1 30.09999999999998
62ece4982e6aefcf4aabbd70 5 1 34.70000000000002
62ece4982e6aefcf4aabbd70 5 1 38.599999999999994
62ece4982e6aefcf4aabbd70 5 1 42.0
62ece4982e6aefcf4aabbd71 5 0 23.79999999999999
62ece4982e6aefcf4aabbd71 5 0 30.09999999999998
62ece4982e6aefcf4aabbd71 5 0 34.70000000000002
62ece4982e6aefcf4aabbd71 5 0 38.599999999999994
62ece4982e6aefcf4aabbd71 5 0 42.0
62ece4982e6aefcf4aabbd72 5 0 23.79999999999999
62ece4982e6aefcf4aabbd72 5 0 30.09999999999998
62ece4982e6aefcf4aabbd72 5 0 34.70000000000002
62ece4982e6aefcf4aabbd72 5 0 38.599999999999994
62ece4982e6aefcf4aabbd72 5 0 42.0
62ece4982e6aefcf4aabbd73 5 0 23.79999999999999
62ece4982e6aefcf4aabbd73 5 0 30.09999999999998
62ece4982e6aefcf4aabbd73 5 0 34.70000000000002
62ece4982e6aefcf4aabbd73 5 0 38.599999999999994
62ece4982e6aefcf4aabbd73 5 0 42.0
62ece4982e6aefcf4aabbd74 5 0 23.79999999999999
62ece4982e6aefcf4aabbd74 5 0 30.09999999999998
62ece4982e6aefcf4aabbd74 5 0 34.70000000000002
62ece4982e6aefcf4aabbd74 5 0 38.599999999999994
62ece4982e6aefcf4aabbd74 5 0 42.0
62ece4982e6aefcf4aabbd75 5 0 23.79999999999999
62ece4982e6aefcf4aabbd75 5 0 30.09999999999998
62ece4982e6aefcf4aabbd75 5 0 34.70000000000002
62ece4982e6aefcf4aabbd75 5 0 38.599999999999994
62ece4982e6aefcf4aabbd75 5 0 42.0
62ece4982e6aefcf4aabbd76 5 0 23.79999999999999
62ece4982e6aefcf4aabbd76 5 0 30.09999999999998
62ece4982e6aefcf4aabbd76 5 0 34.70000000000002
62ece4982e6aefcf4aabbd76 5 0 38.599999999999994
62ece4982e6aefcf4aabbd76 5 0 42.0
62ece4982e6aefcf4aabbd77 5 0 23.79999999999999
62ece4982e6aefcf4aabbd77 5 0 30.09999999999998
62ece4982e6aefcf4aabbd77 5 0 34.70000000000002
62ece4982e6aefcf4aabbd77 5 0 38.599999999999994
62ece4982e6aefcf4aabbd77 5 0 42.0
62ece4992e6aefcf4aabbd78 5 0 23.79999999999999
62ece4992e6aefcf4aabbd78 5 0 30.09999999999998
62ece4992e6aefcf4aabbd78 5 0 34.70000000000002
62ece4992e6aefcf4aabbd78 5 0 38.599999999999994
62ece4992e6aefcf4aabbd78 5 0 42.0
62ece4992e6aefcf4aabbd79 5 0 23.79999999999999
62ece4992e6aefcf4aabbd79 5 0 30.09999999999998
62ece4992e6aefcf4aabbd79 5 0 34.70000000000002
62ece4992e6aefcf4aabbd79 5 0 38.599999999999994
62ece4992e6aefcf4aabbd79 5 0 42.0
62ece4992e6aefcf4aabbd7a 5 5 24.79999999999999
62ece4992e6aefcf4aabbd7a 5 5 31.09999999999998
62ece4992e6aefcf4aabbd7a 5 5 35.70000000000002
62ece4992e6aefcf4aabbd7a 5 5 39.599999999999994
62ece4992e6aefcf4aabbd7a 5 5 43.0
62ece4992e6aefcf4aabbd7b 5 0 24.79999999999999
62ece4992e6aefcf4aabbd7b 5 0 31.09999999999998
62ece4992e6aefcf4aabbd7b 5 0 35.70000000000002
62ece4992e6aefcf4aabbd7b 5 0 39.599999999999994
62ece4992e6aefcf4aabbd7b 5 0 43.0
62ece4992e6aefcf4aabbd7c 5 3 25.39999999999999
62ece4992e6aefcf4aabbd7c 5 3 31.99999999999998
62ece4992e6aefcf4aabbd7c 5 3 36.70000000000002
62ece4992e6aefcf4aabbd7c 5 3 40.599999999999994
62ece4992e6aefcf4aabbd7c 5 3 44.0
62ece4992e6aefcf4aabbd7d 5 5 26.39999999999999
62ece4992e6aefcf4aabbd7d 5 5 32.99999999999998
62ece4992e6aefcf4aabbd7d 5 5 37.70000000000002
62ece4992e6aefcf4aabbd7d 5 5 41.599999999999994
62ece4992e6aefcf4aabbd7d 5 5 45.0
62ece4992e6aefcf4aabbd7e 5 0 26.39999999999999
62ece4992e6aefcf4aabbd7e 5 0 32.99999999999998
62ece4992e6aefcf4aabbd7e 5 0 37.70000000000002
62ece4992e6aefcf4aabbd7e 5 0 41.599999999999994
62ece4992e6aefcf4aabbd7e 5 0 45.0
62ece4992e6aefcf4aabbd7f 5 5 27.39999999999999
62ece4992e6aefcf4aabbd7f 5 5 33.99999999999998
62ece4992e6aefcf4aabbd7f 5 5 38.70000000000002
62ece4992e6aefcf4aabbd7f 5 5 42.599999999999994
62ece4992e6aefcf4aabbd7f 5 5 46.0
62ece4992e6aefcf4aabbd80 5 4 28.199999999999992
62ece4992e6aefcf4aabbd80 5 4 34.99999999999998
62ece4992e6aefcf4aabbd80 5 4 39.70000000000002
62ece4992e6aefcf4aabbd80 5 4 43.599999999999994
62ece4992e6aefcf4aabbd80 5 4 47.0
62ece4992e6aefcf4aabbd82 5 3 28.799999999999994
62ece4992e6aefcf4aabbd82 5 3 35.89999999999998
62ece4992e6aefcf4aabbd82 5 3 40.70000000000002
62ece4992e6aefcf4aabbd82 5 3 44.599999999999994
62ece4992e6aefcf4aabbd82 5 3 48.0
62ece4992e6aefcf4aabbd83 5 0 28.799999999999994
62ece4992e6aefcf4aabbd83 5 0 35.89999999999998
62ece4992e6aefcf4aabbd83 5 0 40.70000000000002
62ece4992e6aefcf4aabbd83 5 0 44.599999999999994
62ece4992e6aefcf4aabbd83 5 0 48.0
62ece4992e6aefcf4aabbd84 5 4 29.599999999999994
62ece4992e6aefcf4aabbd84 5 4 36.89999999999998
62ece4992e6aefcf4aabbd84 5 4 41.70000000000002
62ece4992e6aefcf4aabbd84 5 4 45.599999999999994
62ece4992e6aefcf4aabbd84 5 4 49.0
62ece4992e6aefcf4aabbd85 5 1 29.799999999999994
62ece4992e6aefcf4aabbd85 5 1 37.299999999999976
62ece4992e6aefcf4aabbd85 5 1 42.30000000000002
62ece4992e6aefcf4aabbd85 5 1 46.39999999999999
62ece4992e6aefcf4aabbd85 5 1 50.0
62ece4992e6aefcf4aabbd86 5 1 29.999999999999993
62ece4992e6aefcf4aabbd86 5 1 37.699999999999974
62ece4992e6aefcf4aabbd86 5 1 42.90000000000002
62ece4992e6aefcf4aabbd86 5 1 47.19999999999999
62ece4992e6aefcf4aabbd86 5 1 51.0
62ece4992e6aefcf4aabbd87 5 0 29.999999999999993
62ece4992e6aefcf4aabbd87 5 0 37.699999999999974
62ece4992e6aefcf4aabbd87 5 0 42.90000000000002
62ece4992e6aefcf4aabbd87 5 0 47.19999999999999
62ece4992e6aefcf4aabbd87 5 0 51.0
62ece4992e6aefcf4aabbd88 5 1 30.199999999999992
62ece4992e6aefcf4aabbd88 5 1 38.09999999999997
62ece4992e6aefcf4aabbd88 5 1 43.50000000000002
62ece4992e6aefcf4aabbd88 5 1 47.999999999999986
62ece4992e6aefcf4aabbd88 5 1 52.0
62ece4992e6aefcf4aabbd89 5 4 30.999999999999993
62ece4992e6aefcf4aabbd89 5 4 39.09999999999997
62ece4992e6aefcf4aabbd89 5 4 44.50000000000002
62ece4992e6aefcf4aabbd89 5 4 48.999999999999986
62ece4992e6aefcf4aabbd89 5 4 53.0
62ece4992e6aefcf4aabbd8a 5 3 31.599999999999994
62ece4992e6aefcf4aabbd8a 5 3 39.99999999999997
62ece4992e6aefcf4aabbd8a 5 3 45.50000000000002
62ece4992e6aefcf4aabbd8a 5 3 49.999999999999986
62ece4992e6aefcf4aabbd8a 5 3 54.0
62ece4992e6aefcf4aabbd8b 5 0 31.599999999999994
62ece4992e6aefcf4aabbd8b 5 0 39.99999999999997
62ece4992e6aefcf4aabbd8b 5 0 45.50000000000002
62ece4992e6aefcf4aabbd8b 5 0 49.999999999999986
62ece4992e6aefcf4aabbd8b 5 0 54.0
62e60723d76274f8a4026b76 5 0 31.599999999999994
62e60723d76274f8a4026b76 5 0 39.99999999999997
62e60723d76274f8a4026b76 5 0 45.50000000000002
62e60723d76274f8a4026b76 5 0 49.999999999999986
62e60723d76274f8a4026b76 5 0 54.0
62e60873d76274f8a4026bd8 5 0 31.599999999999994
62e60873d76274f8a4026bd8 5 0 39.99999999999997
62e60873d76274f8a4026bd8 5 0 45.50000000000002
62e60873d76274f8a4026bd8 5 0 49.999999999999986
62e60873d76274f8a4026bd8 5 0 54.0
62e60e3bd76274f8a4026d1a 5 0 31.599999999999994
62e60e3bd76274f8a4026d1a 5 0 39.99999999999997
62e60e3bd76274f8a4026d1a 5 0 45.50000000000002
62e60e3bd76274f8a4026d1a 5 0 49.999999999999986
62e60e3bd76274f8a4026d1a 5 0 54.0
62b87b199a0c4fa8b80b354c 5 0 31.599999999999994
62b87b199a0c4fa8b80b354c 5 0 39.99999999999997
62b87b199a0c4fa8b80b354c 5 0 45.50000000000002
62b87b199a0c4fa8b80b354c 5 0 49.999999999999986
62b87b199a0c4fa8b80b354c 5 0 54.0
62b87b4f9a0c4fa8b80b3581 5 0 31.599999999999994
62b87b4f9a0c4fa8b80b3581 5 0 39.99999999999997
62b87b4f9a0c4fa8b80b3581 5 0 45.50000000000002
62b87b4f9a0c4fa8b80b3581 5 0 49.999999999999986
62b87b4f9a0c4fa8b80b3581 5 0 54.0
62b87b519a0c4fa8b80b3583 5 0 31.599999999999994
62b87b519a0c4fa8b80b3583 5 0 39.99999999999997
62b87b519a0c4fa8b80b3583 5 0 45.50000000000002
62b87b519a0c4fa8b80b3583 5 0 49.999999999999986
62b87b519a0c4fa8b80b3583 5 0 54.0
62b87b869a0c4fa8b80b35e1 5 0 31.599999999999994
62b87b869a0c4fa8b80b35e1 5 0 39.99999999999997
62b87b869a0c4fa8b80b35e1 5 0 45.50000000000002
62b87b869a0c4fa8b80b35e1 5 0 49.999999999999986
62b87b869a0c4fa8b80b35e1 5 0 54.0
62b8b4baeb7e40a82d2d1136 5 5 32.599999999999994
62b8b4baeb7e40a82d2d1136 5 5 40.99999999999997
62b8b4baeb7e40a82d2d1136 5 5 46.50000000000002
62b8b4baeb7e40a82d2d1136 5 5 50.999999999999986
62b8b4baeb7e40a82d2d1136 5 5 55.0
62b8b4baeb7e40a82d2d1137 5 5 33.599999999999994
62b8b4baeb7e40a82d2d1137 5 5 41.99999999999997
62b8b4baeb7e40a82d2d1137 5 5 47.50000000000002
62b8b4baeb7e40a82d2d1137 5 5 51.999999999999986
62b8b4baeb7e40a82d2d1137 5 5 56.0
62b8b4c1eb7e40a82d2d1139 5 5 34.599999999999994
62b8b4c1eb7e40a82d2d1139 5 5 42.99999999999997
62b8b4c1eb7e40a82d2d1139 5 5 48.50000000000002
62b8b4c1eb7e40a82d2d1139 5 5 52.999999999999986
62b8b4c1eb7e40a82d2d1139 5 5 57.0
62b8b559eb7e40a82d2d11f6 5 4 35.39999999999999
62b8b559eb7e40a82d2d11f6 5 4 43.99999999999997
62b8b559eb7e40a82d2d11f6 5 4 49.50000000000002
62b8b559eb7e40a82d2d11f6 5 4 53.999999999999986
62b8b559eb7e40a82d2d11f6 5 4 58.0
62b8d22a48ba5a41d1c3f47d 5 0 35.39999999999999
62b8d22a48ba5a41d1c3f47d 5 0 43.99999999999997
62b8d22a48ba5a41d1c3f47d 5 0 49.50000000000002
62b8d22a48ba5a41d1c3f47d 5 0 53.999999999999986
62b8d22a48ba5a41d1c3f47d 5 0 58.0
62b8d23748ba5a41d1c3f497 5 0 35.39999999999999
62b8d23748ba5a41d1c3f497 5 0 43.99999999999997
62b8d23748ba5a41d1c3f497 5 0 49.50000000000002
62b8d23748ba5a41d1c3f497 5 0 53.999999999999986
62b8d23748ba5a41d1c3f497 5 0 58.0
62b8d23a48ba5a41d1c3f499 5 2 35.79999999999999
62b8d23a48ba5a41d1c3f499 5 2 44.699999999999974
62b8d23a48ba5a41d1c3f499 5 2 50.40000000000002
62b8d23a48ba5a41d1c3f499 5 2 54.999999999999986
62b8d23a48ba5a41d1c3f499 5 2 59.0
62b8d23c48ba5a41d1c3f49b 5 1 35.99999999999999
62b8d23c48ba5a41d1c3f49b 5 1 45.09999999999997
62b8d23c48ba5a41d1c3f49b 5 1 51.00000000000002
62b8d23c48ba5a41d1c3f49b 5 1 55.79999999999998
62b8d23c48ba5a41d1c3f49b 5 1 60.0
62b8d23e48ba5a41d1c3f49e 5 5 36.99999999999999
62b8d23e48ba5a41d1c3f49e 5 5 46.09999999999997
62b8d23e48ba5a41d1c3f49e 5 5 52.00000000000002
62b8d23e48ba5a41d1c3f49e 5 5 56.79999999999998
62b8d23e48ba5a41d1c3f49e 5 5 61.0
62b43425903eeb48555d3ea1 5 0 36.99999999999999
62b43425903eeb48555d3ea1 5 0 46.09999999999997
62b43425903eeb48555d3ea1 5 0 52.00000000000002
62b43425903eeb48555d3ea1 5 0 56.79999999999998
62b43425903eeb48555d3ea1 5 0 61.0
62b43426903eeb48555d3ea2 5 0 36.99999999999999
62b43426903eeb48555d3ea2 5 0 46.09999999999997
62b43426903eeb48555d3ea2 5 0 52.00000000000002
62b43426903eeb48555d3ea2 5 0 56.79999999999998
62b43426903eeb48555d3ea2 5 0 61.0
62b8966c755ee91dce50a154 5 0 36.99999999999999
62b8966c755ee91dce50a154 5 0 46.09999999999997
62b8966c755ee91dce50a154 5 0 52.00000000000002
62b8966c755ee91dce50a154 5 0 56.79999999999998
62b8966c755ee91dce50a154 5 0 61.0
62b896de755ee91dce50a183 5 0 36.99999999999999
62b896de755ee91dce50a183 5 0 46.09999999999997
62b896de755ee91dce50a183 5 0 52.00000000000002
62b896de755ee91dce50a183 5 0 56.79999999999998
62b896de755ee91dce50a183 5 0 61.0
62b8a4a4755ee91dce50a3d3 5 5 37.99999999999999
62b8a4a4755ee91dce50a3d3 5 5 47.09999999999997
62b8a4a4755ee91dce50a3d3 5 5 53.00000000000002
62b8a4a4755ee91dce50a3d3 5 5 57.79999999999998
62b8a4a4755ee91dce50a3d3 5 5 62.0
62b8a7b2755ee91dce50a4a7 5 4 38.79999999999999
62b8a7b2755ee91dce50a4a7 5 4 48.09999999999997
62b8a7b2755ee91dce50a4a7 5 4 54.00000000000002
62b8a7b2755ee91dce50a4a7 5 4 58.79999999999998
62b8a7b2755ee91dce50a4a7 5 4 63.0
6305f9991d275c6667163c50 5 5 39.79999999999999
6305f9991d275c6667163c50 5 5 49.09999999999997
6305f9991d275c6667163c50 5 5 55.00000000000002
6305f9991d275c6667163c50 5 5 59.79999999999998
6305f9991d275c6667163c50 5 5 64.0
6306292052e177c0ba469f09 5 0 39.79999999999999
6306292052e177c0ba469f09 5 0 49.09999999999997
6306292052e177c0ba469f09 5 0 55.00000000000002
6306292052e177c0ba469f09 5 0 59.79999999999998
6306292052e177c0ba469f09 5 0 64.0
6306292152e177c0ba469f0d 5 0 39.79999999999999
6306292152e177c0ba469f0d 5 0 49.09999999999997
6306292152e177c0ba469f0d 5 0 55.00000000000002
6306292152e177c0ba469f0d 5 0 59.79999999999998
6306292152e177c0ba469f0d 5 0 64.0
6306292252e177c0ba469f11 5 5 40.79999999999999
6306292252e177c0ba469f11 5 5 50.09999999999997
6306292252e177c0ba469f11 5 5 56.00000000000002
6306292252e177c0ba469f11 5 5 60.79999999999998
6306292252e177c0ba469f11 5 5 65.0
6306292352e177c0ba469f1d 5 0 40.79999999999999
6306292352e177c0ba469f1d 5 0 50.09999999999997
6306292352e177c0ba469f1d 5 0 56.00000000000002
6306292352e177c0ba469f1d 5 0 60.79999999999998
6306292352e177c0ba469f1d 5 0 65.0
6306292352e177c0ba469f1e 5 0 40.79999999999999
6306292352e177c0ba469f1e 5 0 50.09999999999997
6306292352e177c0ba469f1e 5 0 56.00000000000002
6306292352e177c0ba469f1e 5 0 60.79999999999998
6306292352e177c0ba469f1e 5 0 65.0
6306292652e177c0ba469f34 5 0 40.79999999999999
6306292652e177c0ba469f34 5 0 50.09999999999997
6306292652e177c0ba469f34 5 0 56.00000000000002
6306292652e177c0ba469f34 5 0 60.79999999999998
6306292652e177c0ba469f34 5 0 65.0
6306292a52e177c0ba469f41 5 0 40.79999999999999
6306292a52e177c0ba469f41 5 0 50.09999999999997
6306292a52e177c0ba469f41 5 0 56.00000000000002
6306292a52e177c0ba469f41 5 0 60.79999999999998
6306292a52e177c0ba469f41 5 0 65.0
6306298b52e177c0ba469fdc 5 0 40.79999999999999
6306298b52e177c0ba469fdc 5 0 50.09999999999997
6306298b52e177c0ba469fdc 5 0 56.00000000000002
6306298b52e177c0ba469fdc 5 0 60.79999999999998
6306298b52e177c0ba469fdc 5 0 65.0
6306299052e177c0ba469fe8 5 0 40.79999999999999
6306299052e177c0ba469fe8 5 0 50.09999999999997
6306299052e177c0ba469fe8 5 0 56.00000000000002
6306299052e177c0ba469fe8 5 0 60.79999999999998
6306299052e177c0ba469fe8 5 0 65.0
630629b952e177c0ba46a043 5 0 40.79999999999999
630629b952e177c0ba46a043 5 0 50.09999999999997
630629b952e177c0ba46a043 5 0 56.00000000000002
630629b952e177c0ba46a043 5 0 60.79999999999998
630629b952e177c0ba46a043 5 0 65.0
630629d052e177c0ba46a0a1 5 0 40.79999999999999
630629d052e177c0ba46a0a1 5 0 50.09999999999997
630629d052e177c0ba46a0a1 5 0 56.00000000000002
630629d052e177c0ba46a0a1 5 0 60.79999999999998
630629d052e177c0ba46a0a1 5 0 65.0
630629e052e177c0ba46a0c4 5 0 40.79999999999999
630629e052e177c0ba46a0c4 5 0 50.09999999999997
630629e052e177c0ba46a0c4 5 0 56.00000000000002
630629e052e177c0ba46a0c4 5 0 60.79999999999998
630629e052e177c0ba46a0c4 5 0 65.0
630629e152e177c0ba46a0d1 5 4 41.59999999999999
630629e152e177c0ba46a0d1 5 4 51.09999999999997
630629e152e177c0ba46a0d1 5 4 57.00000000000002
630629e152e177c0ba46a0d1 5 4 61.79999999999998
630629e152e177c0ba46a0d1 5 4 66.0
630629e152e177c0ba46a0d2 5 0 41.59999999999999
630629e152e177c0ba46a0d2 5 0 51.09999999999997
630629e152e177c0ba46a0d2 5 0 57.00000000000002
630629e152e177c0ba46a0d2 5 0 61.79999999999998
630629e152e177c0ba46a0d2 5 0 66.0
630629e252e177c0ba46a0d6 5 0 41.59999999999999
630629e252e177c0ba46a0d6 5 0 51.09999999999997
630629e252e177c0ba46a0d6 5 0 57.00000000000002
630629e252e177c0ba46a0d6 5 0 61.79999999999998
630629e252e177c0ba46a0d6 5 0 66.0
630629e752e177c0ba46a0fb 5 0 41.59999999999999
630629e752e177c0ba46a0fb 5 0 51.09999999999997
630629e752e177c0ba46a0fb 5 0 57.00000000000002
630629e752e177c0ba46a0fb 5 0 61.79999999999998
630629e752e177c0ba46a0fb 5 0 66.0
6306091073426c38ae68acac 5 0 41.59999999999999
6306091073426c38ae68acac 5 0 51.09999999999997
6306091073426c38ae68acac 5 0 57.00000000000002
6306091073426c38ae68acac 5 0 61.79999999999998
6306091073426c38ae68acac 5 0 66.0
6306091a73426c38ae68acc8 5 0 41.59999999999999
6306091a73426c38ae68acc8 5 0 51.09999999999997
6306091a73426c38ae68acc8 5 0 57.00000000000002
6306091a73426c38ae68acc8 5 0 61.79999999999998
6306091a73426c38ae68acc8 5 0 66.0
6306091b73426c38ae68acd7 5 0 41.59999999999999
6306091b73426c38ae68acd7 5 0 51.09999999999997
6306091b73426c38ae68acd7 5 0 57.00000000000002
6306091b73426c38ae68acd7 5 0 61.79999999999998
6306091b73426c38ae68acd7 5 0 66.0
6306091b73426c38ae68acd9 5 0 41.59999999999999
6306091b73426c38ae68acd9 5 0 51.09999999999997
6306091b73426c38ae68acd9 5 0 57.00000000000002
6306091b73426c38ae68acd9 5 0 61.79999999999998
6306091b73426c38ae68acd9 5 0 66.0
6306091b73426c38ae68acda 5 0 41.59999999999999
6306091b73426c38ae68acda 5 0 51.09999999999997
6306091b73426c38ae68acda 5 0 57.00000000000002
6306091b73426c38ae68acda 5 0 61.79999999999998
6306091b73426c38ae68acda 5 0 66.0
6306091c73426c38ae68acdc 5 1 41.79999999999999
6306091c73426c38ae68acdc 5 1 51.49999999999997
6306091c73426c38ae68acdc 5 1 57.60000000000002
6306091c73426c38ae68acdc 5 1 62.59999999999998
6306091c73426c38ae68acdc 5 1 67.0
6306091c73426c38ae68acdd 5 0 41.79999999999999
6306091c73426c38ae68acdd 5 0 51.49999999999997
6306091c73426c38ae68acdd 5 0 57.60000000000002
6306091c73426c38ae68acdd 5 0 62.59999999999998
6306091c73426c38ae68acdd 5 0 67.0
6306091d73426c38ae68ace5 5 0 41.79999999999999
6306091d73426c38ae68ace5 5 0 51.49999999999997
6306091d73426c38ae68ace5 5 0 57.60000000000002
6306091d73426c38ae68ace5 5 0 62.59999999999998
6306091d73426c38ae68ace5 5 0 67.0
6306092373426c38ae68acfa 5 0 41.79999999999999
6306092373426c38ae68acfa 5 0 51.49999999999997
6306092373426c38ae68acfa 5 0 57.60000000000002
6306092373426c38ae68acfa 5 0 62.59999999999998
6306092373426c38ae68acfa 5 0 67.0
6306092973426c38ae68ad01 5 0 41.79999999999999
6306092973426c38ae68ad01 5 0 51.49999999999997
6306092973426c38ae68ad01 5 0 57.60000000000002
6306092973426c38ae68ad01 5 0 62.59999999999998
6306092973426c38ae68ad01 5 0 67.0
6306092c73426c38ae68ad02 5 0 41.79999999999999
6306092c73426c38ae68ad02 5 0 51.49999999999997
6306092c73426c38ae68ad02 5 0 57.60000000000002
6306092c73426c38ae68ad02 5 0 62.59999999999998
6306092c73426c38ae68ad02 5 0 67.0
6306092d73426c38ae68ad04 5 0 41.79999999999999
6306092d73426c38ae68ad04 5 0 51.49999999999997
6306092d73426c38ae68ad04 5 0 57.60000000000002
6306092d73426c38ae68ad04 5 0 62.59999999999998
6306092d73426c38ae68ad04 5 0 67.0
6306092d73426c38ae68ad05 5 0 41.79999999999999
6306092d73426c38ae68ad05 5 0 51.49999999999997
6306092d73426c38ae68ad05 5 0 57.60000000000002
6306092d73426c38ae68ad05 5 0 62.59999999999998
6306092d73426c38ae68ad05 5 0 67.0
6306092d73426c38ae68ad06 5 0 41.79999999999999
6306092d73426c38ae68ad06 5 0 51.49999999999997
6306092d73426c38ae68ad06 5 0 57.60000000000002
6306092d73426c38ae68ad06 5 0 62.59999999999998
6306092d73426c38ae68ad06 5 0 67.0
6306092d73426c38ae68ad07 5 0 41.79999999999999
6306092d73426c38ae68ad07 5 0 51.49999999999997
6306092d73426c38ae68ad07 5 0 57.60000000000002
6306092d73426c38ae68ad07 5 0 62.59999999999998
6306092d73426c38ae68ad07 5 0 67.0
6306092d73426c38ae68ad08 5 1 41.99999999999999
6306092d73426c38ae68ad08 5 1 51.89999999999997
6306092d73426c38ae68ad08 5 1 58.200000000000024
6306092d73426c38ae68ad08 5 1 63.39999999999998
6306092d73426c38ae68ad08 5 1 68.0
6306092e73426c38ae68ad09 5 0 41.99999999999999
6306092e73426c38ae68ad09 5 0 51.89999999999997
6306092e73426c38ae68ad09 5 0 58.200000000000024
6306092e73426c38ae68ad09 5 0 63.39999999999998
6306092e73426c38ae68ad09 5 0 68.0
6306092e73426c38ae68ad0a 5 0 41.99999999999999
6306092e73426c38ae68ad0a 5 0 51.89999999999997
6306092e73426c38ae68ad0a 5 0 58.200000000000024
6306092e73426c38ae68ad0a 5 0 63.39999999999998
6306092e73426c38ae68ad0a 5 0 68.0
6306092e73426c38ae68ad0b 5 0 41.99999999999999
6306092e73426c38ae68ad0b 5 0 51.89999999999997
6306092e73426c38ae68ad0b 5 0 58.200000000000024
6306092e73426c38ae68ad0b 5 0 63.39999999999998
6306092e73426c38ae68ad0b 5 0 68.0
6306092e73426c38ae68ad0d 5 0 41.99999999999999
6306092e73426c38ae68ad0d 5 0 51.89999999999997
6306092e73426c38ae68ad0d 5 0 58.200000000000024
6306092e73426c38ae68ad0d 5 0 63.39999999999998
6306092e73426c38ae68ad0d 5 0 68.0
6306092e73426c38ae68ad0f 5 0 41.99999999999999
6306092e73426c38ae68ad0f 5 0 51.89999999999997
6306092e73426c38ae68ad0f 5 0 58.200000000000024
6306092e73426c38ae68ad0f 5 0 63.39999999999998
6306092e73426c38ae68ad0f 5 0 68.0
6306092e73426c38ae68ad11 5 0 41.99999999999999
6306092e73426c38ae68ad11 5 0 51.89999999999997
6306092e73426c38ae68ad11 5 0 58.200000000000024
6306092e73426c38ae68ad11 5 0 63.39999999999998
6306092e73426c38ae68ad11 5 0 68.0
6306092f73426c38ae68ad13 5 0 41.99999999999999
6306092f73426c38ae68ad13 5 0 51.89999999999997
6306092f73426c38ae68ad13 5 0 58.200000000000024
6306092f73426c38ae68ad13 5 0 63.39999999999998
6306092f73426c38ae68ad13 5 0 68.0
6306093273426c38ae68ad15 5 0 41.99999999999999
6306093273426c38ae68ad15 5 0 51.89999999999997
6306093273426c38ae68ad15 5 0 58.200000000000024
6306093273426c38ae68ad15 5 0 63.39999999999998
6306093273426c38ae68ad15 5 0 68.0
63060ada73426c38ae68ad31 5 2 42.39999999999999
63060ada73426c38ae68ad31 5 2 52.59999999999997
63060ada73426c38ae68ad31 5 2 59.10000000000002
63060ada73426c38ae68ad31 5 2 64.39999999999998
63060ada73426c38ae68ad31 5 2 69.0
63060b1a73426c38ae68ad3e 5 0 42.39999999999999
63060b1a73426c38ae68ad3e 5 0 52.59999999999997
63060b1a73426c38ae68ad3e 5 0 59.10000000000002
63060b1a73426c38ae68ad3e 5 0 64.39999999999998
63060b1a73426c38ae68ad3e 5 0 69.0
63060b1b73426c38ae68ad42 5 0 42.39999999999999
63060b1b73426c38ae68ad42 5 0 52.59999999999997
63060b1b73426c38ae68ad42 5 0 59.10000000000002
63060b1b73426c38ae68ad42 5 0 64.39999999999998
63060b1b73426c38ae68ad42 5 0 69.0
63060b1b73426c38ae68ad43 5 1 42.599999999999994
63060b1b73426c38ae68ad43 5 1 52.99999999999997
63060b1b73426c38ae68ad43 5 1 59.700000000000024
63060b1b73426c38ae68ad43 5 1 65.19999999999997
63060b1b73426c38ae68ad43 5 1 70.0
62ece4982e6aefcf4aabbd64 5 0 42.599999999999994
62ece4982e6aefcf4aabbd64 5 0 52.99999999999997
62ece4982e6aefcf4aabbd64 5 0 59.700000000000024
62ece4982e6aefcf4aabbd64 5 0 65.19999999999997
62ece4982e6aefcf4aabbd64 5 0 70.0
230 230
[42.599999999999994, 52.99999999999997, 59.700000000000024, 65.19999999999997, 70.0]
0.1852173913043478
 18.52%
0.23043478260869552
 23.04%
0.25956521739130445
 25.96%
0.2834782608695651
 28.35%
0.30434782608695654
 30.43%
finish_overall
plib_runnable	21

  19.05%	
  26.19%	
  30.48%	
  34.29%	
  38.10%	


project_runnable	23

  6.09%	
  7.83%	
  9.57%	
  11.30%	
  13.04%	


class_runnable	55

  12.00%	
  15.27%	
  17.82%	
  20.00%	
  21.82%	


self_contained	35

  38.86%	
  46.86%	
  52.29%	
  56.57%	
  60.00%	


file_runnable	68

  16.47%	
  20.00%	
  21.91%	
  23.53%	
  25.00%	


slib_runnable	28

  20.71%	
  26.07%	
  28.93%	
  30.71%	
  32.14%	


230
0
