62e60f43d76274f8a4026e28 5 0 0.0
62e60f43d76274f8a4026e28 5 0 0.0
62e60f43d76274f8a4026e28 5 0 0.0
62e60f43d76274f8a4026e28 5 0 0.0
62e60f43d76274f8a4026e28 5 0 0.0
62e60f3bd76274f8a4026e10 5 0 0.0
62e60f3bd76274f8a4026e10 5 0 0.0
62e60f3bd76274f8a4026e10 5 0 0.0
62e60f3bd76274f8a4026e10 5 0 0.0
62e60f3bd76274f8a4026e10 5 0 0.0
62e60f37d76274f8a4026dfd 5 0 0.0
62e60f37d76274f8a4026dfd 5 0 0.0
62e60f37d76274f8a4026dfd 5 0 0.0
62e60f37d76274f8a4026dfd 5 0 0.0
62e60f37d76274f8a4026dfd 5 0 0.0
62e60f33d76274f8a4026de9 5 0 0.0
62e60f33d76274f8a4026de9 5 0 0.0
62e60f33d76274f8a4026de9 5 0 0.0
62e60f33d76274f8a4026de9 5 0 0.0
62e60f33d76274f8a4026de9 5 0 0.0
62e60ed4d76274f8a4026da0 5 5 1.0
62e60ed4d76274f8a4026da0 5 5 1.0
62e60ed4d76274f8a4026da0 5 5 1.0
62e60ed4d76274f8a4026da0 5 5 1.0
62e60ed4d76274f8a4026da0 5 5 1.0
62e60ecfd76274f8a4026d6a 5 0 1.0
62e60ecfd76274f8a4026d6a 5 0 1.0
62e60ecfd76274f8a4026d6a 5 0 1.0
62e60ecfd76274f8a4026d6a 5 0 1.0
62e60ecfd76274f8a4026d6a 5 0 1.0
62e60e49d76274f8a4026d25 5 1 1.2
62e60e49d76274f8a4026d25 5 1 1.4
62e60e49d76274f8a4026d25 5 1 1.6
62e60e49d76274f8a4026d25 5 1 1.8
62e60e49d76274f8a4026d25 5 1 2.0
62e60e05d76274f8a4026cfd 5 0 1.2
62e60e05d76274f8a4026cfd 5 0 1.4
62e60e05d76274f8a4026cfd 5 0 1.6
62e60e05d76274f8a4026cfd 5 0 1.8
62e60e05d76274f8a4026cfd 5 0 2.0
62e60da4d76274f8a4026cf1 5 2 1.5999999999999999
62e60da4d76274f8a4026cf1 5 2 2.0999999999999996
62e60da4d76274f8a4026cf1 5 2 2.5
62e60da4d76274f8a4026cf1 5 2 2.8
62e60da4d76274f8a4026cf1 5 2 3.0
62e60b10d76274f8a4026ccd 5 0 1.5999999999999999
62e60b10d76274f8a4026ccd 5 0 2.0999999999999996
62e60b10d76274f8a4026ccd 5 0 2.5
62e60b10d76274f8a4026ccd 5 0 2.8
62e60b10d76274f8a4026ccd 5 0 3.0
62e6087bd76274f8a4026bfa 5 0 1.5999999999999999
62e6087bd76274f8a4026bfa 5 0 2.0999999999999996
62e6087bd76274f8a4026bfa 5 0 2.5
62e6087bd76274f8a4026bfa 5 0 2.8
62e6087bd76274f8a4026bfa 5 0 3.0
62e6087ad76274f8a4026bf2 5 0 1.5999999999999999
62e6087ad76274f8a4026bf2 5 0 2.0999999999999996
62e6087ad76274f8a4026bf2 5 0 2.5
62e6087ad76274f8a4026bf2 5 0 2.8
62e6087ad76274f8a4026bf2 5 0 3.0
62e60879d76274f8a4026bec 5 0 1.5999999999999999
62e60879d76274f8a4026bec 5 0 2.0999999999999996
62e60879d76274f8a4026bec 5 0 2.5
62e60879d76274f8a4026bec 5 0 2.8
62e60879d76274f8a4026bec 5 0 3.0
62e60723d76274f8a4026b75 5 5 2.5999999999999996
62e60723d76274f8a4026b75 5 5 3.0999999999999996
62e60723d76274f8a4026b75 5 5 3.5
62e60723d76274f8a4026b75 5 5 3.8
62e60723d76274f8a4026b75 5 5 4.0
62e60707d76274f8a4026b69 5 0 2.5999999999999996
62e60707d76274f8a4026b69 5 0 3.0999999999999996
62e60707d76274f8a4026b69 5 0 3.5
62e60707d76274f8a4026b69 5 0 3.8
62e60707d76274f8a4026b69 5 0 4.0
62e5dc9ed76274f8a4026b5b 5 0 2.5999999999999996
62e5dc9ed76274f8a4026b5b 5 0 3.0999999999999996
62e5dc9ed76274f8a4026b5b 5 0 3.5
62e5dc9ed76274f8a4026b5b 5 0 3.8
62e5dc9ed76274f8a4026b5b 5 0 4.0
62e4fc3c85ea98643089041e 5 0 2.5999999999999996
62e4fc3c85ea98643089041e 5 0 3.0999999999999996
62e4fc3c85ea98643089041e 5 0 3.5
62e4fc3c85ea98643089041e 5 0 3.8
62e4fc3c85ea98643089041e 5 0 4.0
62e4fbda85ea986430890405 5 0 2.5999999999999996
62e4fbda85ea986430890405 5 0 3.0999999999999996
62e4fbda85ea986430890405 5 0 3.5
62e4fbda85ea986430890405 5 0 3.8
62e4fbda85ea986430890405 5 0 4.0
62e4fbda85ea986430890403 5 0 2.5999999999999996
62e4fbda85ea986430890403 5 0 3.0999999999999996
62e4fbda85ea986430890403 5 0 3.5
62e4fbda85ea986430890403 5 0 3.8
62e4fbda85ea986430890403 5 0 4.0
62e4fb6585ea98643089032b 5 5 3.5999999999999996
62e4fb6585ea98643089032b 5 5 4.1
62e4fb6585ea98643089032b 5 5 4.5
62e4fb6585ea98643089032b 5 5 4.8
62e4fb6585ea98643089032b 5 5 5.0
62e4fb4d85ea9864308902e7 5 0 3.5999999999999996
62e4fb4d85ea9864308902e7 5 0 4.1
62e4fb4d85ea9864308902e7 5 0 4.5
62e4fb4d85ea9864308902e7 5 0 4.8
62e4fb4d85ea9864308902e7 5 0 5.0
62b8d27a48ba5a41d1c3f4c6 5 0 3.5999999999999996
62b8d27a48ba5a41d1c3f4c6 5 0 4.1
62b8d27a48ba5a41d1c3f4c6 5 0 4.5
62b8d27a48ba5a41d1c3f4c6 5 0 4.8
62b8d27a48ba5a41d1c3f4c6 5 0 5.0
62b8d24048ba5a41d1c3f49f 5 0 3.5999999999999996
62b8d24048ba5a41d1c3f49f 5 0 4.1
62b8d24048ba5a41d1c3f49f 5 0 4.5
62b8d24048ba5a41d1c3f49f 5 0 4.8
62b8d24048ba5a41d1c3f49f 5 0 5.0
62b8d23b48ba5a41d1c3f49a 5 0 3.5999999999999996
62b8d23b48ba5a41d1c3f49a 5 0 4.1
62b8d23b48ba5a41d1c3f49a 5 0 4.5
62b8d23b48ba5a41d1c3f49a 5 0 4.8
62b8d23b48ba5a41d1c3f49a 5 0 5.0
62b8d23948ba5a41d1c3f498 5 0 3.5999999999999996
62b8d23948ba5a41d1c3f498 5 0 4.1
62b8d23948ba5a41d1c3f498 5 0 4.5
62b8d23948ba5a41d1c3f498 5 0 4.8
62b8d23948ba5a41d1c3f498 5 0 5.0
62b8d23748ba5a41d1c3f496 5 0 3.5999999999999996
62b8d23748ba5a41d1c3f496 5 0 4.1
62b8d23748ba5a41d1c3f496 5 0 4.5
62b8d23748ba5a41d1c3f496 5 0 4.8
62b8d23748ba5a41d1c3f496 5 0 5.0
62b8d22f48ba5a41d1c3f488 5 3 4.199999999999999
62b8d22f48ba5a41d1c3f488 5 3 5.0
62b8d22f48ba5a41d1c3f488 5 3 5.5
62b8d22f48ba5a41d1c3f488 5 3 5.8
62b8d22f48ba5a41d1c3f488 5 3 6.0
62b8d22a48ba5a41d1c3f47e 5 2 4.6
62b8d22a48ba5a41d1c3f47e 5 2 5.7
62b8d22a48ba5a41d1c3f47e 5 2 6.4
62b8d22a48ba5a41d1c3f47e 5 2 6.8
62b8d22a48ba5a41d1c3f47e 5 2 7.0
62b8d22948ba5a41d1c3f47c 5 4 5.3999999999999995
62b8d22948ba5a41d1c3f47c 5 4 6.7
62b8d22948ba5a41d1c3f47c 5 4 7.4
62b8d22948ba5a41d1c3f47c 5 4 7.8
62b8d22948ba5a41d1c3f47c 5 4 8.0
62b8d22548ba5a41d1c3f472 5 3 5.999999999999999
62b8d22548ba5a41d1c3f472 5 3 7.6000000000000005
62b8d22548ba5a41d1c3f472 5 3 8.4
62b8d22548ba5a41d1c3f472 5 3 8.8
62b8d22548ba5a41d1c3f472 5 3 9.0
62b8c517e0d34b282c18122e 5 0 5.999999999999999
62b8c517e0d34b282c18122e 5 0 7.6000000000000005
62b8c517e0d34b282c18122e 5 0 8.4
62b8c517e0d34b282c18122e 5 0 8.8
62b8c517e0d34b282c18122e 5 0 9.0
62b8bbbfe0d34b282c181210 5 2 6.399999999999999
62b8bbbfe0d34b282c181210 5 2 8.3
62b8bbbfe0d34b282c181210 5 2 9.3
62b8bbbfe0d34b282c181210 5 2 9.8
62b8bbbfe0d34b282c181210 5 2 10.0
62b8bbbfe0d34b282c18120f 5 2 6.799999999999999
62b8bbbfe0d34b282c18120f 5 2 9.0
62b8bbbfe0d34b282c18120f 5 2 10.200000000000001
62b8bbbfe0d34b282c18120f 5 2 10.8
62b8bbbfe0d34b282c18120f 5 2 11.0
62b8bbbce0d34b282c18120d 5 5 7.799999999999999
62b8bbbce0d34b282c18120d 5 5 10.0
62b8bbbce0d34b282c18120d 5 5 11.200000000000001
62b8bbbce0d34b282c18120d 5 5 11.8
62b8bbbce0d34b282c18120d 5 5 12.0
62b8b99de0d34b282c1811f8 5 0 7.799999999999999
62b8b99de0d34b282c1811f8 5 0 10.0
62b8b99de0d34b282c1811f8 5 0 11.200000000000001
62b8b99de0d34b282c1811f8 5 0 11.8
62b8b99de0d34b282c1811f8 5 0 12.0
62b8b59feb7e40a82d2d1291 5 0 7.799999999999999
62b8b59feb7e40a82d2d1291 5 0 10.0
62b8b59feb7e40a82d2d1291 5 0 11.200000000000001
62b8b59feb7e40a82d2d1291 5 0 11.8
62b8b59feb7e40a82d2d1291 5 0 12.0
62b8b590eb7e40a82d2d1275 5 0 7.799999999999999
62b8b590eb7e40a82d2d1275 5 0 10.0
62b8b590eb7e40a82d2d1275 5 0 11.200000000000001
62b8b590eb7e40a82d2d1275 5 0 11.8
62b8b590eb7e40a82d2d1275 5 0 12.0
62b8b58deb7e40a82d2d1269 5 4 8.6
62b8b58deb7e40a82d2d1269 5 4 11.0
62b8b58deb7e40a82d2d1269 5 4 12.200000000000001
62b8b58deb7e40a82d2d1269 5 4 12.8
62b8b58deb7e40a82d2d1269 5 4 13.0
62b8b559eb7e40a82d2d11f8 5 1 8.799999999999999
62b8b559eb7e40a82d2d11f8 5 1 11.4
62b8b559eb7e40a82d2d11f8 5 1 12.8
62b8b559eb7e40a82d2d11f8 5 1 13.600000000000001
62b8b559eb7e40a82d2d11f8 5 1 14.0
62b8b4b9eb7e40a82d2d1134 5 0 8.799999999999999
62b8b4b9eb7e40a82d2d1134 5 0 11.4
62b8b4b9eb7e40a82d2d1134 5 0 12.8
62b8b4b9eb7e40a82d2d1134 5 0 13.600000000000001
62b8b4b9eb7e40a82d2d1134 5 0 14.0
62b8b416eb7e40a82d2d1129 5 0 8.799999999999999
62b8b416eb7e40a82d2d1129 5 0 11.4
62b8b416eb7e40a82d2d1129 5 0 12.8
62b8b416eb7e40a82d2d1129 5 0 13.600000000000001
62b8b416eb7e40a82d2d1129 5 0 14.0
62b8b3d6eb7e40a82d2d111c 5 1 8.999999999999998
62b8b3d6eb7e40a82d2d111c 5 1 11.8
62b8b3d6eb7e40a82d2d111c 5 1 13.4
62b8b3d6eb7e40a82d2d111c 5 1 14.400000000000002
62b8b3d6eb7e40a82d2d111c 5 1 15.0
62b8b3d5eb7e40a82d2d1110 5 0 8.999999999999998
62b8b3d5eb7e40a82d2d1110 5 0 11.8
62b8b3d5eb7e40a82d2d1110 5 0 13.4
62b8b3d5eb7e40a82d2d1110 5 0 14.400000000000002
62b8b3d5eb7e40a82d2d1110 5 0 15.0
62b8b3d4eb7e40a82d2d110f 5 5 9.999999999999998
62b8b3d4eb7e40a82d2d110f 5 5 12.8
62b8b3d4eb7e40a82d2d110f 5 5 14.4
62b8b3d4eb7e40a82d2d110f 5 5 15.400000000000002
62b8b3d4eb7e40a82d2d110f 5 5 16.0
62b8b3d4eb7e40a82d2d110e 5 1 10.199999999999998
62b8b3d4eb7e40a82d2d110e 5 1 13.200000000000001
62b8b3d4eb7e40a82d2d110e 5 1 15.0
62b8b3d4eb7e40a82d2d110e 5 1 16.200000000000003
62b8b3d4eb7e40a82d2d110e 5 1 17.0
62b8b3d4eb7e40a82d2d110d 5 0 10.199999999999998
62b8b3d4eb7e40a82d2d110d 5 0 13.200000000000001
62b8b3d4eb7e40a82d2d110d 5 0 15.0
62b8b3d4eb7e40a82d2d110d 5 0 16.200000000000003
62b8b3d4eb7e40a82d2d110d 5 0 17.0
62b87b989a0c4fa8b80b35ee 5 0 10.199999999999998
62b87b989a0c4fa8b80b35ee 5 0 13.200000000000001
62b87b989a0c4fa8b80b35ee 5 0 15.0
62b87b989a0c4fa8b80b35ee 5 0 16.200000000000003
62b87b989a0c4fa8b80b35ee 5 0 17.0
62b87b859a0c4fa8b80b35d7 5 1 10.399999999999997
62b87b859a0c4fa8b80b35d7 5 1 13.600000000000001
62b87b859a0c4fa8b80b35d7 5 1 15.6
62b87b859a0c4fa8b80b35d7 5 1 17.000000000000004
62b87b859a0c4fa8b80b35d7 5 1 18.0
62b87b839a0c4fa8b80b35cb 5 0 10.399999999999997
62b87b839a0c4fa8b80b35cb 5 0 13.600000000000001
62b87b839a0c4fa8b80b35cb 5 0 15.6
62b87b839a0c4fa8b80b35cb 5 0 17.000000000000004
62b87b839a0c4fa8b80b35cb 5 0 18.0
62b87b7e9a0c4fa8b80b35bc 5 0 10.399999999999997
62b87b7e9a0c4fa8b80b35bc 5 0 13.600000000000001
62b87b7e9a0c4fa8b80b35bc 5 0 15.6
62b87b7e9a0c4fa8b80b35bc 5 0 17.000000000000004
62b87b7e9a0c4fa8b80b35bc 5 0 18.0
62b87b4f9a0c4fa8b80b3580 5 1 10.599999999999996
62b87b4f9a0c4fa8b80b3580 5 1 14.000000000000002
62b87b4f9a0c4fa8b80b3580 5 1 16.2
62b87b4f9a0c4fa8b80b3580 5 1 17.800000000000004
62b87b4f9a0c4fa8b80b3580 5 1 19.0
62b87b199a0c4fa8b80b354e 5 5 11.599999999999996
62b87b199a0c4fa8b80b354e 5 5 15.000000000000002
62b87b199a0c4fa8b80b354e 5 5 17.2
62b87b199a0c4fa8b80b354e 5 5 18.800000000000004
62b87b199a0c4fa8b80b354e 5 5 20.0
62b87b099a0c4fa8b80b3538 5 5 12.599999999999996
62b87b099a0c4fa8b80b3538 5 5 16.0
62b87b099a0c4fa8b80b3538 5 5 18.2
62b87b099a0c4fa8b80b3538 5 5 19.800000000000004
62b87b099a0c4fa8b80b3538 5 5 21.0
62b87af99a0c4fa8b80b3524 5 5 13.599999999999996
62b87af99a0c4fa8b80b3524 5 5 17.0
62b87af99a0c4fa8b80b3524 5 5 19.2
62b87af99a0c4fa8b80b3524 5 5 20.800000000000004
62b87af99a0c4fa8b80b3524 5 5 22.0
62b87af69a0c4fa8b80b351a 5 5 14.599999999999996
62b87af69a0c4fa8b80b351a 5 5 18.0
62b87af69a0c4fa8b80b351a 5 5 20.2
62b87af69a0c4fa8b80b351a 5 5 21.800000000000004
62b87af69a0c4fa8b80b351a 5 5 23.0
62b87af19a0c4fa8b80b34f7 5 0 14.599999999999996
62b87af19a0c4fa8b80b34f7 5 0 18.0
62b87af19a0c4fa8b80b34f7 5 0 20.2
62b87af19a0c4fa8b80b34f7 5 0 21.800000000000004
62b87af19a0c4fa8b80b34f7 5 0 23.0
62b87af09a0c4fa8b80b34f1 5 0 14.599999999999996
62b87af09a0c4fa8b80b34f1 5 0 18.0
62b87af09a0c4fa8b80b34f1 5 0 20.2
62b87af09a0c4fa8b80b34f1 5 0 21.800000000000004
62b87af09a0c4fa8b80b34f1 5 0 23.0
62b86aa3b4d922cb0e688d36 5 0 14.599999999999996
62b86aa3b4d922cb0e688d36 5 0 18.0
62b86aa3b4d922cb0e688d36 5 0 20.2
62b86aa3b4d922cb0e688d36 5 0 21.800000000000004
62b86aa3b4d922cb0e688d36 5 0 23.0
62b86a9eb4d922cb0e688d25 5 0 14.599999999999996
62b86a9eb4d922cb0e688d25 5 0 18.0
62b86a9eb4d922cb0e688d25 5 0 20.2
62b86a9eb4d922cb0e688d25 5 0 21.800000000000004
62b86a9eb4d922cb0e688d25 5 0 23.0
62b86a4fb4d922cb0e688cf8 5 0 14.599999999999996
62b86a4fb4d922cb0e688cf8 5 0 18.0
62b86a4fb4d922cb0e688cf8 5 0 20.2
62b86a4fb4d922cb0e688cf8 5 0 21.800000000000004
62b86a4fb4d922cb0e688cf8 5 0 23.0
62b86a4fb4d922cb0e688cf7 5 0 14.599999999999996
62b86a4fb4d922cb0e688cf7 5 0 18.0
62b86a4fb4d922cb0e688cf7 5 0 20.2
62b86a4fb4d922cb0e688cf7 5 0 21.800000000000004
62b86a4fb4d922cb0e688cf7 5 0 23.0
62b86a01b4d922cb0e688ccc 5 0 14.599999999999996
62b86a01b4d922cb0e688ccc 5 0 18.0
62b86a01b4d922cb0e688ccc 5 0 20.2
62b86a01b4d922cb0e688ccc 5 0 21.800000000000004
62b86a01b4d922cb0e688ccc 5 0 23.0
62b869ebb4d922cb0e688cc6 5 3 15.199999999999996
62b869ebb4d922cb0e688cc6 5 3 18.9
62b869ebb4d922cb0e688cc6 5 3 21.2
62b869ebb4d922cb0e688cc6 5 3 22.800000000000004
62b869ebb4d922cb0e688cc6 5 3 24.0
62b869eab4d922cb0e688cc5 5 0 15.199999999999996
62b869eab4d922cb0e688cc5 5 0 18.9
62b869eab4d922cb0e688cc5 5 0 21.2
62b869eab4d922cb0e688cc5 5 0 22.800000000000004
62b869eab4d922cb0e688cc5 5 0 24.0
62b869eab4d922cb0e688cbf 5 2 15.599999999999996
62b869eab4d922cb0e688cbf 5 2 19.599999999999998
62b869eab4d922cb0e688cbf 5 2 22.099999999999998
62b869eab4d922cb0e688cbf 5 2 23.800000000000004
62b869eab4d922cb0e688cbf 5 2 25.0
62b43427903eeb48555d3ea5 5 0 15.599999999999996
62b43427903eeb48555d3ea5 5 0 19.599999999999998
62b43427903eeb48555d3ea5 5 0 22.099999999999998
62b43427903eeb48555d3ea5 5 0 23.800000000000004
62b43427903eeb48555d3ea5 5 0 25.0
62b43428903eeb48555d3eaa 5 0 15.599999999999996
62b43428903eeb48555d3eaa 5 0 19.599999999999998
62b43428903eeb48555d3eaa 5 0 22.099999999999998
62b43428903eeb48555d3eaa 5 0 23.800000000000004
62b43428903eeb48555d3eaa 5 0 25.0
62b45df05108cfac7f2109ce 5 0 15.599999999999996
62b45df05108cfac7f2109ce 5 0 19.599999999999998
62b45df05108cfac7f2109ce 5 0 22.099999999999998
62b45df05108cfac7f2109ce 5 0 23.800000000000004
62b45df05108cfac7f2109ce 5 0 25.0
62b45df15108cfac7f2109dc 5 0 15.599999999999996
62b45df15108cfac7f2109dc 5 0 19.599999999999998
62b45df15108cfac7f2109dc 5 0 22.099999999999998
62b45df15108cfac7f2109dc 5 0 23.800000000000004
62b45df15108cfac7f2109dc 5 0 25.0
62b45df15108cfac7f2109dd 5 1 15.799999999999995
62b45df15108cfac7f2109dd 5 1 19.999999999999996
62b45df15108cfac7f2109dd 5 1 22.7
62b45df15108cfac7f2109dd 5 1 24.600000000000005
62b45df15108cfac7f2109dd 5 1 26.0
62b45e135108cfac7f2109f4 5 5 16.799999999999997
62b45e135108cfac7f2109f4 5 5 20.999999999999996
62b45e135108cfac7f2109f4 5 5 23.7
62b45e135108cfac7f2109f4 5 5 25.600000000000005
62b45e135108cfac7f2109f4 5 5 27.0
62b45e145108cfac7f210a07 5 0 16.799999999999997
62b45e145108cfac7f210a07 5 0 20.999999999999996
62b45e145108cfac7f210a07 5 0 23.7
62b45e145108cfac7f210a07 5 0 25.600000000000005
62b45e145108cfac7f210a07 5 0 27.0
62b45e145108cfac7f210a09 5 0 16.799999999999997
62b45e145108cfac7f210a09 5 0 20.999999999999996
62b45e145108cfac7f210a09 5 0 23.7
62b45e145108cfac7f210a09 5 0 25.600000000000005
62b45e145108cfac7f210a09 5 0 27.0
62b45e165108cfac7f210a16 5 0 16.799999999999997
62b45e165108cfac7f210a16 5 0 20.999999999999996
62b45e165108cfac7f210a16 5 0 23.7
62b45e165108cfac7f210a16 5 0 25.600000000000005
62b45e165108cfac7f210a16 5 0 27.0
62b45e165108cfac7f210a17 5 0 16.799999999999997
62b45e165108cfac7f210a17 5 0 20.999999999999996
62b45e165108cfac7f210a17 5 0 23.7
62b45e165108cfac7f210a17 5 0 25.600000000000005
62b45e165108cfac7f210a17 5 0 27.0
62b45e175108cfac7f210a19 5 0 16.799999999999997
62b45e175108cfac7f210a19 5 0 20.999999999999996
62b45e175108cfac7f210a19 5 0 23.7
62b45e175108cfac7f210a19 5 0 25.600000000000005
62b45e175108cfac7f210a19 5 0 27.0
62b463153879012d19481498 5 0 16.799999999999997
62b463153879012d19481498 5 0 20.999999999999996
62b463153879012d19481498 5 0 23.7
62b463153879012d19481498 5 0 25.600000000000005
62b463153879012d19481498 5 0 27.0
62b463153879012d1948149a 5 0 16.799999999999997
62b463153879012d1948149a 5 0 20.999999999999996
62b463153879012d1948149a 5 0 23.7
62b463153879012d1948149a 5 0 25.600000000000005
62b463153879012d1948149a 5 0 27.0
62b463153879012d1948149b 5 0 16.799999999999997
62b463153879012d1948149b 5 0 20.999999999999996
62b463153879012d1948149b 5 0 23.7
62b463153879012d1948149b 5 0 25.600000000000005
62b463153879012d1948149b 5 0 27.0
62b463153879012d1948149c 5 5 17.799999999999997
62b463153879012d1948149c 5 5 21.999999999999996
62b463153879012d1948149c 5 5 24.7
62b463153879012d1948149c 5 5 26.600000000000005
62b463153879012d1948149c 5 5 28.0
62b463153879012d1948149d 5 0 17.799999999999997
62b463153879012d1948149d 5 0 21.999999999999996
62b463153879012d1948149d 5 0 24.7
62b463153879012d1948149d 5 0 26.600000000000005
62b463153879012d1948149d 5 0 28.0
62b463153879012d1948149f 5 0 17.799999999999997
62b463153879012d1948149f 5 0 21.999999999999996
62b463153879012d1948149f 5 0 24.7
62b463153879012d1948149f 5 0 26.600000000000005
62b463153879012d1948149f 5 0 28.0
62b463153879012d194814a1 5 0 17.799999999999997
62b463153879012d194814a1 5 0 21.999999999999996
62b463153879012d194814a1 5 0 24.7
62b463153879012d194814a1 5 0 26.600000000000005
62b463153879012d194814a1 5 0 28.0
62b463163879012d194814a2 5 0 17.799999999999997
62b463163879012d194814a2 5 0 21.999999999999996
62b463163879012d194814a2 5 0 24.7
62b463163879012d194814a2 5 0 26.600000000000005
62b463163879012d194814a2 5 0 28.0
62b463163879012d194814a4 5 2 18.199999999999996
62b463163879012d194814a4 5 2 22.699999999999996
62b463163879012d194814a4 5 2 25.599999999999998
62b463163879012d194814a4 5 2 27.600000000000005
62b463163879012d194814a4 5 2 29.0
62b463163879012d194814a6 5 0 18.199999999999996
62b463163879012d194814a6 5 0 22.699999999999996
62b463163879012d194814a6 5 0 25.599999999999998
62b463163879012d194814a6 5 0 27.600000000000005
62b463163879012d194814a6 5 0 29.0
62b4631b3879012d194814dd 5 0 18.199999999999996
62b4631b3879012d194814dd 5 0 22.699999999999996
62b4631b3879012d194814dd 5 0 25.599999999999998
62b4631b3879012d194814dd 5 0 27.600000000000005
62b4631b3879012d194814dd 5 0 29.0
62b463283879012d1948153d 5 5 19.199999999999996
62b463283879012d1948153d 5 5 23.699999999999996
62b463283879012d1948153d 5 5 26.599999999999998
62b463283879012d1948153d 5 5 28.600000000000005
62b463283879012d1948153d 5 5 30.0
62b463303879012d19481579 5 0 19.199999999999996
62b463303879012d19481579 5 0 23.699999999999996
62b463303879012d19481579 5 0 26.599999999999998
62b463303879012d19481579 5 0 28.600000000000005
62b463303879012d19481579 5 0 30.0
62b46740d2f69a53b466171a 5 3 19.799999999999997
62b46740d2f69a53b466171a 5 3 24.599999999999994
62b46740d2f69a53b466171a 5 3 27.599999999999998
62b46740d2f69a53b466171a 5 3 29.600000000000005
62b46740d2f69a53b466171a 5 3 31.0
62b46746d2f69a53b4661722 5 0 19.799999999999997
62b46746d2f69a53b4661722 5 0 24.599999999999994
62b46746d2f69a53b4661722 5 0 27.599999999999998
62b46746d2f69a53b4661722 5 0 29.600000000000005
62b46746d2f69a53b4661722 5 0 31.0
62b86707b4d922cb0e688c2a 5 2 20.199999999999996
62b86707b4d922cb0e688c2a 5 2 25.299999999999994
62b86707b4d922cb0e688c2a 5 2 28.499999999999996
62b86707b4d922cb0e688c2a 5 2 30.600000000000005
62b86707b4d922cb0e688c2a 5 2 32.0
62b86729b4d922cb0e688c2f 5 0 20.199999999999996
62b86729b4d922cb0e688c2f 5 0 25.299999999999994
62b86729b4d922cb0e688c2f 5 0 28.499999999999996
62b86729b4d922cb0e688c2f 5 0 30.600000000000005
62b86729b4d922cb0e688c2f 5 0 32.0
62b8a4a4755ee91dce50a3d2 5 0 20.199999999999996
62b8a4a4755ee91dce50a3d2 5 0 25.299999999999994
62b8a4a4755ee91dce50a3d2 5 0 28.499999999999996
62b8a4a4755ee91dce50a3d2 5 0 30.600000000000005
62b8a4a4755ee91dce50a3d2 5 0 32.0
62b8982f755ee91dce50a241 5 1 20.399999999999995
62b8982f755ee91dce50a241 5 1 25.699999999999992
62b8982f755ee91dce50a241 5 1 29.099999999999998
62b8982f755ee91dce50a241 5 1 31.400000000000006
62b8982f755ee91dce50a241 5 1 33.0
62b89640755ee91dce50a114 5 5 21.399999999999995
62b89640755ee91dce50a114 5 5 26.699999999999992
62b89640755ee91dce50a114 5 5 30.099999999999998
62b89640755ee91dce50a114 5 5 32.400000000000006
62b89640755ee91dce50a114 5 5 34.0
62b87d24d292efb640a55670 5 0 21.399999999999995
62b87d24d292efb640a55670 5 0 26.699999999999992
62b87d24d292efb640a55670 5 0 30.099999999999998
62b87d24d292efb640a55670 5 0 32.400000000000006
62b87d24d292efb640a55670 5 0 34.0
62b87d24d292efb640a5566f 5 0 21.399999999999995
62b87d24d292efb640a5566f 5 0 26.699999999999992
62b87d24d292efb640a5566f 5 0 30.099999999999998
62b87d24d292efb640a5566f 5 0 32.400000000000006
62b87d24d292efb640a5566f 5 0 34.0
62b87d24d292efb640a5566d 5 1 21.599999999999994
62b87d24d292efb640a5566d 5 1 27.09999999999999
62b87d24d292efb640a5566d 5 1 30.7
62b87d24d292efb640a5566d 5 1 33.2
62b87d24d292efb640a5566d 5 1 35.0
62b87d23d292efb640a5566b 5 0 21.599999999999994
62b87d23d292efb640a5566b 5 0 27.09999999999999
62b87d23d292efb640a5566b 5 0 30.7
62b87d23d292efb640a5566b 5 0 33.2
62b87d23d292efb640a5566b 5 0 35.0
62b87d23d292efb640a55668 5 0 21.599999999999994
62b87d23d292efb640a55668 5 0 27.09999999999999
62b87d23d292efb640a55668 5 0 30.7
62b87d23d292efb640a55668 5 0 33.2
62b87d23d292efb640a55668 5 0 35.0
62b87d23d292efb640a55667 5 2 21.999999999999993
62b87d23d292efb640a55667 5 2 27.79999999999999
62b87d23d292efb640a55667 5 2 31.599999999999998
62b87d23d292efb640a55667 5 2 34.2
62b87d23d292efb640a55667 5 2 36.0
62b45e945108cfac7f210a4a 5 0 21.999999999999993
62b45e945108cfac7f210a4a 5 0 27.79999999999999
62b45e945108cfac7f210a4a 5 0 31.599999999999998
62b45e945108cfac7f210a4a 5 0 34.2
62b45e945108cfac7f210a4a 5 0 36.0
62b45e515108cfac7f210a3c 5 0 21.999999999999993
62b45e515108cfac7f210a3c 5 0 27.79999999999999
62b45e515108cfac7f210a3c 5 0 31.599999999999998
62b45e515108cfac7f210a3c 5 0 34.2
62b45e515108cfac7f210a3c 5 0 36.0
62b45e2eb89c9fd354170232 5 0 21.999999999999993
62b45e2eb89c9fd354170232 5 0 27.79999999999999
62b45e2eb89c9fd354170232 5 0 31.599999999999998
62b45e2eb89c9fd354170232 5 0 34.2
62b45e2eb89c9fd354170232 5 0 36.0
62b45e23e0d4551b0392c90a 5 0 21.999999999999993
62b45e23e0d4551b0392c90a 5 0 27.79999999999999
62b45e23e0d4551b0392c90a 5 0 31.599999999999998
62b45e23e0d4551b0392c90a 5 0 34.2
62b45e23e0d4551b0392c90a 5 0 36.0
62b45e21e0d4551b0392c8ed 5 0 21.999999999999993
62b45e21e0d4551b0392c8ed 5 0 27.79999999999999
62b45e21e0d4551b0392c8ed 5 0 31.599999999999998
62b45e21e0d4551b0392c8ed 5 0 34.2
62b45e21e0d4551b0392c8ed 5 0 36.0
62b45b396decaeff903e1001 5 0 21.999999999999993
62b45b396decaeff903e1001 5 0 27.79999999999999
62b45b396decaeff903e1001 5 0 31.599999999999998
62b45b396decaeff903e1001 5 0 34.2
62b45b396decaeff903e1001 5 0 36.0
62b4567ed7d32e5b55cc83d9 5 0 21.999999999999993
62b4567ed7d32e5b55cc83d9 5 0 27.79999999999999
62b4567ed7d32e5b55cc83d9 5 0 31.599999999999998
62b4567ed7d32e5b55cc83d9 5 0 34.2
62b4567ed7d32e5b55cc83d9 5 0 36.0
62b4567ad7d32e5b55cc83af 5 0 21.999999999999993
62b4567ad7d32e5b55cc83af 5 0 27.79999999999999
62b4567ad7d32e5b55cc83af 5 0 31.599999999999998
62b4567ad7d32e5b55cc83af 5 0 34.2
62b4567ad7d32e5b55cc83af 5 0 36.0
62b45679d7d32e5b55cc83a9 5 3 22.599999999999994
62b45679d7d32e5b55cc83a9 5 3 28.69999999999999
62b45679d7d32e5b55cc83a9 5 3 32.599999999999994
62b45679d7d32e5b55cc83a9 5 3 35.2
62b45679d7d32e5b55cc83a9 5 3 37.0
62b45665d7d32e5b55cc8365 5 0 22.599999999999994
62b45665d7d32e5b55cc8365 5 0 28.69999999999999
62b45665d7d32e5b55cc8365 5 0 32.599999999999994
62b45665d7d32e5b55cc8365 5 0 35.2
62b45665d7d32e5b55cc8365 5 0 37.0
62b45665d7d32e5b55cc8364 5 0 22.599999999999994
62b45665d7d32e5b55cc8364 5 0 28.69999999999999
62b45665d7d32e5b55cc8364 5 0 32.599999999999994
62b45665d7d32e5b55cc8364 5 0 35.2
62b45665d7d32e5b55cc8364 5 0 37.0
62b45665d7d32e5b55cc8363 5 0 22.599999999999994
62b45665d7d32e5b55cc8363 5 0 28.69999999999999
62b45665d7d32e5b55cc8363 5 0 32.599999999999994
62b45665d7d32e5b55cc8363 5 0 35.2
62b45665d7d32e5b55cc8363 5 0 37.0
62b438ba66fea644fe22cca2 5 0 22.599999999999994
62b438ba66fea644fe22cca2 5 0 28.69999999999999
62b438ba66fea644fe22cca2 5 0 32.599999999999994
62b438ba66fea644fe22cca2 5 0 35.2
62b438ba66fea644fe22cca2 5 0 37.0
62b438b666fea644fe22cc78 5 0 22.599999999999994
62b438b666fea644fe22cc78 5 0 28.69999999999999
62b438b666fea644fe22cc78 5 0 32.599999999999994
62b438b666fea644fe22cc78 5 0 35.2
62b438b666fea644fe22cc78 5 0 37.0
62b438b666fea644fe22cc72 5 2 22.999999999999993
62b438b666fea644fe22cc72 5 2 29.399999999999988
62b438b666fea644fe22cc72 5 2 33.49999999999999
62b438b666fea644fe22cc72 5 2 36.2
62b438b666fea644fe22cc72 5 2 38.0
62b438b566fea644fe22cc70 5 0 22.999999999999993
62b438b566fea644fe22cc70 5 0 29.399999999999988
62b438b566fea644fe22cc70 5 0 33.49999999999999
62b438b566fea644fe22cc70 5 0 36.2
62b438b566fea644fe22cc70 5 0 38.0
62b438a266fea644fe22cc2e 5 0 22.999999999999993
62b438a266fea644fe22cc2e 5 0 29.399999999999988
62b438a266fea644fe22cc2e 5 0 33.49999999999999
62b438a266fea644fe22cc2e 5 0 36.2
62b438a266fea644fe22cc2e 5 0 38.0
62b438a266fea644fe22cc2d 5 0 22.999999999999993
62b438a266fea644fe22cc2d 5 0 29.399999999999988
62b438a266fea644fe22cc2d 5 0 33.49999999999999
62b438a266fea644fe22cc2d 5 0 36.2
62b438a266fea644fe22cc2d 5 0 38.0
62b438a266fea644fe22cc2c 5 0 22.999999999999993
62b438a266fea644fe22cc2c 5 0 29.399999999999988
62b438a266fea644fe22cc2c 5 0 33.49999999999999
62b438a266fea644fe22cc2c 5 0 36.2
62b438a266fea644fe22cc2c 5 0 38.0
62ece4982e6aefcf4aabbd5f 5 5 23.999999999999993
62ece4982e6aefcf4aabbd5f 5 5 30.399999999999988
62ece4982e6aefcf4aabbd5f 5 5 34.49999999999999
62ece4982e6aefcf4aabbd5f 5 5 37.2
62ece4982e6aefcf4aabbd5f 5 5 39.0
62ece4982e6aefcf4aabbd60 5 5 24.999999999999993
62ece4982e6aefcf4aabbd60 5 5 31.399999999999988
62ece4982e6aefcf4aabbd60 5 5 35.49999999999999
62ece4982e6aefcf4aabbd60 5 5 38.2
62ece4982e6aefcf4aabbd60 5 5 40.0
62ece4982e6aefcf4aabbd61 5 5 25.999999999999993
62ece4982e6aefcf4aabbd61 5 5 32.39999999999999
62ece4982e6aefcf4aabbd61 5 5 36.49999999999999
62ece4982e6aefcf4aabbd61 5 5 39.2
62ece4982e6aefcf4aabbd61 5 5 41.0
62ece4982e6aefcf4aabbd62 5 0 25.999999999999993
62ece4982e6aefcf4aabbd62 5 0 32.39999999999999
62ece4982e6aefcf4aabbd62 5 0 36.49999999999999
62ece4982e6aefcf4aabbd62 5 0 39.2
62ece4982e6aefcf4aabbd62 5 0 41.0
62ece4982e6aefcf4aabbd63 5 0 25.999999999999993
62ece4982e6aefcf4aabbd63 5 0 32.39999999999999
62ece4982e6aefcf4aabbd63 5 0 36.49999999999999
62ece4982e6aefcf4aabbd63 5 0 39.2
62ece4982e6aefcf4aabbd63 5 0 41.0
62ece4982e6aefcf4aabbd65 5 5 26.999999999999993
62ece4982e6aefcf4aabbd65 5 5 33.39999999999999
62ece4982e6aefcf4aabbd65 5 5 37.49999999999999
62ece4982e6aefcf4aabbd65 5 5 40.2
62ece4982e6aefcf4aabbd65 5 5 42.0
62ece4982e6aefcf4aabbd66 5 1 27.199999999999992
62ece4982e6aefcf4aabbd66 5 1 33.79999999999999
62ece4982e6aefcf4aabbd66 5 1 38.099999999999994
62ece4982e6aefcf4aabbd66 5 1 41.0
62ece4982e6aefcf4aabbd66 5 1 43.0
62ece4982e6aefcf4aabbd67 5 5 28.199999999999992
62ece4982e6aefcf4aabbd67 5 5 34.79999999999999
62ece4982e6aefcf4aabbd67 5 5 39.099999999999994
62ece4982e6aefcf4aabbd67 5 5 42.0
62ece4982e6aefcf4aabbd67 5 5 44.0
62ece4982e6aefcf4aabbd68 5 1 28.39999999999999
62ece4982e6aefcf4aabbd68 5 1 35.19999999999999
62ece4982e6aefcf4aabbd68 5 1 39.699999999999996
62ece4982e6aefcf4aabbd68 5 1 42.8
62ece4982e6aefcf4aabbd68 5 1 45.0
62ece4982e6aefcf4aabbd69 5 0 28.39999999999999
62ece4982e6aefcf4aabbd69 5 0 35.19999999999999
62ece4982e6aefcf4aabbd69 5 0 39.699999999999996
62ece4982e6aefcf4aabbd69 5 0 42.8
62ece4982e6aefcf4aabbd69 5 0 45.0
62ece4982e6aefcf4aabbd6a 5 5 29.39999999999999
62ece4982e6aefcf4aabbd6a 5 5 36.19999999999999
62ece4982e6aefcf4aabbd6a 5 5 40.699999999999996
62ece4982e6aefcf4aabbd6a 5 5 43.8
62ece4982e6aefcf4aabbd6a 5 5 46.0
62ece4982e6aefcf4aabbd6b 5 5 30.39999999999999
62ece4982e6aefcf4aabbd6b 5 5 37.19999999999999
62ece4982e6aefcf4aabbd6b 5 5 41.699999999999996
62ece4982e6aefcf4aabbd6b 5 5 44.8
62ece4982e6aefcf4aabbd6b 5 5 47.0
62ece4982e6aefcf4aabbd6d 5 1 30.59999999999999
62ece4982e6aefcf4aabbd6d 5 1 37.59999999999999
62ece4982e6aefcf4aabbd6d 5 1 42.3
62ece4982e6aefcf4aabbd6d 5 1 45.599999999999994
62ece4982e6aefcf4aabbd6d 5 1 48.0
62ece4982e6aefcf4aabbd6f 5 0 30.59999999999999
62ece4982e6aefcf4aabbd6f 5 0 37.59999999999999
62ece4982e6aefcf4aabbd6f 5 0 42.3
62ece4982e6aefcf4aabbd6f 5 0 45.599999999999994
62ece4982e6aefcf4aabbd6f 5 0 48.0
62ece4982e6aefcf4aabbd70 5 5 31.59999999999999
62ece4982e6aefcf4aabbd70 5 5 38.59999999999999
62ece4982e6aefcf4aabbd70 5 5 43.3
62ece4982e6aefcf4aabbd70 5 5 46.599999999999994
62ece4982e6aefcf4aabbd70 5 5 49.0
62ece4982e6aefcf4aabbd71 5 0 31.59999999999999
62ece4982e6aefcf4aabbd71 5 0 38.59999999999999
62ece4982e6aefcf4aabbd71 5 0 43.3
62ece4982e6aefcf4aabbd71 5 0 46.599999999999994
62ece4982e6aefcf4aabbd71 5 0 49.0
62ece4982e6aefcf4aabbd72 5 0 31.59999999999999
62ece4982e6aefcf4aabbd72 5 0 38.59999999999999
62ece4982e6aefcf4aabbd72 5 0 43.3
62ece4982e6aefcf4aabbd72 5 0 46.599999999999994
62ece4982e6aefcf4aabbd72 5 0 49.0
62ece4982e6aefcf4aabbd73 5 3 32.19999999999999
62ece4982e6aefcf4aabbd73 5 3 39.499999999999986
62ece4982e6aefcf4aabbd73 5 3 44.3
62ece4982e6aefcf4aabbd73 5 3 47.599999999999994
62ece4982e6aefcf4aabbd73 5 3 50.0
62ece4982e6aefcf4aabbd74 5 0 32.19999999999999
62ece4982e6aefcf4aabbd74 5 0 39.499999999999986
62ece4982e6aefcf4aabbd74 5 0 44.3
62ece4982e6aefcf4aabbd74 5 0 47.599999999999994
62ece4982e6aefcf4aabbd74 5 0 50.0
62ece4982e6aefcf4aabbd75 5 0 32.19999999999999
62ece4982e6aefcf4aabbd75 5 0 39.499999999999986
62ece4982e6aefcf4aabbd75 5 0 44.3
62ece4982e6aefcf4aabbd75 5 0 47.599999999999994
62ece4982e6aefcf4aabbd75 5 0 50.0
62ece4982e6aefcf4aabbd76 5 0 32.19999999999999
62ece4982e6aefcf4aabbd76 5 0 39.499999999999986
62ece4982e6aefcf4aabbd76 5 0 44.3
62ece4982e6aefcf4aabbd76 5 0 47.599999999999994
62ece4982e6aefcf4aabbd76 5 0 50.0
62ece4982e6aefcf4aabbd77 5 0 32.19999999999999
62ece4982e6aefcf4aabbd77 5 0 39.499999999999986
62ece4982e6aefcf4aabbd77 5 0 44.3
62ece4982e6aefcf4aabbd77 5 0 47.599999999999994
62ece4982e6aefcf4aabbd77 5 0 50.0
62ece4992e6aefcf4aabbd78 5 0 32.19999999999999
62ece4992e6aefcf4aabbd78 5 0 39.499999999999986
62ece4992e6aefcf4aabbd78 5 0 44.3
62ece4992e6aefcf4aabbd78 5 0 47.599999999999994
62ece4992e6aefcf4aabbd78 5 0 50.0
62ece4992e6aefcf4aabbd79 5 0 32.19999999999999
62ece4992e6aefcf4aabbd79 5 0 39.499999999999986
62ece4992e6aefcf4aabbd79 5 0 44.3
62ece4992e6aefcf4aabbd79 5 0 47.599999999999994
62ece4992e6aefcf4aabbd79 5 0 50.0
62ece4992e6aefcf4aabbd7a 5 5 33.19999999999999
62ece4992e6aefcf4aabbd7a 5 5 40.499999999999986
62ece4992e6aefcf4aabbd7a 5 5 45.3
62ece4992e6aefcf4aabbd7a 5 5 48.599999999999994
62ece4992e6aefcf4aabbd7a 5 5 51.0
62ece4992e6aefcf4aabbd7b 5 0 33.19999999999999
62ece4992e6aefcf4aabbd7b 5 0 40.499999999999986
62ece4992e6aefcf4aabbd7b 5 0 45.3
62ece4992e6aefcf4aabbd7b 5 0 48.599999999999994
62ece4992e6aefcf4aabbd7b 5 0 51.0
62ece4992e6aefcf4aabbd7c 5 5 34.19999999999999
62ece4992e6aefcf4aabbd7c 5 5 41.499999999999986
62ece4992e6aefcf4aabbd7c 5 5 46.3
62ece4992e6aefcf4aabbd7c 5 5 49.599999999999994
62ece4992e6aefcf4aabbd7c 5 5 52.0
62ece4992e6aefcf4aabbd7d 5 4 34.999999999999986
62ece4992e6aefcf4aabbd7d 5 4 42.499999999999986
62ece4992e6aefcf4aabbd7d 5 4 47.3
62ece4992e6aefcf4aabbd7d 5 4 50.599999999999994
62ece4992e6aefcf4aabbd7d 5 4 53.0
62ece4992e6aefcf4aabbd7e 5 1 35.19999999999999
62ece4992e6aefcf4aabbd7e 5 1 42.899999999999984
62ece4992e6aefcf4aabbd7e 5 1 47.9
62ece4992e6aefcf4aabbd7e 5 1 51.39999999999999
62ece4992e6aefcf4aabbd7e 5 1 54.0
62ece4992e6aefcf4aabbd7f 5 1 35.39999999999999
62ece4992e6aefcf4aabbd7f 5 1 43.29999999999998
62ece4992e6aefcf4aabbd7f 5 1 48.5
62ece4992e6aefcf4aabbd7f 5 1 52.19999999999999
62ece4992e6aefcf4aabbd7f 5 1 55.0
62ece4992e6aefcf4aabbd80 5 5 36.39999999999999
62ece4992e6aefcf4aabbd80 5 5 44.29999999999998
62ece4992e6aefcf4aabbd80 5 5 49.5
62ece4992e6aefcf4aabbd80 5 5 53.19999999999999
62ece4992e6aefcf4aabbd80 5 5 56.0
62ece4992e6aefcf4aabbd82 5 5 37.39999999999999
62ece4992e6aefcf4aabbd82 5 5 45.29999999999998
62ece4992e6aefcf4aabbd82 5 5 50.5
62ece4992e6aefcf4aabbd82 5 5 54.19999999999999
62ece4992e6aefcf4aabbd82 5 5 57.0
62ece4992e6aefcf4aabbd83 5 0 37.39999999999999
62ece4992e6aefcf4aabbd83 5 0 45.29999999999998
62ece4992e6aefcf4aabbd83 5 0 50.5
62ece4992e6aefcf4aabbd83 5 0 54.19999999999999
62ece4992e6aefcf4aabbd83 5 0 57.0
62ece4992e6aefcf4aabbd84 5 5 38.39999999999999
62ece4992e6aefcf4aabbd84 5 5 46.29999999999998
62ece4992e6aefcf4aabbd84 5 5 51.5
62ece4992e6aefcf4aabbd84 5 5 55.19999999999999
62ece4992e6aefcf4aabbd84 5 5 58.0
62ece4992e6aefcf4aabbd85 5 5 39.39999999999999
62ece4992e6aefcf4aabbd85 5 5 47.29999999999998
62ece4992e6aefcf4aabbd85 5 5 52.5
62ece4992e6aefcf4aabbd85 5 5 56.19999999999999
62ece4992e6aefcf4aabbd85 5 5 59.0
62ece4992e6aefcf4aabbd86 5 3 39.99999999999999
62ece4992e6aefcf4aabbd86 5 3 48.19999999999998
62ece4992e6aefcf4aabbd86 5 3 53.5
62ece4992e6aefcf4aabbd86 5 3 57.19999999999999
62ece4992e6aefcf4aabbd86 5 3 60.0
62ece4992e6aefcf4aabbd87 5 0 39.99999999999999
62ece4992e6aefcf4aabbd87 5 0 48.19999999999998
62ece4992e6aefcf4aabbd87 5 0 53.5
62ece4992e6aefcf4aabbd87 5 0 57.19999999999999
62ece4992e6aefcf4aabbd87 5 0 60.0
62ece4992e6aefcf4aabbd88 5 1 40.199999999999996
62ece4992e6aefcf4aabbd88 5 1 48.59999999999998
62ece4992e6aefcf4aabbd88 5 1 54.1
62ece4992e6aefcf4aabbd88 5 1 57.999999999999986
62ece4992e6aefcf4aabbd88 5 1 61.0
62ece4992e6aefcf4aabbd89 5 0 40.199999999999996
62ece4992e6aefcf4aabbd89 5 0 48.59999999999998
62ece4992e6aefcf4aabbd89 5 0 54.1
62ece4992e6aefcf4aabbd89 5 0 57.999999999999986
62ece4992e6aefcf4aabbd89 5 0 61.0
62ece4992e6aefcf4aabbd8a 5 3 40.8
62ece4992e6aefcf4aabbd8a 5 3 49.49999999999998
62ece4992e6aefcf4aabbd8a 5 3 55.1
62ece4992e6aefcf4aabbd8a 5 3 58.999999999999986
62ece4992e6aefcf4aabbd8a 5 3 62.0
62ece4992e6aefcf4aabbd8b 5 0 40.8
62ece4992e6aefcf4aabbd8b 5 0 49.49999999999998
62ece4992e6aefcf4aabbd8b 5 0 55.1
62ece4992e6aefcf4aabbd8b 5 0 58.999999999999986
62ece4992e6aefcf4aabbd8b 5 0 62.0
62e60723d76274f8a4026b76 5 3 41.4
62e60723d76274f8a4026b76 5 3 50.39999999999998
62e60723d76274f8a4026b76 5 3 56.1
62e60723d76274f8a4026b76 5 3 59.999999999999986
62e60723d76274f8a4026b76 5 3 63.0
62e60873d76274f8a4026bd8 5 0 41.4
62e60873d76274f8a4026bd8 5 0 50.39999999999998
62e60873d76274f8a4026bd8 5 0 56.1
62e60873d76274f8a4026bd8 5 0 59.999999999999986
62e60873d76274f8a4026bd8 5 0 63.0
62e60e3bd76274f8a4026d1a 5 0 41.4
62e60e3bd76274f8a4026d1a 5 0 50.39999999999998
62e60e3bd76274f8a4026d1a 5 0 56.1
62e60e3bd76274f8a4026d1a 5 0 59.999999999999986
62e60e3bd76274f8a4026d1a 5 0 63.0
62b87b199a0c4fa8b80b354c 5 0 41.4
62b87b199a0c4fa8b80b354c 5 0 50.39999999999998
62b87b199a0c4fa8b80b354c 5 0 56.1
62b87b199a0c4fa8b80b354c 5 0 59.999999999999986
62b87b199a0c4fa8b80b354c 5 0 63.0
62b87b4f9a0c4fa8b80b3581 5 0 41.4
62b87b4f9a0c4fa8b80b3581 5 0 50.39999999999998
62b87b4f9a0c4fa8b80b3581 5 0 56.1
62b87b4f9a0c4fa8b80b3581 5 0 59.999999999999986
62b87b4f9a0c4fa8b80b3581 5 0 63.0
62b87b519a0c4fa8b80b3583 5 0 41.4
62b87b519a0c4fa8b80b3583 5 0 50.39999999999998
62b87b519a0c4fa8b80b3583 5 0 56.1
62b87b519a0c4fa8b80b3583 5 0 59.999999999999986
62b87b519a0c4fa8b80b3583 5 0 63.0
62b87b869a0c4fa8b80b35e1 5 0 41.4
62b87b869a0c4fa8b80b35e1 5 0 50.39999999999998
62b87b869a0c4fa8b80b35e1 5 0 56.1
62b87b869a0c4fa8b80b35e1 5 0 59.999999999999986
62b87b869a0c4fa8b80b35e1 5 0 63.0
62b8b4baeb7e40a82d2d1136 5 3 42.0
62b8b4baeb7e40a82d2d1136 5 3 51.299999999999976
62b8b4baeb7e40a82d2d1136 5 3 57.1
62b8b4baeb7e40a82d2d1136 5 3 60.999999999999986
62b8b4baeb7e40a82d2d1136 5 3 64.0
62b8b4baeb7e40a82d2d1137 5 3 42.6
62b8b4baeb7e40a82d2d1137 5 3 52.199999999999974
62b8b4baeb7e40a82d2d1137 5 3 58.1
62b8b4baeb7e40a82d2d1137 5 3 61.999999999999986
62b8b4baeb7e40a82d2d1137 5 3 65.0
62b8b4c1eb7e40a82d2d1139 5 5 43.6
62b8b4c1eb7e40a82d2d1139 5 5 53.199999999999974
62b8b4c1eb7e40a82d2d1139 5 5 59.1
62b8b4c1eb7e40a82d2d1139 5 5 62.999999999999986
62b8b4c1eb7e40a82d2d1139 5 5 66.0
62b8b559eb7e40a82d2d11f6 5 2 44.0
62b8b559eb7e40a82d2d11f6 5 2 53.89999999999998
62b8b559eb7e40a82d2d11f6 5 2 60.0
62b8b559eb7e40a82d2d11f6 5 2 63.999999999999986
62b8b559eb7e40a82d2d11f6 5 2 67.0
62b8d22a48ba5a41d1c3f47d 5 0 44.0
62b8d22a48ba5a41d1c3f47d 5 0 53.89999999999998
62b8d22a48ba5a41d1c3f47d 5 0 60.0
62b8d22a48ba5a41d1c3f47d 5 0 63.999999999999986
62b8d22a48ba5a41d1c3f47d 5 0 67.0
62b8d23748ba5a41d1c3f497 5 1 44.2
62b8d23748ba5a41d1c3f497 5 1 54.299999999999976
62b8d23748ba5a41d1c3f497 5 1 60.6
62b8d23748ba5a41d1c3f497 5 1 64.79999999999998
62b8d23748ba5a41d1c3f497 5 1 68.0
62b8d23a48ba5a41d1c3f499 5 0 44.2
62b8d23a48ba5a41d1c3f499 5 0 54.299999999999976
62b8d23a48ba5a41d1c3f499 5 0 60.6
62b8d23a48ba5a41d1c3f499 5 0 64.79999999999998
62b8d23a48ba5a41d1c3f499 5 0 68.0
62b8d23c48ba5a41d1c3f49b 5 1 44.400000000000006
62b8d23c48ba5a41d1c3f49b 5 1 54.699999999999974
62b8d23c48ba5a41d1c3f49b 5 1 61.2
62b8d23c48ba5a41d1c3f49b 5 1 65.59999999999998
62b8d23c48ba5a41d1c3f49b 5 1 69.0
62b8d23e48ba5a41d1c3f49e 5 5 45.400000000000006
62b8d23e48ba5a41d1c3f49e 5 5 55.699999999999974
62b8d23e48ba5a41d1c3f49e 5 5 62.2
62b8d23e48ba5a41d1c3f49e 5 5 66.59999999999998
62b8d23e48ba5a41d1c3f49e 5 5 70.0
62b43425903eeb48555d3ea1 5 0 45.400000000000006
62b43425903eeb48555d3ea1 5 0 55.699999999999974
62b43425903eeb48555d3ea1 5 0 62.2
62b43425903eeb48555d3ea1 5 0 66.59999999999998
62b43425903eeb48555d3ea1 5 0 70.0
62b43426903eeb48555d3ea2 5 0 45.400000000000006
62b43426903eeb48555d3ea2 5 0 55.699999999999974
62b43426903eeb48555d3ea2 5 0 62.2
62b43426903eeb48555d3ea2 5 0 66.59999999999998
62b43426903eeb48555d3ea2 5 0 70.0
62b8966c755ee91dce50a154 5 0 45.400000000000006
62b8966c755ee91dce50a154 5 0 55.699999999999974
62b8966c755ee91dce50a154 5 0 62.2
62b8966c755ee91dce50a154 5 0 66.59999999999998
62b8966c755ee91dce50a154 5 0 70.0
62b896de755ee91dce50a183 5 0 45.400000000000006
62b896de755ee91dce50a183 5 0 55.699999999999974
62b896de755ee91dce50a183 5 0 62.2
62b896de755ee91dce50a183 5 0 66.59999999999998
62b896de755ee91dce50a183 5 0 70.0
62b8a4a4755ee91dce50a3d3 5 4 46.2
62b8a4a4755ee91dce50a3d3 5 4 56.699999999999974
62b8a4a4755ee91dce50a3d3 5 4 63.2
62b8a4a4755ee91dce50a3d3 5 4 67.59999999999998
62b8a4a4755ee91dce50a3d3 5 4 71.0
62b8a7b2755ee91dce50a4a7 5 3 46.800000000000004
62b8a7b2755ee91dce50a4a7 5 3 57.59999999999997
62b8a7b2755ee91dce50a4a7 5 3 64.2
62b8a7b2755ee91dce50a4a7 5 3 68.59999999999998
62b8a7b2755ee91dce50a4a7 5 3 72.0
6305f9991d275c6667163c50 5 5 47.800000000000004
6305f9991d275c6667163c50 5 5 58.59999999999997
6305f9991d275c6667163c50 5 5 65.2
6305f9991d275c6667163c50 5 5 69.59999999999998
6305f9991d275c6667163c50 5 5 73.0
6306292052e177c0ba469f09 5 4 48.6
6306292052e177c0ba469f09 5 4 59.59999999999997
6306292052e177c0ba469f09 5 4 66.2
6306292052e177c0ba469f09 5 4 70.59999999999998
6306292052e177c0ba469f09 5 4 74.0
6306292152e177c0ba469f0d 5 0 48.6
6306292152e177c0ba469f0d 5 0 59.59999999999997
6306292152e177c0ba469f0d 5 0 66.2
6306292152e177c0ba469f0d 5 0 70.59999999999998
6306292152e177c0ba469f0d 5 0 74.0
6306292252e177c0ba469f11 5 5 49.6
6306292252e177c0ba469f11 5 5 60.59999999999997
6306292252e177c0ba469f11 5 5 67.2
6306292252e177c0ba469f11 5 5 71.59999999999998
6306292252e177c0ba469f11 5 5 75.0
6306292352e177c0ba469f1d 5 0 49.6
6306292352e177c0ba469f1d 5 0 60.59999999999997
6306292352e177c0ba469f1d 5 0 67.2
6306292352e177c0ba469f1d 5 0 71.59999999999998
6306292352e177c0ba469f1d 5 0 75.0
6306292352e177c0ba469f1e 5 0 49.6
6306292352e177c0ba469f1e 5 0 60.59999999999997
6306292352e177c0ba469f1e 5 0 67.2
6306292352e177c0ba469f1e 5 0 71.59999999999998
6306292352e177c0ba469f1e 5 0 75.0
6306292652e177c0ba469f34 5 0 49.6
6306292652e177c0ba469f34 5 0 60.59999999999997
6306292652e177c0ba469f34 5 0 67.2
6306292652e177c0ba469f34 5 0 71.59999999999998
6306292652e177c0ba469f34 5 0 75.0
6306292a52e177c0ba469f41 5 0 49.6
6306292a52e177c0ba469f41 5 0 60.59999999999997
6306292a52e177c0ba469f41 5 0 67.2
6306292a52e177c0ba469f41 5 0 71.59999999999998
6306292a52e177c0ba469f41 5 0 75.0
6306298b52e177c0ba469fdc 5 0 49.6
6306298b52e177c0ba469fdc 5 0 60.59999999999997
6306298b52e177c0ba469fdc 5 0 67.2
6306298b52e177c0ba469fdc 5 0 71.59999999999998
6306298b52e177c0ba469fdc 5 0 75.0
6306299052e177c0ba469fe8 5 5 50.6
6306299052e177c0ba469fe8 5 5 61.59999999999997
6306299052e177c0ba469fe8 5 5 68.2
6306299052e177c0ba469fe8 5 5 72.59999999999998
6306299052e177c0ba469fe8 5 5 76.0
630629b952e177c0ba46a043 5 2 51.0
630629b952e177c0ba46a043 5 2 62.299999999999976
630629b952e177c0ba46a043 5 2 69.10000000000001
630629b952e177c0ba46a043 5 2 73.59999999999998
630629b952e177c0ba46a043 5 2 77.0
630629d052e177c0ba46a0a1 5 0 51.0
630629d052e177c0ba46a0a1 5 0 62.299999999999976
630629d052e177c0ba46a0a1 5 0 69.10000000000001
630629d052e177c0ba46a0a1 5 0 73.59999999999998
630629d052e177c0ba46a0a1 5 0 77.0
630629e052e177c0ba46a0c4 5 0 51.0
630629e052e177c0ba46a0c4 5 0 62.299999999999976
630629e052e177c0ba46a0c4 5 0 69.10000000000001
630629e052e177c0ba46a0c4 5 0 73.59999999999998
630629e052e177c0ba46a0c4 5 0 77.0
630629e152e177c0ba46a0d1 5 4 51.8
630629e152e177c0ba46a0d1 5 4 63.299999999999976
630629e152e177c0ba46a0d1 5 4 70.10000000000001
630629e152e177c0ba46a0d1 5 4 74.59999999999998
630629e152e177c0ba46a0d1 5 4 78.0
630629e152e177c0ba46a0d2 5 0 51.8
630629e152e177c0ba46a0d2 5 0 63.299999999999976
630629e152e177c0ba46a0d2 5 0 70.10000000000001
630629e152e177c0ba46a0d2 5 0 74.59999999999998
630629e152e177c0ba46a0d2 5 0 78.0
630629e252e177c0ba46a0d6 5 5 52.8
630629e252e177c0ba46a0d6 5 5 64.29999999999998
630629e252e177c0ba46a0d6 5 5 71.10000000000001
630629e252e177c0ba46a0d6 5 5 75.59999999999998
630629e252e177c0ba46a0d6 5 5 79.0
630629e752e177c0ba46a0fb 5 0 52.8
630629e752e177c0ba46a0fb 5 0 64.29999999999998
630629e752e177c0ba46a0fb 5 0 71.10000000000001
630629e752e177c0ba46a0fb 5 0 75.59999999999998
630629e752e177c0ba46a0fb 5 0 79.0
6306091073426c38ae68acac 5 0 52.8
6306091073426c38ae68acac 5 0 64.29999999999998
6306091073426c38ae68acac 5 0 71.10000000000001
6306091073426c38ae68acac 5 0 75.59999999999998
6306091073426c38ae68acac 5 0 79.0
6306091a73426c38ae68acc8 5 0 52.8
6306091a73426c38ae68acc8 5 0 64.29999999999998
6306091a73426c38ae68acc8 5 0 71.10000000000001
6306091a73426c38ae68acc8 5 0 75.59999999999998
6306091a73426c38ae68acc8 5 0 79.0
6306091b73426c38ae68acd7 5 0 52.8
6306091b73426c38ae68acd7 5 0 64.29999999999998
6306091b73426c38ae68acd7 5 0 71.10000000000001
6306091b73426c38ae68acd7 5 0 75.59999999999998
6306091b73426c38ae68acd7 5 0 79.0
6306091b73426c38ae68acd9 5 0 52.8
6306091b73426c38ae68acd9 5 0 64.29999999999998
6306091b73426c38ae68acd9 5 0 71.10000000000001
6306091b73426c38ae68acd9 5 0 75.59999999999998
6306091b73426c38ae68acd9 5 0 79.0
6306091b73426c38ae68acda 5 0 52.8
6306091b73426c38ae68acda 5 0 64.29999999999998
6306091b73426c38ae68acda 5 0 71.10000000000001
6306091b73426c38ae68acda 5 0 75.59999999999998
6306091b73426c38ae68acda 5 0 79.0
6306091c73426c38ae68acdc 5 1 53.0
6306091c73426c38ae68acdc 5 1 64.69999999999999
6306091c73426c38ae68acdc 5 1 71.7
6306091c73426c38ae68acdc 5 1 76.39999999999998
6306091c73426c38ae68acdc 5 1 80.0
6306091c73426c38ae68acdd 5 0 53.0
6306091c73426c38ae68acdd 5 0 64.69999999999999
6306091c73426c38ae68acdd 5 0 71.7
6306091c73426c38ae68acdd 5 0 76.39999999999998
6306091c73426c38ae68acdd 5 0 80.0
6306091d73426c38ae68ace5 5 0 53.0
6306091d73426c38ae68ace5 5 0 64.69999999999999
6306091d73426c38ae68ace5 5 0 71.7
6306091d73426c38ae68ace5 5 0 76.39999999999998
6306091d73426c38ae68ace5 5 0 80.0
6306092373426c38ae68acfa 5 0 53.0
6306092373426c38ae68acfa 5 0 64.69999999999999
6306092373426c38ae68acfa 5 0 71.7
6306092373426c38ae68acfa 5 0 76.39999999999998
6306092373426c38ae68acfa 5 0 80.0
6306092973426c38ae68ad01 5 0 53.0
6306092973426c38ae68ad01 5 0 64.69999999999999
6306092973426c38ae68ad01 5 0 71.7
6306092973426c38ae68ad01 5 0 76.39999999999998
6306092973426c38ae68ad01 5 0 80.0
6306092c73426c38ae68ad02 5 0 53.0
6306092c73426c38ae68ad02 5 0 64.69999999999999
6306092c73426c38ae68ad02 5 0 71.7
6306092c73426c38ae68ad02 5 0 76.39999999999998
6306092c73426c38ae68ad02 5 0 80.0
6306092d73426c38ae68ad04 5 0 53.0
6306092d73426c38ae68ad04 5 0 64.69999999999999
6306092d73426c38ae68ad04 5 0 71.7
6306092d73426c38ae68ad04 5 0 76.39999999999998
6306092d73426c38ae68ad04 5 0 80.0
6306092d73426c38ae68ad05 5 0 53.0
6306092d73426c38ae68ad05 5 0 64.69999999999999
6306092d73426c38ae68ad05 5 0 71.7
6306092d73426c38ae68ad05 5 0 76.39999999999998
6306092d73426c38ae68ad05 5 0 80.0
6306092d73426c38ae68ad06 5 0 53.0
6306092d73426c38ae68ad06 5 0 64.69999999999999
6306092d73426c38ae68ad06 5 0 71.7
6306092d73426c38ae68ad06 5 0 76.39999999999998
6306092d73426c38ae68ad06 5 0 80.0
6306092d73426c38ae68ad07 5 0 53.0
6306092d73426c38ae68ad07 5 0 64.69999999999999
6306092d73426c38ae68ad07 5 0 71.7
6306092d73426c38ae68ad07 5 0 76.39999999999998
6306092d73426c38ae68ad07 5 0 80.0
6306092d73426c38ae68ad08 5 5 54.0
6306092d73426c38ae68ad08 5 5 65.69999999999999
6306092d73426c38ae68ad08 5 5 72.7
6306092d73426c38ae68ad08 5 5 77.39999999999998
6306092d73426c38ae68ad08 5 5 81.0
6306092e73426c38ae68ad09 5 0 54.0
6306092e73426c38ae68ad09 5 0 65.69999999999999
6306092e73426c38ae68ad09 5 0 72.7
6306092e73426c38ae68ad09 5 0 77.39999999999998
6306092e73426c38ae68ad09 5 0 81.0
6306092e73426c38ae68ad0a 5 0 54.0
6306092e73426c38ae68ad0a 5 0 65.69999999999999
6306092e73426c38ae68ad0a 5 0 72.7
6306092e73426c38ae68ad0a 5 0 77.39999999999998
6306092e73426c38ae68ad0a 5 0 81.0
6306092e73426c38ae68ad0b 5 0 54.0
6306092e73426c38ae68ad0b 5 0 65.69999999999999
6306092e73426c38ae68ad0b 5 0 72.7
6306092e73426c38ae68ad0b 5 0 77.39999999999998
6306092e73426c38ae68ad0b 5 0 81.0
6306092e73426c38ae68ad0d 5 0 54.0
6306092e73426c38ae68ad0d 5 0 65.69999999999999
6306092e73426c38ae68ad0d 5 0 72.7
6306092e73426c38ae68ad0d 5 0 77.39999999999998
6306092e73426c38ae68ad0d 5 0 81.0
6306092e73426c38ae68ad0f 5 0 54.0
6306092e73426c38ae68ad0f 5 0 65.69999999999999
6306092e73426c38ae68ad0f 5 0 72.7
6306092e73426c38ae68ad0f 5 0 77.39999999999998
6306092e73426c38ae68ad0f 5 0 81.0
6306092e73426c38ae68ad11 5 0 54.0
6306092e73426c38ae68ad11 5 0 65.69999999999999
6306092e73426c38ae68ad11 5 0 72.7
6306092e73426c38ae68ad11 5 0 77.39999999999998
6306092e73426c38ae68ad11 5 0 81.0
6306092f73426c38ae68ad13 5 0 54.0
6306092f73426c38ae68ad13 5 0 65.69999999999999
6306092f73426c38ae68ad13 5 0 72.7
6306092f73426c38ae68ad13 5 0 77.39999999999998
6306092f73426c38ae68ad13 5 0 81.0
6306093273426c38ae68ad15 5 0 54.0
6306093273426c38ae68ad15 5 0 65.69999999999999
6306093273426c38ae68ad15 5 0 72.7
6306093273426c38ae68ad15 5 0 77.39999999999998
6306093273426c38ae68ad15 5 0 81.0
63060ada73426c38ae68ad31 5 1 54.2
63060ada73426c38ae68ad31 5 1 66.1
63060ada73426c38ae68ad31 5 1 73.3
63060ada73426c38ae68ad31 5 1 78.19999999999997
63060ada73426c38ae68ad31 5 1 82.0
63060b1a73426c38ae68ad3e 5 0 54.2
63060b1a73426c38ae68ad3e 5 0 66.1
63060b1a73426c38ae68ad3e 5 0 73.3
63060b1a73426c38ae68ad3e 5 0 78.19999999999997
63060b1a73426c38ae68ad3e 5 0 82.0
63060b1b73426c38ae68ad42 5 0 54.2
63060b1b73426c38ae68ad42 5 0 66.1
63060b1b73426c38ae68ad42 5 0 73.3
63060b1b73426c38ae68ad42 5 0 78.19999999999997
63060b1b73426c38ae68ad42 5 0 82.0
63060b1b73426c38ae68ad43 5 5 55.2
63060b1b73426c38ae68ad43 5 5 67.1
63060b1b73426c38ae68ad43 5 5 74.3
63060b1b73426c38ae68ad43 5 5 79.19999999999997
63060b1b73426c38ae68ad43 5 5 83.0
62ece4982e6aefcf4aabbd64 5 4 56.0
62ece4982e6aefcf4aabbd64 5 4 68.1
62ece4982e6aefcf4aabbd64 5 4 75.3
62ece4982e6aefcf4aabbd64 5 4 80.19999999999997
62ece4982e6aefcf4aabbd64 5 4 84.0
230 230
[56.0, 68.1, 75.3, 80.19999999999997, 84.0]
0.24347826086956523
 24.35%
0.2960869565217391
 29.61%
0.3273913043478261
 32.74%
0.3486956521739129
 34.87%
0.3652173913043478
 36.52%
finish_overall
plib_runnable	21

  30.48%	
  34.29%	
  36.19%	
  37.14%	
  38.10%	


project_runnable	23

  15.65%	
  16.96%	
  17.39%	
  17.39%	
  17.39%	


class_runnable	55

  13.09%	
  18.18%	
  21.82%	
  24.73%	
  27.27%	


self_contained	35

  49.71%	
  58.00%	
  63.71%	
  68.00%	
  71.43%	


file_runnable	68

  20.00%	
  25.88%	
  28.82%	
  30.29%	
  30.88%	


slib_runnable	28

  27.86%	
  32.50%	
  35.00%	
  37.14%	
  39.29%	


230
0
