62e60f43d76274f8a4026e28 5 0 0.0
62e60f43d76274f8a4026e28 5 0 0.0
62e60f43d76274f8a4026e28 5 0 0.0
62e60f43d76274f8a4026e28 5 0 0.0
62e60f43d76274f8a4026e28 5 0 0.0
62e60f3bd76274f8a4026e10 5 0 0.0
62e60f3bd76274f8a4026e10 5 0 0.0
62e60f3bd76274f8a4026e10 5 0 0.0
62e60f3bd76274f8a4026e10 5 0 0.0
62e60f3bd76274f8a4026e10 5 0 0.0
62e60f37d76274f8a4026dfd 5 0 0.0
62e60f37d76274f8a4026dfd 5 0 0.0
62e60f37d76274f8a4026dfd 5 0 0.0
62e60f37d76274f8a4026dfd 5 0 0.0
62e60f37d76274f8a4026dfd 5 0 0.0
62e60f33d76274f8a4026de9 5 0 0.0
62e60f33d76274f8a4026de9 5 0 0.0
62e60f33d76274f8a4026de9 5 0 0.0
62e60f33d76274f8a4026de9 5 0 0.0
62e60f33d76274f8a4026de9 5 0 0.0
62e60ed4d76274f8a4026da0 5 5 1.0
62e60ed4d76274f8a4026da0 5 5 1.0
62e60ed4d76274f8a4026da0 5 5 1.0
62e60ed4d76274f8a4026da0 5 5 1.0
62e60ed4d76274f8a4026da0 5 5 1.0
62e60ecfd76274f8a4026d6a 5 0 1.0
62e60ecfd76274f8a4026d6a 5 0 1.0
62e60ecfd76274f8a4026d6a 5 0 1.0
62e60ecfd76274f8a4026d6a 5 0 1.0
62e60ecfd76274f8a4026d6a 5 0 1.0
62e60e49d76274f8a4026d25 5 4 1.8
62e60e49d76274f8a4026d25 5 4 2.0
62e60e49d76274f8a4026d25 5 4 2.0
62e60e49d76274f8a4026d25 5 4 2.0
62e60e49d76274f8a4026d25 5 4 2.0
62e60e05d76274f8a4026cfd 5 0 1.8
62e60e05d76274f8a4026cfd 5 0 2.0
62e60e05d76274f8a4026cfd 5 0 2.0
62e60e05d76274f8a4026cfd 5 0 2.0
62e60e05d76274f8a4026cfd 5 0 2.0
62e60da4d76274f8a4026cf1 5 1 2.0
62e60da4d76274f8a4026cf1 5 1 2.4
62e60da4d76274f8a4026cf1 5 1 2.6
62e60da4d76274f8a4026cf1 5 1 2.8
62e60da4d76274f8a4026cf1 5 1 3.0
62e60b10d76274f8a4026ccd 5 1 2.2
62e60b10d76274f8a4026ccd 5 1 2.8
62e60b10d76274f8a4026ccd 5 1 3.2
62e60b10d76274f8a4026ccd 5 1 3.5999999999999996
62e60b10d76274f8a4026ccd 5 1 4.0
62e6087bd76274f8a4026bfa 5 0 2.2
62e6087bd76274f8a4026bfa 5 0 2.8
62e6087bd76274f8a4026bfa 5 0 3.2
62e6087bd76274f8a4026bfa 5 0 3.5999999999999996
62e6087bd76274f8a4026bfa 5 0 4.0
62e6087ad76274f8a4026bf2 5 0 2.2
62e6087ad76274f8a4026bf2 5 0 2.8
62e6087ad76274f8a4026bf2 5 0 3.2
62e6087ad76274f8a4026bf2 5 0 3.5999999999999996
62e6087ad76274f8a4026bf2 5 0 4.0
62e60879d76274f8a4026bec 5 0 2.2
62e60879d76274f8a4026bec 5 0 2.8
62e60879d76274f8a4026bec 5 0 3.2
62e60879d76274f8a4026bec 5 0 3.5999999999999996
62e60879d76274f8a4026bec 5 0 4.0
62e60723d76274f8a4026b75 5 5 3.2
62e60723d76274f8a4026b75 5 5 3.8
62e60723d76274f8a4026b75 5 5 4.2
62e60723d76274f8a4026b75 5 5 4.6
62e60723d76274f8a4026b75 5 5 5.0
62e60707d76274f8a4026b69 5 0 3.2
62e60707d76274f8a4026b69 5 0 3.8
62e60707d76274f8a4026b69 5 0 4.2
62e60707d76274f8a4026b69 5 0 4.6
62e60707d76274f8a4026b69 5 0 5.0
62e5dc9ed76274f8a4026b5b 5 4 4.0
62e5dc9ed76274f8a4026b5b 5 4 4.8
62e5dc9ed76274f8a4026b5b 5 4 5.2
62e5dc9ed76274f8a4026b5b 5 4 5.6
62e5dc9ed76274f8a4026b5b 5 4 6.0
62e4fc3c85ea98643089041e 5 0 4.0
62e4fc3c85ea98643089041e 5 0 4.8
62e4fc3c85ea98643089041e 5 0 5.2
62e4fc3c85ea98643089041e 5 0 5.6
62e4fc3c85ea98643089041e 5 0 6.0
62e4fbda85ea986430890405 5 0 4.0
62e4fbda85ea986430890405 5 0 4.8
62e4fbda85ea986430890405 5 0 5.2
62e4fbda85ea986430890405 5 0 5.6
62e4fbda85ea986430890405 5 0 6.0
62e4fbda85ea986430890403 5 0 4.0
62e4fbda85ea986430890403 5 0 4.8
62e4fbda85ea986430890403 5 0 5.2
62e4fbda85ea986430890403 5 0 5.6
62e4fbda85ea986430890403 5 0 6.0
62e4fb6585ea98643089032b 5 5 5.0
62e4fb6585ea98643089032b 5 5 5.8
62e4fb6585ea98643089032b 5 5 6.2
62e4fb6585ea98643089032b 5 5 6.6
62e4fb6585ea98643089032b 5 5 7.0
62e4fb4d85ea9864308902e7 5 0 5.0
62e4fb4d85ea9864308902e7 5 0 5.8
62e4fb4d85ea9864308902e7 5 0 6.2
62e4fb4d85ea9864308902e7 5 0 6.6
62e4fb4d85ea9864308902e7 5 0 7.0
62b8d27a48ba5a41d1c3f4c6 5 1 5.2
62b8d27a48ba5a41d1c3f4c6 5 1 6.2
62b8d27a48ba5a41d1c3f4c6 5 1 6.8
62b8d27a48ba5a41d1c3f4c6 5 1 7.3999999999999995
62b8d27a48ba5a41d1c3f4c6 5 1 8.0
62b8d24048ba5a41d1c3f49f 5 0 5.2
62b8d24048ba5a41d1c3f49f 5 0 6.2
62b8d24048ba5a41d1c3f49f 5 0 6.8
62b8d24048ba5a41d1c3f49f 5 0 7.3999999999999995
62b8d24048ba5a41d1c3f49f 5 0 8.0
62b8d23b48ba5a41d1c3f49a 5 0 5.2
62b8d23b48ba5a41d1c3f49a 5 0 6.2
62b8d23b48ba5a41d1c3f49a 5 0 6.8
62b8d23b48ba5a41d1c3f49a 5 0 7.3999999999999995
62b8d23b48ba5a41d1c3f49a 5 0 8.0
62b8d23948ba5a41d1c3f498 5 1 5.4
62b8d23948ba5a41d1c3f498 5 1 6.6000000000000005
62b8d23948ba5a41d1c3f498 5 1 7.3999999999999995
62b8d23948ba5a41d1c3f498 5 1 8.2
62b8d23948ba5a41d1c3f498 5 1 9.0
62b8d23748ba5a41d1c3f496 5 0 5.4
62b8d23748ba5a41d1c3f496 5 0 6.6000000000000005
62b8d23748ba5a41d1c3f496 5 0 7.3999999999999995
62b8d23748ba5a41d1c3f496 5 0 8.2
62b8d23748ba5a41d1c3f496 5 0 9.0
62b8d22f48ba5a41d1c3f488 5 3 6.0
62b8d22f48ba5a41d1c3f488 5 3 7.500000000000001
62b8d22f48ba5a41d1c3f488 5 3 8.399999999999999
62b8d22f48ba5a41d1c3f488 5 3 9.2
62b8d22f48ba5a41d1c3f488 5 3 10.0
62b8d22a48ba5a41d1c3f47e 5 5 7.0
62b8d22a48ba5a41d1c3f47e 5 5 8.5
62b8d22a48ba5a41d1c3f47e 5 5 9.399999999999999
62b8d22a48ba5a41d1c3f47e 5 5 10.2
62b8d22a48ba5a41d1c3f47e 5 5 11.0
62b8d22948ba5a41d1c3f47c 5 5 8.0
62b8d22948ba5a41d1c3f47c 5 5 9.5
62b8d22948ba5a41d1c3f47c 5 5 10.399999999999999
62b8d22948ba5a41d1c3f47c 5 5 11.2
62b8d22948ba5a41d1c3f47c 5 5 12.0
62b8d22548ba5a41d1c3f472 5 0 8.0
62b8d22548ba5a41d1c3f472 5 0 9.5
62b8d22548ba5a41d1c3f472 5 0 10.399999999999999
62b8d22548ba5a41d1c3f472 5 0 11.2
62b8d22548ba5a41d1c3f472 5 0 12.0
62b8c517e0d34b282c18122e 5 0 8.0
62b8c517e0d34b282c18122e 5 0 9.5
62b8c517e0d34b282c18122e 5 0 10.399999999999999
62b8c517e0d34b282c18122e 5 0 11.2
62b8c517e0d34b282c18122e 5 0 12.0
62b8bbbfe0d34b282c181210 5 1 8.2
62b8bbbfe0d34b282c181210 5 1 9.9
62b8bbbfe0d34b282c181210 5 1 10.999999999999998
62b8bbbfe0d34b282c181210 5 1 12.0
62b8bbbfe0d34b282c181210 5 1 13.0
62b8bbbfe0d34b282c18120f 5 2 8.6
62b8bbbfe0d34b282c18120f 5 2 10.6
62b8bbbfe0d34b282c18120f 5 2 11.899999999999999
62b8bbbfe0d34b282c18120f 5 2 13.0
62b8bbbfe0d34b282c18120f 5 2 14.0
62b8bbbce0d34b282c18120d 5 2 9.0
62b8bbbce0d34b282c18120d 5 2 11.299999999999999
62b8bbbce0d34b282c18120d 5 2 12.799999999999999
62b8bbbce0d34b282c18120d 5 2 14.0
62b8bbbce0d34b282c18120d 5 2 15.0
62b8b99de0d34b282c1811f8 5 0 9.0
62b8b99de0d34b282c1811f8 5 0 11.299999999999999
62b8b99de0d34b282c1811f8 5 0 12.799999999999999
62b8b99de0d34b282c1811f8 5 0 14.0
62b8b99de0d34b282c1811f8 5 0 15.0
62b8b59feb7e40a82d2d1291 5 0 9.0
62b8b59feb7e40a82d2d1291 5 0 11.299999999999999
62b8b59feb7e40a82d2d1291 5 0 12.799999999999999
62b8b59feb7e40a82d2d1291 5 0 14.0
62b8b59feb7e40a82d2d1291 5 0 15.0
62b8b590eb7e40a82d2d1275 5 0 9.0
62b8b590eb7e40a82d2d1275 5 0 11.299999999999999
62b8b590eb7e40a82d2d1275 5 0 12.799999999999999
62b8b590eb7e40a82d2d1275 5 0 14.0
62b8b590eb7e40a82d2d1275 5 0 15.0
62b8b58deb7e40a82d2d1269 5 4 9.8
62b8b58deb7e40a82d2d1269 5 4 12.299999999999999
62b8b58deb7e40a82d2d1269 5 4 13.799999999999999
62b8b58deb7e40a82d2d1269 5 4 15.0
62b8b58deb7e40a82d2d1269 5 4 16.0
62b8b559eb7e40a82d2d11f8 5 1 10.0
62b8b559eb7e40a82d2d11f8 5 1 12.7
62b8b559eb7e40a82d2d11f8 5 1 14.399999999999999
62b8b559eb7e40a82d2d11f8 5 1 15.8
62b8b559eb7e40a82d2d11f8 5 1 17.0
62b8b4b9eb7e40a82d2d1134 5 0 10.0
62b8b4b9eb7e40a82d2d1134 5 0 12.7
62b8b4b9eb7e40a82d2d1134 5 0 14.399999999999999
62b8b4b9eb7e40a82d2d1134 5 0 15.8
62b8b4b9eb7e40a82d2d1134 5 0 17.0
62b8b416eb7e40a82d2d1129 5 0 10.0
62b8b416eb7e40a82d2d1129 5 0 12.7
62b8b416eb7e40a82d2d1129 5 0 14.399999999999999
62b8b416eb7e40a82d2d1129 5 0 15.8
62b8b416eb7e40a82d2d1129 5 0 17.0
62b8b3d6eb7e40a82d2d111c 5 2 10.4
62b8b3d6eb7e40a82d2d111c 5 2 13.399999999999999
62b8b3d6eb7e40a82d2d111c 5 2 15.299999999999999
62b8b3d6eb7e40a82d2d111c 5 2 16.8
62b8b3d6eb7e40a82d2d111c 5 2 18.0
62b8b3d5eb7e40a82d2d1110 5 0 10.4
62b8b3d5eb7e40a82d2d1110 5 0 13.399999999999999
62b8b3d5eb7e40a82d2d1110 5 0 15.299999999999999
62b8b3d5eb7e40a82d2d1110 5 0 16.8
62b8b3d5eb7e40a82d2d1110 5 0 18.0
62b8b3d4eb7e40a82d2d110f 5 5 11.4
62b8b3d4eb7e40a82d2d110f 5 5 14.399999999999999
62b8b3d4eb7e40a82d2d110f 5 5 16.299999999999997
62b8b3d4eb7e40a82d2d110f 5 5 17.8
62b8b3d4eb7e40a82d2d110f 5 5 19.0
62b8b3d4eb7e40a82d2d110e 5 0 11.4
62b8b3d4eb7e40a82d2d110e 5 0 14.399999999999999
62b8b3d4eb7e40a82d2d110e 5 0 16.299999999999997
62b8b3d4eb7e40a82d2d110e 5 0 17.8
62b8b3d4eb7e40a82d2d110e 5 0 19.0
62b8b3d4eb7e40a82d2d110d 5 2 11.8
62b8b3d4eb7e40a82d2d110d 5 2 15.099999999999998
62b8b3d4eb7e40a82d2d110d 5 2 17.199999999999996
62b8b3d4eb7e40a82d2d110d 5 2 18.8
62b8b3d4eb7e40a82d2d110d 5 2 20.0
62b87b989a0c4fa8b80b35ee 5 0 11.8
62b87b989a0c4fa8b80b35ee 5 0 15.099999999999998
62b87b989a0c4fa8b80b35ee 5 0 17.199999999999996
62b87b989a0c4fa8b80b35ee 5 0 18.8
62b87b989a0c4fa8b80b35ee 5 0 20.0
62b87b859a0c4fa8b80b35d7 5 3 12.4
62b87b859a0c4fa8b80b35d7 5 3 15.999999999999998
62b87b859a0c4fa8b80b35d7 5 3 18.199999999999996
62b87b859a0c4fa8b80b35d7 5 3 19.8
62b87b859a0c4fa8b80b35d7 5 3 21.0
62b87b839a0c4fa8b80b35cb 5 0 12.4
62b87b839a0c4fa8b80b35cb 5 0 15.999999999999998
62b87b839a0c4fa8b80b35cb 5 0 18.199999999999996
62b87b839a0c4fa8b80b35cb 5 0 19.8
62b87b839a0c4fa8b80b35cb 5 0 21.0
62b87b7e9a0c4fa8b80b35bc 5 0 12.4
62b87b7e9a0c4fa8b80b35bc 5 0 15.999999999999998
62b87b7e9a0c4fa8b80b35bc 5 0 18.199999999999996
62b87b7e9a0c4fa8b80b35bc 5 0 19.8
62b87b7e9a0c4fa8b80b35bc 5 0 21.0
62b87b4f9a0c4fa8b80b3580 5 2 12.8
62b87b4f9a0c4fa8b80b3580 5 2 16.7
62b87b4f9a0c4fa8b80b3580 5 2 19.099999999999994
62b87b4f9a0c4fa8b80b3580 5 2 20.8
62b87b4f9a0c4fa8b80b3580 5 2 22.0
62b87b199a0c4fa8b80b354e 5 4 13.600000000000001
62b87b199a0c4fa8b80b354e 5 4 17.7
62b87b199a0c4fa8b80b354e 5 4 20.099999999999994
62b87b199a0c4fa8b80b354e 5 4 21.8
62b87b199a0c4fa8b80b354e 5 4 23.0
62b87b099a0c4fa8b80b3538 5 5 14.600000000000001
62b87b099a0c4fa8b80b3538 5 5 18.7
62b87b099a0c4fa8b80b3538 5 5 21.099999999999994
62b87b099a0c4fa8b80b3538 5 5 22.8
62b87b099a0c4fa8b80b3538 5 5 24.0
62b87af99a0c4fa8b80b3524 5 5 15.600000000000001
62b87af99a0c4fa8b80b3524 5 5 19.7
62b87af99a0c4fa8b80b3524 5 5 22.099999999999994
62b87af99a0c4fa8b80b3524 5 5 23.8
62b87af99a0c4fa8b80b3524 5 5 25.0
62b87af69a0c4fa8b80b351a 5 5 16.6
62b87af69a0c4fa8b80b351a 5 5 20.7
62b87af69a0c4fa8b80b351a 5 5 23.099999999999994
62b87af69a0c4fa8b80b351a 5 5 24.8
62b87af69a0c4fa8b80b351a 5 5 26.0
62b87af19a0c4fa8b80b34f7 5 0 16.6
62b87af19a0c4fa8b80b34f7 5 0 20.7
62b87af19a0c4fa8b80b34f7 5 0 23.099999999999994
62b87af19a0c4fa8b80b34f7 5 0 24.8
62b87af19a0c4fa8b80b34f7 5 0 26.0
62b87af09a0c4fa8b80b34f1 5 0 16.6
62b87af09a0c4fa8b80b34f1 5 0 20.7
62b87af09a0c4fa8b80b34f1 5 0 23.099999999999994
62b87af09a0c4fa8b80b34f1 5 0 24.8
62b87af09a0c4fa8b80b34f1 5 0 26.0
62b86aa3b4d922cb0e688d36 5 0 16.6
62b86aa3b4d922cb0e688d36 5 0 20.7
62b86aa3b4d922cb0e688d36 5 0 23.099999999999994
62b86aa3b4d922cb0e688d36 5 0 24.8
62b86aa3b4d922cb0e688d36 5 0 26.0
62b86a9eb4d922cb0e688d25 5 0 16.6
62b86a9eb4d922cb0e688d25 5 0 20.7
62b86a9eb4d922cb0e688d25 5 0 23.099999999999994
62b86a9eb4d922cb0e688d25 5 0 24.8
62b86a9eb4d922cb0e688d25 5 0 26.0
62b86a4fb4d922cb0e688cf8 5 0 16.6
62b86a4fb4d922cb0e688cf8 5 0 20.7
62b86a4fb4d922cb0e688cf8 5 0 23.099999999999994
62b86a4fb4d922cb0e688cf8 5 0 24.8
62b86a4fb4d922cb0e688cf8 5 0 26.0
62b86a4fb4d922cb0e688cf7 5 0 16.6
62b86a4fb4d922cb0e688cf7 5 0 20.7
62b86a4fb4d922cb0e688cf7 5 0 23.099999999999994
62b86a4fb4d922cb0e688cf7 5 0 24.8
62b86a4fb4d922cb0e688cf7 5 0 26.0
62b86a01b4d922cb0e688ccc 5 0 16.6
62b86a01b4d922cb0e688ccc 5 0 20.7
62b86a01b4d922cb0e688ccc 5 0 23.099999999999994
62b86a01b4d922cb0e688ccc 5 0 24.8
62b86a01b4d922cb0e688ccc 5 0 26.0
62b869ebb4d922cb0e688cc6 5 3 17.200000000000003
62b869ebb4d922cb0e688cc6 5 3 21.599999999999998
62b869ebb4d922cb0e688cc6 5 3 24.099999999999994
62b869ebb4d922cb0e688cc6 5 3 25.8
62b869ebb4d922cb0e688cc6 5 3 27.0
62b869eab4d922cb0e688cc5 5 0 17.200000000000003
62b869eab4d922cb0e688cc5 5 0 21.599999999999998
62b869eab4d922cb0e688cc5 5 0 24.099999999999994
62b869eab4d922cb0e688cc5 5 0 25.8
62b869eab4d922cb0e688cc5 5 0 27.0
62b869eab4d922cb0e688cbf 5 2 17.6
62b869eab4d922cb0e688cbf 5 2 22.299999999999997
62b869eab4d922cb0e688cbf 5 2 24.999999999999993
62b869eab4d922cb0e688cbf 5 2 26.8
62b869eab4d922cb0e688cbf 5 2 28.0
62b43427903eeb48555d3ea5 5 0 17.6
62b43427903eeb48555d3ea5 5 0 22.299999999999997
62b43427903eeb48555d3ea5 5 0 24.999999999999993
62b43427903eeb48555d3ea5 5 0 26.8
62b43427903eeb48555d3ea5 5 0 28.0
62b43428903eeb48555d3eaa 5 0 17.6
62b43428903eeb48555d3eaa 5 0 22.299999999999997
62b43428903eeb48555d3eaa 5 0 24.999999999999993
62b43428903eeb48555d3eaa 5 0 26.8
62b43428903eeb48555d3eaa 5 0 28.0
62b45df05108cfac7f2109ce 5 0 17.6
62b45df05108cfac7f2109ce 5 0 22.299999999999997
62b45df05108cfac7f2109ce 5 0 24.999999999999993
62b45df05108cfac7f2109ce 5 0 26.8
62b45df05108cfac7f2109ce 5 0 28.0
62b45df15108cfac7f2109dc 5 0 17.6
62b45df15108cfac7f2109dc 5 0 22.299999999999997
62b45df15108cfac7f2109dc 5 0 24.999999999999993
62b45df15108cfac7f2109dc 5 0 26.8
62b45df15108cfac7f2109dc 5 0 28.0
62b45df15108cfac7f2109dd 5 1 17.8
62b45df15108cfac7f2109dd 5 1 22.699999999999996
62b45df15108cfac7f2109dd 5 1 25.599999999999994
62b45df15108cfac7f2109dd 5 1 27.6
62b45df15108cfac7f2109dd 5 1 29.0
62b45e135108cfac7f2109f4 5 5 18.8
62b45e135108cfac7f2109f4 5 5 23.699999999999996
62b45e135108cfac7f2109f4 5 5 26.599999999999994
62b45e135108cfac7f2109f4 5 5 28.6
62b45e135108cfac7f2109f4 5 5 30.0
62b45e145108cfac7f210a07 5 0 18.8
62b45e145108cfac7f210a07 5 0 23.699999999999996
62b45e145108cfac7f210a07 5 0 26.599999999999994
62b45e145108cfac7f210a07 5 0 28.6
62b45e145108cfac7f210a07 5 0 30.0
62b45e145108cfac7f210a09 5 0 18.8
62b45e145108cfac7f210a09 5 0 23.699999999999996
62b45e145108cfac7f210a09 5 0 26.599999999999994
62b45e145108cfac7f210a09 5 0 28.6
62b45e145108cfac7f210a09 5 0 30.0
62b45e165108cfac7f210a16 5 0 18.8
62b45e165108cfac7f210a16 5 0 23.699999999999996
62b45e165108cfac7f210a16 5 0 26.599999999999994
62b45e165108cfac7f210a16 5 0 28.6
62b45e165108cfac7f210a16 5 0 30.0
62b45e165108cfac7f210a17 5 0 18.8
62b45e165108cfac7f210a17 5 0 23.699999999999996
62b45e165108cfac7f210a17 5 0 26.599999999999994
62b45e165108cfac7f210a17 5 0 28.6
62b45e165108cfac7f210a17 5 0 30.0
62b45e175108cfac7f210a19 5 0 18.8
62b45e175108cfac7f210a19 5 0 23.699999999999996
62b45e175108cfac7f210a19 5 0 26.599999999999994
62b45e175108cfac7f210a19 5 0 28.6
62b45e175108cfac7f210a19 5 0 30.0
62b463153879012d19481498 5 0 18.8
62b463153879012d19481498 5 0 23.699999999999996
62b463153879012d19481498 5 0 26.599999999999994
62b463153879012d19481498 5 0 28.6
62b463153879012d19481498 5 0 30.0
62b463153879012d1948149a 5 0 18.8
62b463153879012d1948149a 5 0 23.699999999999996
62b463153879012d1948149a 5 0 26.599999999999994
62b463153879012d1948149a 5 0 28.6
62b463153879012d1948149a 5 0 30.0
62b463153879012d1948149b 5 0 18.8
62b463153879012d1948149b 5 0 23.699999999999996
62b463153879012d1948149b 5 0 26.599999999999994
62b463153879012d1948149b 5 0 28.6
62b463153879012d1948149b 5 0 30.0
62b463153879012d1948149c 5 5 19.8
62b463153879012d1948149c 5 5 24.699999999999996
62b463153879012d1948149c 5 5 27.599999999999994
62b463153879012d1948149c 5 5 29.6
62b463153879012d1948149c 5 5 31.0
62b463153879012d1948149d 5 0 19.8
62b463153879012d1948149d 5 0 24.699999999999996
62b463153879012d1948149d 5 0 27.599999999999994
62b463153879012d1948149d 5 0 29.6
62b463153879012d1948149d 5 0 31.0
62b463153879012d1948149f 5 0 19.8
62b463153879012d1948149f 5 0 24.699999999999996
62b463153879012d1948149f 5 0 27.599999999999994
62b463153879012d1948149f 5 0 29.6
62b463153879012d1948149f 5 0 31.0
62b463153879012d194814a1 5 2 20.2
62b463153879012d194814a1 5 2 25.399999999999995
62b463153879012d194814a1 5 2 28.499999999999993
62b463153879012d194814a1 5 2 30.6
62b463153879012d194814a1 5 2 32.0
62b463163879012d194814a2 5 1 20.4
62b463163879012d194814a2 5 1 25.799999999999994
62b463163879012d194814a2 5 1 29.099999999999994
62b463163879012d194814a2 5 1 31.400000000000002
62b463163879012d194814a2 5 1 33.0
62b463163879012d194814a4 5 4 21.2
62b463163879012d194814a4 5 4 26.799999999999994
62b463163879012d194814a4 5 4 30.099999999999994
62b463163879012d194814a4 5 4 32.400000000000006
62b463163879012d194814a4 5 4 34.0
62b463163879012d194814a6 5 2 21.599999999999998
62b463163879012d194814a6 5 2 27.499999999999993
62b463163879012d194814a6 5 2 30.999999999999993
62b463163879012d194814a6 5 2 33.400000000000006
62b463163879012d194814a6 5 2 35.0
62b4631b3879012d194814dd 5 0 21.599999999999998
62b4631b3879012d194814dd 5 0 27.499999999999993
62b4631b3879012d194814dd 5 0 30.999999999999993
62b4631b3879012d194814dd 5 0 33.400000000000006
62b4631b3879012d194814dd 5 0 35.0
62b463283879012d1948153d 5 5 22.599999999999998
62b463283879012d1948153d 5 5 28.499999999999993
62b463283879012d1948153d 5 5 31.999999999999993
62b463283879012d1948153d 5 5 34.400000000000006
62b463283879012d1948153d 5 5 36.0
62b463303879012d19481579 5 0 22.599999999999998
62b463303879012d19481579 5 0 28.499999999999993
62b463303879012d19481579 5 0 31.999999999999993
62b463303879012d19481579 5 0 34.400000000000006
62b463303879012d19481579 5 0 36.0
62b46740d2f69a53b466171a 5 3 23.2
62b46740d2f69a53b466171a 5 3 29.39999999999999
62b46740d2f69a53b466171a 5 3 32.99999999999999
62b46740d2f69a53b466171a 5 3 35.400000000000006
62b46740d2f69a53b466171a 5 3 37.0
62b46746d2f69a53b4661722 5 0 23.2
62b46746d2f69a53b4661722 5 0 29.39999999999999
62b46746d2f69a53b4661722 5 0 32.99999999999999
62b46746d2f69a53b4661722 5 0 35.400000000000006
62b46746d2f69a53b4661722 5 0 37.0
62b86707b4d922cb0e688c2a 5 4 24.0
62b86707b4d922cb0e688c2a 5 4 30.39999999999999
62b86707b4d922cb0e688c2a 5 4 33.99999999999999
62b86707b4d922cb0e688c2a 5 4 36.400000000000006
62b86707b4d922cb0e688c2a 5 4 38.0
62b86729b4d922cb0e688c2f 5 0 24.0
62b86729b4d922cb0e688c2f 5 0 30.39999999999999
62b86729b4d922cb0e688c2f 5 0 33.99999999999999
62b86729b4d922cb0e688c2f 5 0 36.400000000000006
62b86729b4d922cb0e688c2f 5 0 38.0
62b8a4a4755ee91dce50a3d2 5 1 24.2
62b8a4a4755ee91dce50a3d2 5 1 30.79999999999999
62b8a4a4755ee91dce50a3d2 5 1 34.599999999999994
62b8a4a4755ee91dce50a3d2 5 1 37.2
62b8a4a4755ee91dce50a3d2 5 1 39.0
62b8982f755ee91dce50a241 5 1 24.4
62b8982f755ee91dce50a241 5 1 31.19999999999999
62b8982f755ee91dce50a241 5 1 35.199999999999996
62b8982f755ee91dce50a241 5 1 38.0
62b8982f755ee91dce50a241 5 1 40.0
62b89640755ee91dce50a114 5 3 25.0
62b89640755ee91dce50a114 5 3 32.09999999999999
62b89640755ee91dce50a114 5 3 36.199999999999996
62b89640755ee91dce50a114 5 3 39.0
62b89640755ee91dce50a114 5 3 41.0
62b87d24d292efb640a55670 5 0 25.0
62b87d24d292efb640a55670 5 0 32.09999999999999
62b87d24d292efb640a55670 5 0 36.199999999999996
62b87d24d292efb640a55670 5 0 39.0
62b87d24d292efb640a55670 5 0 41.0
62b87d24d292efb640a5566f 5 0 25.0
62b87d24d292efb640a5566f 5 0 32.09999999999999
62b87d24d292efb640a5566f 5 0 36.199999999999996
62b87d24d292efb640a5566f 5 0 39.0
62b87d24d292efb640a5566f 5 0 41.0
62b87d24d292efb640a5566d 5 0 25.0
62b87d24d292efb640a5566d 5 0 32.09999999999999
62b87d24d292efb640a5566d 5 0 36.199999999999996
62b87d24d292efb640a5566d 5 0 39.0
62b87d24d292efb640a5566d 5 0 41.0
62b87d23d292efb640a5566b 5 0 25.0
62b87d23d292efb640a5566b 5 0 32.09999999999999
62b87d23d292efb640a5566b 5 0 36.199999999999996
62b87d23d292efb640a5566b 5 0 39.0
62b87d23d292efb640a5566b 5 0 41.0
62b87d23d292efb640a55668 5 0 25.0
62b87d23d292efb640a55668 5 0 32.09999999999999
62b87d23d292efb640a55668 5 0 36.199999999999996
62b87d23d292efb640a55668 5 0 39.0
62b87d23d292efb640a55668 5 0 41.0
62b87d23d292efb640a55667 5 0 25.0
62b87d23d292efb640a55667 5 0 32.09999999999999
62b87d23d292efb640a55667 5 0 36.199999999999996
62b87d23d292efb640a55667 5 0 39.0
62b87d23d292efb640a55667 5 0 41.0
62b45e945108cfac7f210a4a 5 0 25.0
62b45e945108cfac7f210a4a 5 0 32.09999999999999
62b45e945108cfac7f210a4a 5 0 36.199999999999996
62b45e945108cfac7f210a4a 5 0 39.0
62b45e945108cfac7f210a4a 5 0 41.0
62b45e515108cfac7f210a3c 5 0 25.0
62b45e515108cfac7f210a3c 5 0 32.09999999999999
62b45e515108cfac7f210a3c 5 0 36.199999999999996
62b45e515108cfac7f210a3c 5 0 39.0
62b45e515108cfac7f210a3c 5 0 41.0
62b45e2eb89c9fd354170232 5 0 25.0
62b45e2eb89c9fd354170232 5 0 32.09999999999999
62b45e2eb89c9fd354170232 5 0 36.199999999999996
62b45e2eb89c9fd354170232 5 0 39.0
62b45e2eb89c9fd354170232 5 0 41.0
62b45e23e0d4551b0392c90a 5 0 25.0
62b45e23e0d4551b0392c90a 5 0 32.09999999999999
62b45e23e0d4551b0392c90a 5 0 36.199999999999996
62b45e23e0d4551b0392c90a 5 0 39.0
62b45e23e0d4551b0392c90a 5 0 41.0
62b45e21e0d4551b0392c8ed 5 0 25.0
62b45e21e0d4551b0392c8ed 5 0 32.09999999999999
62b45e21e0d4551b0392c8ed 5 0 36.199999999999996
62b45e21e0d4551b0392c8ed 5 0 39.0
62b45e21e0d4551b0392c8ed 5 0 41.0
62b45b396decaeff903e1001 5 0 25.0
62b45b396decaeff903e1001 5 0 32.09999999999999
62b45b396decaeff903e1001 5 0 36.199999999999996
62b45b396decaeff903e1001 5 0 39.0
62b45b396decaeff903e1001 5 0 41.0
62b4567ed7d32e5b55cc83d9 5 0 25.0
62b4567ed7d32e5b55cc83d9 5 0 32.09999999999999
62b4567ed7d32e5b55cc83d9 5 0 36.199999999999996
62b4567ed7d32e5b55cc83d9 5 0 39.0
62b4567ed7d32e5b55cc83d9 5 0 41.0
62b4567ad7d32e5b55cc83af 5 0 25.0
62b4567ad7d32e5b55cc83af 5 0 32.09999999999999
62b4567ad7d32e5b55cc83af 5 0 36.199999999999996
62b4567ad7d32e5b55cc83af 5 0 39.0
62b4567ad7d32e5b55cc83af 5 0 41.0
62b45679d7d32e5b55cc83a9 5 4 25.8
62b45679d7d32e5b55cc83a9 5 4 33.09999999999999
62b45679d7d32e5b55cc83a9 5 4 37.199999999999996
62b45679d7d32e5b55cc83a9 5 4 40.0
62b45679d7d32e5b55cc83a9 5 4 42.0
62b45665d7d32e5b55cc8365 5 0 25.8
62b45665d7d32e5b55cc8365 5 0 33.09999999999999
62b45665d7d32e5b55cc8365 5 0 37.199999999999996
62b45665d7d32e5b55cc8365 5 0 40.0
62b45665d7d32e5b55cc8365 5 0 42.0
62b45665d7d32e5b55cc8364 5 0 25.8
62b45665d7d32e5b55cc8364 5 0 33.09999999999999
62b45665d7d32e5b55cc8364 5 0 37.199999999999996
62b45665d7d32e5b55cc8364 5 0 40.0
62b45665d7d32e5b55cc8364 5 0 42.0
62b45665d7d32e5b55cc8363 5 0 25.8
62b45665d7d32e5b55cc8363 5 0 33.09999999999999
62b45665d7d32e5b55cc8363 5 0 37.199999999999996
62b45665d7d32e5b55cc8363 5 0 40.0
62b45665d7d32e5b55cc8363 5 0 42.0
62b438ba66fea644fe22cca2 5 1 26.0
62b438ba66fea644fe22cca2 5 1 33.499999999999986
62b438ba66fea644fe22cca2 5 1 37.8
62b438ba66fea644fe22cca2 5 1 40.8
62b438ba66fea644fe22cca2 5 1 43.0
62b438b666fea644fe22cc78 5 0 26.0
62b438b666fea644fe22cc78 5 0 33.499999999999986
62b438b666fea644fe22cc78 5 0 37.8
62b438b666fea644fe22cc78 5 0 40.8
62b438b666fea644fe22cc78 5 0 43.0
62b438b666fea644fe22cc72 5 5 27.0
62b438b666fea644fe22cc72 5 5 34.499999999999986
62b438b666fea644fe22cc72 5 5 38.8
62b438b666fea644fe22cc72 5 5 41.8
62b438b666fea644fe22cc72 5 5 44.0
62b438b566fea644fe22cc70 5 0 27.0
62b438b566fea644fe22cc70 5 0 34.499999999999986
62b438b566fea644fe22cc70 5 0 38.8
62b438b566fea644fe22cc70 5 0 41.8
62b438b566fea644fe22cc70 5 0 44.0
62b438a266fea644fe22cc2e 5 0 27.0
62b438a266fea644fe22cc2e 5 0 34.499999999999986
62b438a266fea644fe22cc2e 5 0 38.8
62b438a266fea644fe22cc2e 5 0 41.8
62b438a266fea644fe22cc2e 5 0 44.0
62b438a266fea644fe22cc2d 5 0 27.0
62b438a266fea644fe22cc2d 5 0 34.499999999999986
62b438a266fea644fe22cc2d 5 0 38.8
62b438a266fea644fe22cc2d 5 0 41.8
62b438a266fea644fe22cc2d 5 0 44.0
62b438a266fea644fe22cc2c 5 0 27.0
62b438a266fea644fe22cc2c 5 0 34.499999999999986
62b438a266fea644fe22cc2c 5 0 38.8
62b438a266fea644fe22cc2c 5 0 41.8
62b438a266fea644fe22cc2c 5 0 44.0
62ece4982e6aefcf4aabbd5f 5 5 28.0
62ece4982e6aefcf4aabbd5f 5 5 35.499999999999986
62ece4982e6aefcf4aabbd5f 5 5 39.8
62ece4982e6aefcf4aabbd5f 5 5 42.8
62ece4982e6aefcf4aabbd5f 5 5 45.0
62ece4982e6aefcf4aabbd60 5 5 29.0
62ece4982e6aefcf4aabbd60 5 5 36.499999999999986
62ece4982e6aefcf4aabbd60 5 5 40.8
62ece4982e6aefcf4aabbd60 5 5 43.8
62ece4982e6aefcf4aabbd60 5 5 46.0
62ece4982e6aefcf4aabbd61 5 5 30.0
62ece4982e6aefcf4aabbd61 5 5 37.499999999999986
62ece4982e6aefcf4aabbd61 5 5 41.8
62ece4982e6aefcf4aabbd61 5 5 44.8
62ece4982e6aefcf4aabbd61 5 5 47.0
62ece4982e6aefcf4aabbd62 5 0 30.0
62ece4982e6aefcf4aabbd62 5 0 37.499999999999986
62ece4982e6aefcf4aabbd62 5 0 41.8
62ece4982e6aefcf4aabbd62 5 0 44.8
62ece4982e6aefcf4aabbd62 5 0 47.0
62ece4982e6aefcf4aabbd63 5 2 30.4
62ece4982e6aefcf4aabbd63 5 2 38.19999999999999
62ece4982e6aefcf4aabbd63 5 2 42.699999999999996
62ece4982e6aefcf4aabbd63 5 2 45.8
62ece4982e6aefcf4aabbd63 5 2 48.0
62ece4982e6aefcf4aabbd65 5 5 31.4
62ece4982e6aefcf4aabbd65 5 5 39.19999999999999
62ece4982e6aefcf4aabbd65 5 5 43.699999999999996
62ece4982e6aefcf4aabbd65 5 5 46.8
62ece4982e6aefcf4aabbd65 5 5 49.0
62ece4982e6aefcf4aabbd66 5 1 31.599999999999998
62ece4982e6aefcf4aabbd66 5 1 39.59999999999999
62ece4982e6aefcf4aabbd66 5 1 44.3
62ece4982e6aefcf4aabbd66 5 1 47.599999999999994
62ece4982e6aefcf4aabbd66 5 1 50.0
62ece4982e6aefcf4aabbd67 5 5 32.599999999999994
62ece4982e6aefcf4aabbd67 5 5 40.59999999999999
62ece4982e6aefcf4aabbd67 5 5 45.3
62ece4982e6aefcf4aabbd67 5 5 48.599999999999994
62ece4982e6aefcf4aabbd67 5 5 51.0
62ece4982e6aefcf4aabbd68 5 0 32.599999999999994
62ece4982e6aefcf4aabbd68 5 0 40.59999999999999
62ece4982e6aefcf4aabbd68 5 0 45.3
62ece4982e6aefcf4aabbd68 5 0 48.599999999999994
62ece4982e6aefcf4aabbd68 5 0 51.0
62ece4982e6aefcf4aabbd69 5 0 32.599999999999994
62ece4982e6aefcf4aabbd69 5 0 40.59999999999999
62ece4982e6aefcf4aabbd69 5 0 45.3
62ece4982e6aefcf4aabbd69 5 0 48.599999999999994
62ece4982e6aefcf4aabbd69 5 0 51.0
62ece4982e6aefcf4aabbd6a 5 5 33.599999999999994
62ece4982e6aefcf4aabbd6a 5 5 41.59999999999999
62ece4982e6aefcf4aabbd6a 5 5 46.3
62ece4982e6aefcf4aabbd6a 5 5 49.599999999999994
62ece4982e6aefcf4aabbd6a 5 5 52.0
62ece4982e6aefcf4aabbd6b 5 3 34.199999999999996
62ece4982e6aefcf4aabbd6b 5 3 42.499999999999986
62ece4982e6aefcf4aabbd6b 5 3 47.3
62ece4982e6aefcf4aabbd6b 5 3 50.599999999999994
62ece4982e6aefcf4aabbd6b 5 3 53.0
62ece4982e6aefcf4aabbd6d 5 0 34.199999999999996
62ece4982e6aefcf4aabbd6d 5 0 42.499999999999986
62ece4982e6aefcf4aabbd6d 5 0 47.3
62ece4982e6aefcf4aabbd6d 5 0 50.599999999999994
62ece4982e6aefcf4aabbd6d 5 0 53.0
62ece4982e6aefcf4aabbd6f 5 0 34.199999999999996
62ece4982e6aefcf4aabbd6f 5 0 42.499999999999986
62ece4982e6aefcf4aabbd6f 5 0 47.3
62ece4982e6aefcf4aabbd6f 5 0 50.599999999999994
62ece4982e6aefcf4aabbd6f 5 0 53.0
62ece4982e6aefcf4aabbd70 5 5 35.199999999999996
62ece4982e6aefcf4aabbd70 5 5 43.499999999999986
62ece4982e6aefcf4aabbd70 5 5 48.3
62ece4982e6aefcf4aabbd70 5 5 51.599999999999994
62ece4982e6aefcf4aabbd70 5 5 54.0
62ece4982e6aefcf4aabbd71 5 0 35.199999999999996
62ece4982e6aefcf4aabbd71 5 0 43.499999999999986
62ece4982e6aefcf4aabbd71 5 0 48.3
62ece4982e6aefcf4aabbd71 5 0 51.599999999999994
62ece4982e6aefcf4aabbd71 5 0 54.0
62ece4982e6aefcf4aabbd72 5 0 35.199999999999996
62ece4982e6aefcf4aabbd72 5 0 43.499999999999986
62ece4982e6aefcf4aabbd72 5 0 48.3
62ece4982e6aefcf4aabbd72 5 0 51.599999999999994
62ece4982e6aefcf4aabbd72 5 0 54.0
62ece4982e6aefcf4aabbd73 5 1 35.4
62ece4982e6aefcf4aabbd73 5 1 43.899999999999984
62ece4982e6aefcf4aabbd73 5 1 48.9
62ece4982e6aefcf4aabbd73 5 1 52.39999999999999
62ece4982e6aefcf4aabbd73 5 1 55.0
62ece4982e6aefcf4aabbd74 5 0 35.4
62ece4982e6aefcf4aabbd74 5 0 43.899999999999984
62ece4982e6aefcf4aabbd74 5 0 48.9
62ece4982e6aefcf4aabbd74 5 0 52.39999999999999
62ece4982e6aefcf4aabbd74 5 0 55.0
62ece4982e6aefcf4aabbd75 5 0 35.4
62ece4982e6aefcf4aabbd75 5 0 43.899999999999984
62ece4982e6aefcf4aabbd75 5 0 48.9
62ece4982e6aefcf4aabbd75 5 0 52.39999999999999
62ece4982e6aefcf4aabbd75 5 0 55.0
62ece4982e6aefcf4aabbd76 5 0 35.4
62ece4982e6aefcf4aabbd76 5 0 43.899999999999984
62ece4982e6aefcf4aabbd76 5 0 48.9
62ece4982e6aefcf4aabbd76 5 0 52.39999999999999
62ece4982e6aefcf4aabbd76 5 0 55.0
62ece4982e6aefcf4aabbd77 5 0 35.4
62ece4982e6aefcf4aabbd77 5 0 43.899999999999984
62ece4982e6aefcf4aabbd77 5 0 48.9
62ece4982e6aefcf4aabbd77 5 0 52.39999999999999
62ece4982e6aefcf4aabbd77 5 0 55.0
62ece4992e6aefcf4aabbd78 5 0 35.4
62ece4992e6aefcf4aabbd78 5 0 43.899999999999984
62ece4992e6aefcf4aabbd78 5 0 48.9
62ece4992e6aefcf4aabbd78 5 0 52.39999999999999
62ece4992e6aefcf4aabbd78 5 0 55.0
62ece4992e6aefcf4aabbd79 5 0 35.4
62ece4992e6aefcf4aabbd79 5 0 43.899999999999984
62ece4992e6aefcf4aabbd79 5 0 48.9
62ece4992e6aefcf4aabbd79 5 0 52.39999999999999
62ece4992e6aefcf4aabbd79 5 0 55.0
62ece4992e6aefcf4aabbd7a 5 5 36.4
62ece4992e6aefcf4aabbd7a 5 5 44.899999999999984
62ece4992e6aefcf4aabbd7a 5 5 49.9
62ece4992e6aefcf4aabbd7a 5 5 53.39999999999999
62ece4992e6aefcf4aabbd7a 5 5 56.0
62ece4992e6aefcf4aabbd7b 5 0 36.4
62ece4992e6aefcf4aabbd7b 5 0 44.899999999999984
62ece4992e6aefcf4aabbd7b 5 0 49.9
62ece4992e6aefcf4aabbd7b 5 0 53.39999999999999
62ece4992e6aefcf4aabbd7b 5 0 56.0
62ece4992e6aefcf4aabbd7c 5 5 37.4
62ece4992e6aefcf4aabbd7c 5 5 45.899999999999984
62ece4992e6aefcf4aabbd7c 5 5 50.9
62ece4992e6aefcf4aabbd7c 5 5 54.39999999999999
62ece4992e6aefcf4aabbd7c 5 5 57.0
62ece4992e6aefcf4aabbd7d 5 3 38.0
62ece4992e6aefcf4aabbd7d 5 3 46.79999999999998
62ece4992e6aefcf4aabbd7d 5 3 51.9
62ece4992e6aefcf4aabbd7d 5 3 55.39999999999999
62ece4992e6aefcf4aabbd7d 5 3 58.0
62ece4992e6aefcf4aabbd7e 5 2 38.4
62ece4992e6aefcf4aabbd7e 5 2 47.499999999999986
62ece4992e6aefcf4aabbd7e 5 2 52.8
62ece4992e6aefcf4aabbd7e 5 2 56.39999999999999
62ece4992e6aefcf4aabbd7e 5 2 59.0
62ece4992e6aefcf4aabbd7f 5 5 39.4
62ece4992e6aefcf4aabbd7f 5 5 48.499999999999986
62ece4992e6aefcf4aabbd7f 5 5 53.8
62ece4992e6aefcf4aabbd7f 5 5 57.39999999999999
62ece4992e6aefcf4aabbd7f 5 5 60.0
62ece4992e6aefcf4aabbd80 5 5 40.4
62ece4992e6aefcf4aabbd80 5 5 49.499999999999986
62ece4992e6aefcf4aabbd80 5 5 54.8
62ece4992e6aefcf4aabbd80 5 5 58.39999999999999
62ece4992e6aefcf4aabbd80 5 5 61.0
62ece4992e6aefcf4aabbd82 5 0 40.4
62ece4992e6aefcf4aabbd82 5 0 49.499999999999986
62ece4992e6aefcf4aabbd82 5 0 54.8
62ece4992e6aefcf4aabbd82 5 0 58.39999999999999
62ece4992e6aefcf4aabbd82 5 0 61.0
62ece4992e6aefcf4aabbd83 5 0 40.4
62ece4992e6aefcf4aabbd83 5 0 49.499999999999986
62ece4992e6aefcf4aabbd83 5 0 54.8
62ece4992e6aefcf4aabbd83 5 0 58.39999999999999
62ece4992e6aefcf4aabbd83 5 0 61.0
62ece4992e6aefcf4aabbd84 5 5 41.4
62ece4992e6aefcf4aabbd84 5 5 50.499999999999986
62ece4992e6aefcf4aabbd84 5 5 55.8
62ece4992e6aefcf4aabbd84 5 5 59.39999999999999
62ece4992e6aefcf4aabbd84 5 5 62.0
62ece4992e6aefcf4aabbd85 5 4 42.199999999999996
62ece4992e6aefcf4aabbd85 5 4 51.499999999999986
62ece4992e6aefcf4aabbd85 5 4 56.8
62ece4992e6aefcf4aabbd85 5 4 60.39999999999999
62ece4992e6aefcf4aabbd85 5 4 63.0
62ece4992e6aefcf4aabbd86 5 2 42.599999999999994
62ece4992e6aefcf4aabbd86 5 2 52.19999999999999
62ece4992e6aefcf4aabbd86 5 2 57.699999999999996
62ece4992e6aefcf4aabbd86 5 2 61.39999999999999
62ece4992e6aefcf4aabbd86 5 2 64.0
62ece4992e6aefcf4aabbd87 5 0 42.599999999999994
62ece4992e6aefcf4aabbd87 5 0 52.19999999999999
62ece4992e6aefcf4aabbd87 5 0 57.699999999999996
62ece4992e6aefcf4aabbd87 5 0 61.39999999999999
62ece4992e6aefcf4aabbd87 5 0 64.0
62ece4992e6aefcf4aabbd88 5 3 43.199999999999996
62ece4992e6aefcf4aabbd88 5 3 53.09999999999999
62ece4992e6aefcf4aabbd88 5 3 58.699999999999996
62ece4992e6aefcf4aabbd88 5 3 62.39999999999999
62ece4992e6aefcf4aabbd88 5 3 65.0
62ece4992e6aefcf4aabbd89 5 5 44.199999999999996
62ece4992e6aefcf4aabbd89 5 5 54.09999999999999
62ece4992e6aefcf4aabbd89 5 5 59.699999999999996
62ece4992e6aefcf4aabbd89 5 5 63.39999999999999
62ece4992e6aefcf4aabbd89 5 5 66.0
62ece4992e6aefcf4aabbd8a 5 3 44.8
62ece4992e6aefcf4aabbd8a 5 3 54.999999999999986
62ece4992e6aefcf4aabbd8a 5 3 60.699999999999996
62ece4992e6aefcf4aabbd8a 5 3 64.39999999999999
62ece4992e6aefcf4aabbd8a 5 3 67.0
62ece4992e6aefcf4aabbd8b 5 0 44.8
62ece4992e6aefcf4aabbd8b 5 0 54.999999999999986
62ece4992e6aefcf4aabbd8b 5 0 60.699999999999996
62ece4992e6aefcf4aabbd8b 5 0 64.39999999999999
62ece4992e6aefcf4aabbd8b 5 0 67.0
62e60723d76274f8a4026b76 5 2 45.199999999999996
62e60723d76274f8a4026b76 5 2 55.69999999999999
62e60723d76274f8a4026b76 5 2 61.599999999999994
62e60723d76274f8a4026b76 5 2 65.39999999999999
62e60723d76274f8a4026b76 5 2 68.0
62e60873d76274f8a4026bd8 5 0 45.199999999999996
62e60873d76274f8a4026bd8 5 0 55.69999999999999
62e60873d76274f8a4026bd8 5 0 61.599999999999994
62e60873d76274f8a4026bd8 5 0 65.39999999999999
62e60873d76274f8a4026bd8 5 0 68.0
62e60e3bd76274f8a4026d1a 5 0 45.199999999999996
62e60e3bd76274f8a4026d1a 5 0 55.69999999999999
62e60e3bd76274f8a4026d1a 5 0 61.599999999999994
62e60e3bd76274f8a4026d1a 5 0 65.39999999999999
62e60e3bd76274f8a4026d1a 5 0 68.0
62b87b199a0c4fa8b80b354c 5 0 45.199999999999996
62b87b199a0c4fa8b80b354c 5 0 55.69999999999999
62b87b199a0c4fa8b80b354c 5 0 61.599999999999994
62b87b199a0c4fa8b80b354c 5 0 65.39999999999999
62b87b199a0c4fa8b80b354c 5 0 68.0
62b87b4f9a0c4fa8b80b3581 5 0 45.199999999999996
62b87b4f9a0c4fa8b80b3581 5 0 55.69999999999999
62b87b4f9a0c4fa8b80b3581 5 0 61.599999999999994
62b87b4f9a0c4fa8b80b3581 5 0 65.39999999999999
62b87b4f9a0c4fa8b80b3581 5 0 68.0
62b87b519a0c4fa8b80b3583 5 0 45.199999999999996
62b87b519a0c4fa8b80b3583 5 0 55.69999999999999
62b87b519a0c4fa8b80b3583 5 0 61.599999999999994
62b87b519a0c4fa8b80b3583 5 0 65.39999999999999
62b87b519a0c4fa8b80b3583 5 0 68.0
62b87b869a0c4fa8b80b35e1 5 0 45.199999999999996
62b87b869a0c4fa8b80b35e1 5 0 55.69999999999999
62b87b869a0c4fa8b80b35e1 5 0 61.599999999999994
62b87b869a0c4fa8b80b35e1 5 0 65.39999999999999
62b87b869a0c4fa8b80b35e1 5 0 68.0
62b8b4baeb7e40a82d2d1136 5 2 45.599999999999994
62b8b4baeb7e40a82d2d1136 5 2 56.39999999999999
62b8b4baeb7e40a82d2d1136 5 2 62.49999999999999
62b8b4baeb7e40a82d2d1136 5 2 66.39999999999999
62b8b4baeb7e40a82d2d1136 5 2 69.0
62b8b4baeb7e40a82d2d1137 5 2 45.99999999999999
62b8b4baeb7e40a82d2d1137 5 2 57.099999999999994
62b8b4baeb7e40a82d2d1137 5 2 63.39999999999999
62b8b4baeb7e40a82d2d1137 5 2 67.39999999999999
62b8b4baeb7e40a82d2d1137 5 2 70.0
62b8b4c1eb7e40a82d2d1139 5 5 46.99999999999999
62b8b4c1eb7e40a82d2d1139 5 5 58.099999999999994
62b8b4c1eb7e40a82d2d1139 5 5 64.39999999999999
62b8b4c1eb7e40a82d2d1139 5 5 68.39999999999999
62b8b4c1eb7e40a82d2d1139 5 5 71.0
62b8b559eb7e40a82d2d11f6 5 4 47.79999999999999
62b8b559eb7e40a82d2d11f6 5 4 59.099999999999994
62b8b559eb7e40a82d2d11f6 5 4 65.39999999999999
62b8b559eb7e40a82d2d11f6 5 4 69.39999999999999
62b8b559eb7e40a82d2d11f6 5 4 72.0
62b8d22a48ba5a41d1c3f47d 5 0 47.79999999999999
62b8d22a48ba5a41d1c3f47d 5 0 59.099999999999994
62b8d22a48ba5a41d1c3f47d 5 0 65.39999999999999
62b8d22a48ba5a41d1c3f47d 5 0 69.39999999999999
62b8d22a48ba5a41d1c3f47d 5 0 72.0
62b8d23748ba5a41d1c3f497 5 1 47.99999999999999
62b8d23748ba5a41d1c3f497 5 1 59.49999999999999
62b8d23748ba5a41d1c3f497 5 1 65.99999999999999
62b8d23748ba5a41d1c3f497 5 1 70.19999999999999
62b8d23748ba5a41d1c3f497 5 1 73.0
62b8d23a48ba5a41d1c3f499 5 0 47.99999999999999
62b8d23a48ba5a41d1c3f499 5 0 59.49999999999999
62b8d23a48ba5a41d1c3f499 5 0 65.99999999999999
62b8d23a48ba5a41d1c3f499 5 0 70.19999999999999
62b8d23a48ba5a41d1c3f499 5 0 73.0
62b8d23c48ba5a41d1c3f49b 5 0 47.99999999999999
62b8d23c48ba5a41d1c3f49b 5 0 59.49999999999999
62b8d23c48ba5a41d1c3f49b 5 0 65.99999999999999
62b8d23c48ba5a41d1c3f49b 5 0 70.19999999999999
62b8d23c48ba5a41d1c3f49b 5 0 73.0
62b8d23e48ba5a41d1c3f49e 5 5 48.99999999999999
62b8d23e48ba5a41d1c3f49e 5 5 60.49999999999999
62b8d23e48ba5a41d1c3f49e 5 5 66.99999999999999
62b8d23e48ba5a41d1c3f49e 5 5 71.19999999999999
62b8d23e48ba5a41d1c3f49e 5 5 74.0
62b43425903eeb48555d3ea1 5 0 48.99999999999999
62b43425903eeb48555d3ea1 5 0 60.49999999999999
62b43425903eeb48555d3ea1 5 0 66.99999999999999
62b43425903eeb48555d3ea1 5 0 71.19999999999999
62b43425903eeb48555d3ea1 5 0 74.0
62b43426903eeb48555d3ea2 5 0 48.99999999999999
62b43426903eeb48555d3ea2 5 0 60.49999999999999
62b43426903eeb48555d3ea2 5 0 66.99999999999999
62b43426903eeb48555d3ea2 5 0 71.19999999999999
62b43426903eeb48555d3ea2 5 0 74.0
62b8966c755ee91dce50a154 5 0 48.99999999999999
62b8966c755ee91dce50a154 5 0 60.49999999999999
62b8966c755ee91dce50a154 5 0 66.99999999999999
62b8966c755ee91dce50a154 5 0 71.19999999999999
62b8966c755ee91dce50a154 5 0 74.0
62b896de755ee91dce50a183 5 0 48.99999999999999
62b896de755ee91dce50a183 5 0 60.49999999999999
62b896de755ee91dce50a183 5 0 66.99999999999999
62b896de755ee91dce50a183 5 0 71.19999999999999
62b896de755ee91dce50a183 5 0 74.0
62b8a4a4755ee91dce50a3d3 5 3 49.599999999999994
62b8a4a4755ee91dce50a3d3 5 3 61.39999999999999
62b8a4a4755ee91dce50a3d3 5 3 67.99999999999999
62b8a4a4755ee91dce50a3d3 5 3 72.19999999999999
62b8a4a4755ee91dce50a3d3 5 3 75.0
62b8a7b2755ee91dce50a4a7 5 5 50.599999999999994
62b8a7b2755ee91dce50a4a7 5 5 62.39999999999999
62b8a7b2755ee91dce50a4a7 5 5 68.99999999999999
62b8a7b2755ee91dce50a4a7 5 5 73.19999999999999
62b8a7b2755ee91dce50a4a7 5 5 76.0
6305f9991d275c6667163c50 5 5 51.599999999999994
6305f9991d275c6667163c50 5 5 63.39999999999999
6305f9991d275c6667163c50 5 5 69.99999999999999
6305f9991d275c6667163c50 5 5 74.19999999999999
6305f9991d275c6667163c50 5 5 77.0
6306292052e177c0ba469f09 5 0 51.599999999999994
6306292052e177c0ba469f09 5 0 63.39999999999999
6306292052e177c0ba469f09 5 0 69.99999999999999
6306292052e177c0ba469f09 5 0 74.19999999999999
6306292052e177c0ba469f09 5 0 77.0
6306292152e177c0ba469f0d 5 0 51.599999999999994
6306292152e177c0ba469f0d 5 0 63.39999999999999
6306292152e177c0ba469f0d 5 0 69.99999999999999
6306292152e177c0ba469f0d 5 0 74.19999999999999
6306292152e177c0ba469f0d 5 0 77.0
6306292252e177c0ba469f11 5 5 52.599999999999994
6306292252e177c0ba469f11 5 5 64.39999999999999
6306292252e177c0ba469f11 5 5 70.99999999999999
6306292252e177c0ba469f11 5 5 75.19999999999999
6306292252e177c0ba469f11 5 5 78.0
6306292352e177c0ba469f1d 5 0 52.599999999999994
6306292352e177c0ba469f1d 5 0 64.39999999999999
6306292352e177c0ba469f1d 5 0 70.99999999999999
6306292352e177c0ba469f1d 5 0 75.19999999999999
6306292352e177c0ba469f1d 5 0 78.0
6306292352e177c0ba469f1e 5 0 52.599999999999994
6306292352e177c0ba469f1e 5 0 64.39999999999999
6306292352e177c0ba469f1e 5 0 70.99999999999999
6306292352e177c0ba469f1e 5 0 75.19999999999999
6306292352e177c0ba469f1e 5 0 78.0
6306292652e177c0ba469f34 5 0 52.599999999999994
6306292652e177c0ba469f34 5 0 64.39999999999999
6306292652e177c0ba469f34 5 0 70.99999999999999
6306292652e177c0ba469f34 5 0 75.19999999999999
6306292652e177c0ba469f34 5 0 78.0
6306292a52e177c0ba469f41 5 0 52.599999999999994
6306292a52e177c0ba469f41 5 0 64.39999999999999
6306292a52e177c0ba469f41 5 0 70.99999999999999
6306292a52e177c0ba469f41 5 0 75.19999999999999
6306292a52e177c0ba469f41 5 0 78.0
6306298b52e177c0ba469fdc 5 0 52.599999999999994
6306298b52e177c0ba469fdc 5 0 64.39999999999999
6306298b52e177c0ba469fdc 5 0 70.99999999999999
6306298b52e177c0ba469fdc 5 0 75.19999999999999
6306298b52e177c0ba469fdc 5 0 78.0
6306299052e177c0ba469fe8 5 0 52.599999999999994
6306299052e177c0ba469fe8 5 0 64.39999999999999
6306299052e177c0ba469fe8 5 0 70.99999999999999
6306299052e177c0ba469fe8 5 0 75.19999999999999
6306299052e177c0ba469fe8 5 0 78.0
630629b952e177c0ba46a043 5 1 52.8
630629b952e177c0ba46a043 5 1 64.8
630629b952e177c0ba46a043 5 1 71.59999999999998
630629b952e177c0ba46a043 5 1 75.99999999999999
630629b952e177c0ba46a043 5 1 79.0
630629d052e177c0ba46a0a1 5 0 52.8
630629d052e177c0ba46a0a1 5 0 64.8
630629d052e177c0ba46a0a1 5 0 71.59999999999998
630629d052e177c0ba46a0a1 5 0 75.99999999999999
630629d052e177c0ba46a0a1 5 0 79.0
630629e052e177c0ba46a0c4 5 0 52.8
630629e052e177c0ba46a0c4 5 0 64.8
630629e052e177c0ba46a0c4 5 0 71.59999999999998
630629e052e177c0ba46a0c4 5 0 75.99999999999999
630629e052e177c0ba46a0c4 5 0 79.0
630629e152e177c0ba46a0d1 5 4 53.599999999999994
630629e152e177c0ba46a0d1 5 4 65.8
630629e152e177c0ba46a0d1 5 4 72.59999999999998
630629e152e177c0ba46a0d1 5 4 76.99999999999999
630629e152e177c0ba46a0d1 5 4 80.0
630629e152e177c0ba46a0d2 5 0 53.599999999999994
630629e152e177c0ba46a0d2 5 0 65.8
630629e152e177c0ba46a0d2 5 0 72.59999999999998
630629e152e177c0ba46a0d2 5 0 76.99999999999999
630629e152e177c0ba46a0d2 5 0 80.0
630629e252e177c0ba46a0d6 5 0 53.599999999999994
630629e252e177c0ba46a0d6 5 0 65.8
630629e252e177c0ba46a0d6 5 0 72.59999999999998
630629e252e177c0ba46a0d6 5 0 76.99999999999999
630629e252e177c0ba46a0d6 5 0 80.0
630629e752e177c0ba46a0fb 5 0 53.599999999999994
630629e752e177c0ba46a0fb 5 0 65.8
630629e752e177c0ba46a0fb 5 0 72.59999999999998
630629e752e177c0ba46a0fb 5 0 76.99999999999999
630629e752e177c0ba46a0fb 5 0 80.0
6306091073426c38ae68acac 5 0 53.599999999999994
6306091073426c38ae68acac 5 0 65.8
6306091073426c38ae68acac 5 0 72.59999999999998
6306091073426c38ae68acac 5 0 76.99999999999999
6306091073426c38ae68acac 5 0 80.0
6306091a73426c38ae68acc8 5 0 53.599999999999994
6306091a73426c38ae68acc8 5 0 65.8
6306091a73426c38ae68acc8 5 0 72.59999999999998
6306091a73426c38ae68acc8 5 0 76.99999999999999
6306091a73426c38ae68acc8 5 0 80.0
6306091b73426c38ae68acd7 5 0 53.599999999999994
6306091b73426c38ae68acd7 5 0 65.8
6306091b73426c38ae68acd7 5 0 72.59999999999998
6306091b73426c38ae68acd7 5 0 76.99999999999999
6306091b73426c38ae68acd7 5 0 80.0
6306091b73426c38ae68acd9 5 0 53.599999999999994
6306091b73426c38ae68acd9 5 0 65.8
6306091b73426c38ae68acd9 5 0 72.59999999999998
6306091b73426c38ae68acd9 5 0 76.99999999999999
6306091b73426c38ae68acd9 5 0 80.0
6306091b73426c38ae68acda 5 0 53.599999999999994
6306091b73426c38ae68acda 5 0 65.8
6306091b73426c38ae68acda 5 0 72.59999999999998
6306091b73426c38ae68acda 5 0 76.99999999999999
6306091b73426c38ae68acda 5 0 80.0
6306091c73426c38ae68acdc 5 0 53.599999999999994
6306091c73426c38ae68acdc 5 0 65.8
6306091c73426c38ae68acdc 5 0 72.59999999999998
6306091c73426c38ae68acdc 5 0 76.99999999999999
6306091c73426c38ae68acdc 5 0 80.0
6306091c73426c38ae68acdd 5 1 53.8
6306091c73426c38ae68acdd 5 1 66.2
6306091c73426c38ae68acdd 5 1 73.19999999999997
6306091c73426c38ae68acdd 5 1 77.79999999999998
6306091c73426c38ae68acdd 5 1 81.0
6306091d73426c38ae68ace5 5 0 53.8
6306091d73426c38ae68ace5 5 0 66.2
6306091d73426c38ae68ace5 5 0 73.19999999999997
6306091d73426c38ae68ace5 5 0 77.79999999999998
6306091d73426c38ae68ace5 5 0 81.0
6306092373426c38ae68acfa 5 0 53.8
6306092373426c38ae68acfa 5 0 66.2
6306092373426c38ae68acfa 5 0 73.19999999999997
6306092373426c38ae68acfa 5 0 77.79999999999998
6306092373426c38ae68acfa 5 0 81.0
6306092973426c38ae68ad01 5 0 53.8
6306092973426c38ae68ad01 5 0 66.2
6306092973426c38ae68ad01 5 0 73.19999999999997
6306092973426c38ae68ad01 5 0 77.79999999999998
6306092973426c38ae68ad01 5 0 81.0
6306092c73426c38ae68ad02 5 0 53.8
6306092c73426c38ae68ad02 5 0 66.2
6306092c73426c38ae68ad02 5 0 73.19999999999997
6306092c73426c38ae68ad02 5 0 77.79999999999998
6306092c73426c38ae68ad02 5 0 81.0
6306092d73426c38ae68ad04 5 0 53.8
6306092d73426c38ae68ad04 5 0 66.2
6306092d73426c38ae68ad04 5 0 73.19999999999997
6306092d73426c38ae68ad04 5 0 77.79999999999998
6306092d73426c38ae68ad04 5 0 81.0
6306092d73426c38ae68ad05 5 0 53.8
6306092d73426c38ae68ad05 5 0 66.2
6306092d73426c38ae68ad05 5 0 73.19999999999997
6306092d73426c38ae68ad05 5 0 77.79999999999998
6306092d73426c38ae68ad05 5 0 81.0
6306092d73426c38ae68ad06 5 0 53.8
6306092d73426c38ae68ad06 5 0 66.2
6306092d73426c38ae68ad06 5 0 73.19999999999997
6306092d73426c38ae68ad06 5 0 77.79999999999998
6306092d73426c38ae68ad06 5 0 81.0
6306092d73426c38ae68ad07 5 0 53.8
6306092d73426c38ae68ad07 5 0 66.2
6306092d73426c38ae68ad07 5 0 73.19999999999997
6306092d73426c38ae68ad07 5 0 77.79999999999998
6306092d73426c38ae68ad07 5 0 81.0
6306092d73426c38ae68ad08 5 5 54.8
6306092d73426c38ae68ad08 5 5 67.2
6306092d73426c38ae68ad08 5 5 74.19999999999997
6306092d73426c38ae68ad08 5 5 78.79999999999998
6306092d73426c38ae68ad08 5 5 82.0
6306092e73426c38ae68ad09 5 0 54.8
6306092e73426c38ae68ad09 5 0 67.2
6306092e73426c38ae68ad09 5 0 74.19999999999997
6306092e73426c38ae68ad09 5 0 78.79999999999998
6306092e73426c38ae68ad09 5 0 82.0
6306092e73426c38ae68ad0a 5 0 54.8
6306092e73426c38ae68ad0a 5 0 67.2
6306092e73426c38ae68ad0a 5 0 74.19999999999997
6306092e73426c38ae68ad0a 5 0 78.79999999999998
6306092e73426c38ae68ad0a 5 0 82.0
6306092e73426c38ae68ad0b 5 0 54.8
6306092e73426c38ae68ad0b 5 0 67.2
6306092e73426c38ae68ad0b 5 0 74.19999999999997
6306092e73426c38ae68ad0b 5 0 78.79999999999998
6306092e73426c38ae68ad0b 5 0 82.0
6306092e73426c38ae68ad0d 5 0 54.8
6306092e73426c38ae68ad0d 5 0 67.2
6306092e73426c38ae68ad0d 5 0 74.19999999999997
6306092e73426c38ae68ad0d 5 0 78.79999999999998
6306092e73426c38ae68ad0d 5 0 82.0
6306092e73426c38ae68ad0f 5 0 54.8
6306092e73426c38ae68ad0f 5 0 67.2
6306092e73426c38ae68ad0f 5 0 74.19999999999997
6306092e73426c38ae68ad0f 5 0 78.79999999999998
6306092e73426c38ae68ad0f 5 0 82.0
6306092e73426c38ae68ad11 5 0 54.8
6306092e73426c38ae68ad11 5 0 67.2
6306092e73426c38ae68ad11 5 0 74.19999999999997
6306092e73426c38ae68ad11 5 0 78.79999999999998
6306092e73426c38ae68ad11 5 0 82.0
6306092f73426c38ae68ad13 5 0 54.8
6306092f73426c38ae68ad13 5 0 67.2
6306092f73426c38ae68ad13 5 0 74.19999999999997
6306092f73426c38ae68ad13 5 0 78.79999999999998
6306092f73426c38ae68ad13 5 0 82.0
6306093273426c38ae68ad15 5 0 54.8
6306093273426c38ae68ad15 5 0 67.2
6306093273426c38ae68ad15 5 0 74.19999999999997
6306093273426c38ae68ad15 5 0 78.79999999999998
6306093273426c38ae68ad15 5 0 82.0
63060ada73426c38ae68ad31 5 2 55.199999999999996
63060ada73426c38ae68ad31 5 2 67.9
63060ada73426c38ae68ad31 5 2 75.09999999999998
63060ada73426c38ae68ad31 5 2 79.79999999999998
63060ada73426c38ae68ad31 5 2 83.0
63060b1a73426c38ae68ad3e 5 0 55.199999999999996
63060b1a73426c38ae68ad3e 5 0 67.9
63060b1a73426c38ae68ad3e 5 0 75.09999999999998
63060b1a73426c38ae68ad3e 5 0 79.79999999999998
63060b1a73426c38ae68ad3e 5 0 83.0
63060b1b73426c38ae68ad42 5 0 55.199999999999996
63060b1b73426c38ae68ad42 5 0 67.9
63060b1b73426c38ae68ad42 5 0 75.09999999999998
63060b1b73426c38ae68ad42 5 0 79.79999999999998
63060b1b73426c38ae68ad42 5 0 83.0
63060b1b73426c38ae68ad43 5 5 56.199999999999996
63060b1b73426c38ae68ad43 5 5 68.9
63060b1b73426c38ae68ad43 5 5 76.09999999999998
63060b1b73426c38ae68ad43 5 5 80.79999999999998
63060b1b73426c38ae68ad43 5 5 84.0
62ece4982e6aefcf4aabbd64 5 0 56.199999999999996
62ece4982e6aefcf4aabbd64 5 0 68.9
62ece4982e6aefcf4aabbd64 5 0 76.09999999999998
62ece4982e6aefcf4aabbd64 5 0 80.79999999999998
62ece4982e6aefcf4aabbd64 5 0 84.0
230 230
[56.199999999999996, 68.9, 76.09999999999998, 80.79999999999998, 84.0]
0.24434782608695652
 24.43%
0.2995652173913044
 29.96%
0.3308695652173912
 33.09%
0.3513043478260869
 35.13%
0.3652173913043478
 36.52%
finish_overall
plib_runnable	21

  28.57%	
  35.24%	
  37.62%	
  38.10%	
  38.10%	


project_runnable	23

  13.91%	
  14.78%	
  15.65%	
  16.52%	
  17.39%	


class_runnable	55

  14.91%	
  20.73%	
  24.36%	
  26.91%	
  29.09%	


self_contained	35

  54.86%	
  59.43%	
  62.00%	
  64.00%	
  65.71%	


file_runnable	68

  18.24%	
  25.15%	
  28.82%	
  31.18%	
  32.35%	


slib_runnable	28

  25.71%	
  31.43%	
  35.36%	
  37.86%	
  39.29%	


230
0
