62e60f43d76274f8a4026e28 5 0 0.0
62e60f43d76274f8a4026e28 5 0 0.0
62e60f43d76274f8a4026e28 5 0 0.0
62e60f43d76274f8a4026e28 5 0 0.0
62e60f43d76274f8a4026e28 5 0 0.0
62e60f3bd76274f8a4026e10 5 0 0.0
62e60f3bd76274f8a4026e10 5 0 0.0
62e60f3bd76274f8a4026e10 5 0 0.0
62e60f3bd76274f8a4026e10 5 0 0.0
62e60f3bd76274f8a4026e10 5 0 0.0
62e60f37d76274f8a4026dfd 5 0 0.0
62e60f37d76274f8a4026dfd 5 0 0.0
62e60f37d76274f8a4026dfd 5 0 0.0
62e60f37d76274f8a4026dfd 5 0 0.0
62e60f37d76274f8a4026dfd 5 0 0.0
62e60f33d76274f8a4026de9 5 0 0.0
62e60f33d76274f8a4026de9 5 0 0.0
62e60f33d76274f8a4026de9 5 0 0.0
62e60f33d76274f8a4026de9 5 0 0.0
62e60f33d76274f8a4026de9 5 0 0.0
62e60ed4d76274f8a4026da0 5 5 1.0
62e60ed4d76274f8a4026da0 5 5 1.0
62e60ed4d76274f8a4026da0 5 5 1.0
62e60ed4d76274f8a4026da0 5 5 1.0
62e60ed4d76274f8a4026da0 5 5 1.0
62e60ecfd76274f8a4026d6a 5 0 1.0
62e60ecfd76274f8a4026d6a 5 0 1.0
62e60ecfd76274f8a4026d6a 5 0 1.0
62e60ecfd76274f8a4026d6a 5 0 1.0
62e60ecfd76274f8a4026d6a 5 0 1.0
62e60e49d76274f8a4026d25 5 3 1.6
62e60e49d76274f8a4026d25 5 3 1.9
62e60e49d76274f8a4026d25 5 3 2.0
62e60e49d76274f8a4026d25 5 3 2.0
62e60e49d76274f8a4026d25 5 3 2.0
62e60e05d76274f8a4026cfd 5 0 1.6
62e60e05d76274f8a4026cfd 5 0 1.9
62e60e05d76274f8a4026cfd 5 0 2.0
62e60e05d76274f8a4026cfd 5 0 2.0
62e60e05d76274f8a4026cfd 5 0 2.0
62e60da4d76274f8a4026cf1 5 2 2.0
62e60da4d76274f8a4026cf1 5 2 2.5999999999999996
62e60da4d76274f8a4026cf1 5 2 2.9
62e60da4d76274f8a4026cf1 5 2 3.0
62e60da4d76274f8a4026cf1 5 2 3.0
62e60b10d76274f8a4026ccd 5 2 2.4
62e60b10d76274f8a4026ccd 5 2 3.3
62e60b10d76274f8a4026ccd 5 2 3.8
62e60b10d76274f8a4026ccd 5 2 4.0
62e60b10d76274f8a4026ccd 5 2 4.0
62e6087bd76274f8a4026bfa 5 0 2.4
62e6087bd76274f8a4026bfa 5 0 3.3
62e6087bd76274f8a4026bfa 5 0 3.8
62e6087bd76274f8a4026bfa 5 0 4.0
62e6087bd76274f8a4026bfa 5 0 4.0
62e6087ad76274f8a4026bf2 5 0 2.4
62e6087ad76274f8a4026bf2 5 0 3.3
62e6087ad76274f8a4026bf2 5 0 3.8
62e6087ad76274f8a4026bf2 5 0 4.0
62e6087ad76274f8a4026bf2 5 0 4.0
62e60879d76274f8a4026bec 5 0 2.4
62e60879d76274f8a4026bec 5 0 3.3
62e60879d76274f8a4026bec 5 0 3.8
62e60879d76274f8a4026bec 5 0 4.0
62e60879d76274f8a4026bec 5 0 4.0
62e60723d76274f8a4026b75 5 5 3.4
62e60723d76274f8a4026b75 5 5 4.3
62e60723d76274f8a4026b75 5 5 4.8
62e60723d76274f8a4026b75 5 5 5.0
62e60723d76274f8a4026b75 5 5 5.0
62e60707d76274f8a4026b69 5 0 3.4
62e60707d76274f8a4026b69 5 0 4.3
62e60707d76274f8a4026b69 5 0 4.8
62e60707d76274f8a4026b69 5 0 5.0
62e60707d76274f8a4026b69 5 0 5.0
62e5dc9ed76274f8a4026b5b 5 4 4.2
62e5dc9ed76274f8a4026b5b 5 4 5.3
62e5dc9ed76274f8a4026b5b 5 4 5.8
62e5dc9ed76274f8a4026b5b 5 4 6.0
62e5dc9ed76274f8a4026b5b 5 4 6.0
62e4fc3c85ea98643089041e 5 0 4.2
62e4fc3c85ea98643089041e 5 0 5.3
62e4fc3c85ea98643089041e 5 0 5.8
62e4fc3c85ea98643089041e 5 0 6.0
62e4fc3c85ea98643089041e 5 0 6.0
62e4fbda85ea986430890405 5 0 4.2
62e4fbda85ea986430890405 5 0 5.3
62e4fbda85ea986430890405 5 0 5.8
62e4fbda85ea986430890405 5 0 6.0
62e4fbda85ea986430890405 5 0 6.0
62e4fbda85ea986430890403 5 0 4.2
62e4fbda85ea986430890403 5 0 5.3
62e4fbda85ea986430890403 5 0 5.8
62e4fbda85ea986430890403 5 0 6.0
62e4fbda85ea986430890403 5 0 6.0
62e4fb6585ea98643089032b 5 5 5.2
62e4fb6585ea98643089032b 5 5 6.3
62e4fb6585ea98643089032b 5 5 6.8
62e4fb6585ea98643089032b 5 5 7.0
62e4fb6585ea98643089032b 5 5 7.0
62e4fb4d85ea9864308902e7 5 0 5.2
62e4fb4d85ea9864308902e7 5 0 6.3
62e4fb4d85ea9864308902e7 5 0 6.8
62e4fb4d85ea9864308902e7 5 0 7.0
62e4fb4d85ea9864308902e7 5 0 7.0
62b8d27a48ba5a41d1c3f4c6 5 2 5.6
62b8d27a48ba5a41d1c3f4c6 5 2 7.0
62b8d27a48ba5a41d1c3f4c6 5 2 7.7
62b8d27a48ba5a41d1c3f4c6 5 2 8.0
62b8d27a48ba5a41d1c3f4c6 5 2 8.0
62b8d24048ba5a41d1c3f49f 5 0 5.6
62b8d24048ba5a41d1c3f49f 5 0 7.0
62b8d24048ba5a41d1c3f49f 5 0 7.7
62b8d24048ba5a41d1c3f49f 5 0 8.0
62b8d24048ba5a41d1c3f49f 5 0 8.0
62b8d23b48ba5a41d1c3f49a 5 0 5.6
62b8d23b48ba5a41d1c3f49a 5 0 7.0
62b8d23b48ba5a41d1c3f49a 5 0 7.7
62b8d23b48ba5a41d1c3f49a 5 0 8.0
62b8d23b48ba5a41d1c3f49a 5 0 8.0
62b8d23948ba5a41d1c3f498 5 0 5.6
62b8d23948ba5a41d1c3f498 5 0 7.0
62b8d23948ba5a41d1c3f498 5 0 7.7
62b8d23948ba5a41d1c3f498 5 0 8.0
62b8d23948ba5a41d1c3f498 5 0 8.0
62b8d23748ba5a41d1c3f496 5 0 5.6
62b8d23748ba5a41d1c3f496 5 0 7.0
62b8d23748ba5a41d1c3f496 5 0 7.7
62b8d23748ba5a41d1c3f496 5 0 8.0
62b8d23748ba5a41d1c3f496 5 0 8.0
62b8d22f48ba5a41d1c3f488 5 4 6.3999999999999995
62b8d22f48ba5a41d1c3f488 5 4 8.0
62b8d22f48ba5a41d1c3f488 5 4 8.7
62b8d22f48ba5a41d1c3f488 5 4 9.0
62b8d22f48ba5a41d1c3f488 5 4 9.0
62b8d22a48ba5a41d1c3f47e 5 5 7.3999999999999995
62b8d22a48ba5a41d1c3f47e 5 5 9.0
62b8d22a48ba5a41d1c3f47e 5 5 9.7
62b8d22a48ba5a41d1c3f47e 5 5 10.0
62b8d22a48ba5a41d1c3f47e 5 5 10.0
62b8d22948ba5a41d1c3f47c 5 5 8.399999999999999
62b8d22948ba5a41d1c3f47c 5 5 10.0
62b8d22948ba5a41d1c3f47c 5 5 10.7
62b8d22948ba5a41d1c3f47c 5 5 11.0
62b8d22948ba5a41d1c3f47c 5 5 11.0
62b8d22548ba5a41d1c3f472 5 0 8.399999999999999
62b8d22548ba5a41d1c3f472 5 0 10.0
62b8d22548ba5a41d1c3f472 5 0 10.7
62b8d22548ba5a41d1c3f472 5 0 11.0
62b8d22548ba5a41d1c3f472 5 0 11.0
62b8c517e0d34b282c18122e 5 0 8.399999999999999
62b8c517e0d34b282c18122e 5 0 10.0
62b8c517e0d34b282c18122e 5 0 10.7
62b8c517e0d34b282c18122e 5 0 11.0
62b8c517e0d34b282c18122e 5 0 11.0
62b8bbbfe0d34b282c181210 5 3 8.999999999999998
62b8bbbfe0d34b282c181210 5 3 10.9
62b8bbbfe0d34b282c181210 5 3 11.7
62b8bbbfe0d34b282c181210 5 3 12.0
62b8bbbfe0d34b282c181210 5 3 12.0
62b8bbbfe0d34b282c18120f 5 1 9.199999999999998
62b8bbbfe0d34b282c18120f 5 1 11.3
62b8bbbfe0d34b282c18120f 5 1 12.299999999999999
62b8bbbfe0d34b282c18120f 5 1 12.8
62b8bbbfe0d34b282c18120f 5 1 13.0
62b8bbbce0d34b282c18120d 5 2 9.599999999999998
62b8bbbce0d34b282c18120d 5 2 12.0
62b8bbbce0d34b282c18120d 5 2 13.2
62b8bbbce0d34b282c18120d 5 2 13.8
62b8bbbce0d34b282c18120d 5 2 14.0
62b8b99de0d34b282c1811f8 5 0 9.599999999999998
62b8b99de0d34b282c1811f8 5 0 12.0
62b8b99de0d34b282c1811f8 5 0 13.2
62b8b99de0d34b282c1811f8 5 0 13.8
62b8b99de0d34b282c1811f8 5 0 14.0
62b8b59feb7e40a82d2d1291 5 0 9.599999999999998
62b8b59feb7e40a82d2d1291 5 0 12.0
62b8b59feb7e40a82d2d1291 5 0 13.2
62b8b59feb7e40a82d2d1291 5 0 13.8
62b8b59feb7e40a82d2d1291 5 0 14.0
62b8b590eb7e40a82d2d1275 5 0 9.599999999999998
62b8b590eb7e40a82d2d1275 5 0 12.0
62b8b590eb7e40a82d2d1275 5 0 13.2
62b8b590eb7e40a82d2d1275 5 0 13.8
62b8b590eb7e40a82d2d1275 5 0 14.0
62b8b58deb7e40a82d2d1269 5 4 10.399999999999999
62b8b58deb7e40a82d2d1269 5 4 13.0
62b8b58deb7e40a82d2d1269 5 4 14.2
62b8b58deb7e40a82d2d1269 5 4 14.8
62b8b58deb7e40a82d2d1269 5 4 15.0
62b8b559eb7e40a82d2d11f8 5 4 11.2
62b8b559eb7e40a82d2d11f8 5 4 14.0
62b8b559eb7e40a82d2d11f8 5 4 15.2
62b8b559eb7e40a82d2d11f8 5 4 15.8
62b8b559eb7e40a82d2d11f8 5 4 16.0
62b8b4b9eb7e40a82d2d1134 5 0 11.2
62b8b4b9eb7e40a82d2d1134 5 0 14.0
62b8b4b9eb7e40a82d2d1134 5 0 15.2
62b8b4b9eb7e40a82d2d1134 5 0 15.8
62b8b4b9eb7e40a82d2d1134 5 0 16.0
62b8b416eb7e40a82d2d1129 5 0 11.2
62b8b416eb7e40a82d2d1129 5 0 14.0
62b8b416eb7e40a82d2d1129 5 0 15.2
62b8b416eb7e40a82d2d1129 5 0 15.8
62b8b416eb7e40a82d2d1129 5 0 16.0
62b8b3d6eb7e40a82d2d111c 5 2 11.6
62b8b3d6eb7e40a82d2d111c 5 2 14.7
62b8b3d6eb7e40a82d2d111c 5 2 16.099999999999998
62b8b3d6eb7e40a82d2d111c 5 2 16.8
62b8b3d6eb7e40a82d2d111c 5 2 17.0
62b8b3d5eb7e40a82d2d1110 5 0 11.6
62b8b3d5eb7e40a82d2d1110 5 0 14.7
62b8b3d5eb7e40a82d2d1110 5 0 16.099999999999998
62b8b3d5eb7e40a82d2d1110 5 0 16.8
62b8b3d5eb7e40a82d2d1110 5 0 17.0
62b8b3d4eb7e40a82d2d110f 5 5 12.6
62b8b3d4eb7e40a82d2d110f 5 5 15.7
62b8b3d4eb7e40a82d2d110f 5 5 17.099999999999998
62b8b3d4eb7e40a82d2d110f 5 5 17.8
62b8b3d4eb7e40a82d2d110f 5 5 18.0
62b8b3d4eb7e40a82d2d110e 5 3 13.2
62b8b3d4eb7e40a82d2d110e 5 3 16.599999999999998
62b8b3d4eb7e40a82d2d110e 5 3 18.099999999999998
62b8b3d4eb7e40a82d2d110e 5 3 18.8
62b8b3d4eb7e40a82d2d110e 5 3 19.0
62b8b3d4eb7e40a82d2d110d 5 2 13.6
62b8b3d4eb7e40a82d2d110d 5 2 17.299999999999997
62b8b3d4eb7e40a82d2d110d 5 2 18.999999999999996
62b8b3d4eb7e40a82d2d110d 5 2 19.8
62b8b3d4eb7e40a82d2d110d 5 2 20.0
62b87b989a0c4fa8b80b35ee 5 0 13.6
62b87b989a0c4fa8b80b35ee 5 0 17.299999999999997
62b87b989a0c4fa8b80b35ee 5 0 18.999999999999996
62b87b989a0c4fa8b80b35ee 5 0 19.8
62b87b989a0c4fa8b80b35ee 5 0 20.0
62b87b859a0c4fa8b80b35d7 5 0 13.6
62b87b859a0c4fa8b80b35d7 5 0 17.299999999999997
62b87b859a0c4fa8b80b35d7 5 0 18.999999999999996
62b87b859a0c4fa8b80b35d7 5 0 19.8
62b87b859a0c4fa8b80b35d7 5 0 20.0
62b87b839a0c4fa8b80b35cb 5 0 13.6
62b87b839a0c4fa8b80b35cb 5 0 17.299999999999997
62b87b839a0c4fa8b80b35cb 5 0 18.999999999999996
62b87b839a0c4fa8b80b35cb 5 0 19.8
62b87b839a0c4fa8b80b35cb 5 0 20.0
62b87b7e9a0c4fa8b80b35bc 5 0 13.6
62b87b7e9a0c4fa8b80b35bc 5 0 17.299999999999997
62b87b7e9a0c4fa8b80b35bc 5 0 18.999999999999996
62b87b7e9a0c4fa8b80b35bc 5 0 19.8
62b87b7e9a0c4fa8b80b35bc 5 0 20.0
62b87b4f9a0c4fa8b80b3580 5 0 13.6
62b87b4f9a0c4fa8b80b3580 5 0 17.299999999999997
62b87b4f9a0c4fa8b80b3580 5 0 18.999999999999996
62b87b4f9a0c4fa8b80b3580 5 0 19.8
62b87b4f9a0c4fa8b80b3580 5 0 20.0
62b87b199a0c4fa8b80b354e 5 4 14.4
62b87b199a0c4fa8b80b354e 5 4 18.299999999999997
62b87b199a0c4fa8b80b354e 5 4 19.999999999999996
62b87b199a0c4fa8b80b354e 5 4 20.8
62b87b199a0c4fa8b80b354e 5 4 21.0
62b87b099a0c4fa8b80b3538 5 5 15.4
62b87b099a0c4fa8b80b3538 5 5 19.299999999999997
62b87b099a0c4fa8b80b3538 5 5 20.999999999999996
62b87b099a0c4fa8b80b3538 5 5 21.8
62b87b099a0c4fa8b80b3538 5 5 22.0
62b87af99a0c4fa8b80b3524 5 5 16.4
62b87af99a0c4fa8b80b3524 5 5 20.299999999999997
62b87af99a0c4fa8b80b3524 5 5 21.999999999999996
62b87af99a0c4fa8b80b3524 5 5 22.8
62b87af99a0c4fa8b80b3524 5 5 23.0
62b87af69a0c4fa8b80b351a 5 5 17.4
62b87af69a0c4fa8b80b351a 5 5 21.299999999999997
62b87af69a0c4fa8b80b351a 5 5 22.999999999999996
62b87af69a0c4fa8b80b351a 5 5 23.8
62b87af69a0c4fa8b80b351a 5 5 24.0
62b87af19a0c4fa8b80b34f7 5 0 17.4
62b87af19a0c4fa8b80b34f7 5 0 21.299999999999997
62b87af19a0c4fa8b80b34f7 5 0 22.999999999999996
62b87af19a0c4fa8b80b34f7 5 0 23.8
62b87af19a0c4fa8b80b34f7 5 0 24.0
62b87af09a0c4fa8b80b34f1 5 0 17.4
62b87af09a0c4fa8b80b34f1 5 0 21.299999999999997
62b87af09a0c4fa8b80b34f1 5 0 22.999999999999996
62b87af09a0c4fa8b80b34f1 5 0 23.8
62b87af09a0c4fa8b80b34f1 5 0 24.0
62b86aa3b4d922cb0e688d36 5 0 17.4
62b86aa3b4d922cb0e688d36 5 0 21.299999999999997
62b86aa3b4d922cb0e688d36 5 0 22.999999999999996
62b86aa3b4d922cb0e688d36 5 0 23.8
62b86aa3b4d922cb0e688d36 5 0 24.0
62b86a9eb4d922cb0e688d25 5 0 17.4
62b86a9eb4d922cb0e688d25 5 0 21.299999999999997
62b86a9eb4d922cb0e688d25 5 0 22.999999999999996
62b86a9eb4d922cb0e688d25 5 0 23.8
62b86a9eb4d922cb0e688d25 5 0 24.0
62b86a4fb4d922cb0e688cf8 5 0 17.4
62b86a4fb4d922cb0e688cf8 5 0 21.299999999999997
62b86a4fb4d922cb0e688cf8 5 0 22.999999999999996
62b86a4fb4d922cb0e688cf8 5 0 23.8
62b86a4fb4d922cb0e688cf8 5 0 24.0
62b86a4fb4d922cb0e688cf7 5 0 17.4
62b86a4fb4d922cb0e688cf7 5 0 21.299999999999997
62b86a4fb4d922cb0e688cf7 5 0 22.999999999999996
62b86a4fb4d922cb0e688cf7 5 0 23.8
62b86a4fb4d922cb0e688cf7 5 0 24.0
62b86a01b4d922cb0e688ccc 5 0 17.4
62b86a01b4d922cb0e688ccc 5 0 21.299999999999997
62b86a01b4d922cb0e688ccc 5 0 22.999999999999996
62b86a01b4d922cb0e688ccc 5 0 23.8
62b86a01b4d922cb0e688ccc 5 0 24.0
62b869ebb4d922cb0e688cc6 5 1 17.599999999999998
62b869ebb4d922cb0e688cc6 5 1 21.699999999999996
62b869ebb4d922cb0e688cc6 5 1 23.599999999999998
62b869ebb4d922cb0e688cc6 5 1 24.6
62b869ebb4d922cb0e688cc6 5 1 25.0
62b869eab4d922cb0e688cc5 5 0 17.599999999999998
62b869eab4d922cb0e688cc5 5 0 21.699999999999996
62b869eab4d922cb0e688cc5 5 0 23.599999999999998
62b869eab4d922cb0e688cc5 5 0 24.6
62b869eab4d922cb0e688cc5 5 0 25.0
62b869eab4d922cb0e688cbf 5 3 18.2
62b869eab4d922cb0e688cbf 5 3 22.599999999999994
62b869eab4d922cb0e688cbf 5 3 24.599999999999998
62b869eab4d922cb0e688cbf 5 3 25.6
62b869eab4d922cb0e688cbf 5 3 26.0
62b43427903eeb48555d3ea5 5 0 18.2
62b43427903eeb48555d3ea5 5 0 22.599999999999994
62b43427903eeb48555d3ea5 5 0 24.599999999999998
62b43427903eeb48555d3ea5 5 0 25.6
62b43427903eeb48555d3ea5 5 0 26.0
62b43428903eeb48555d3eaa 5 0 18.2
62b43428903eeb48555d3eaa 5 0 22.599999999999994
62b43428903eeb48555d3eaa 5 0 24.599999999999998
62b43428903eeb48555d3eaa 5 0 25.6
62b43428903eeb48555d3eaa 5 0 26.0
62b45df05108cfac7f2109ce 5 0 18.2
62b45df05108cfac7f2109ce 5 0 22.599999999999994
62b45df05108cfac7f2109ce 5 0 24.599999999999998
62b45df05108cfac7f2109ce 5 0 25.6
62b45df05108cfac7f2109ce 5 0 26.0
62b45df15108cfac7f2109dc 5 0 18.2
62b45df15108cfac7f2109dc 5 0 22.599999999999994
62b45df15108cfac7f2109dc 5 0 24.599999999999998
62b45df15108cfac7f2109dc 5 0 25.6
62b45df15108cfac7f2109dc 5 0 26.0
62b45df15108cfac7f2109dd 5 3 18.8
62b45df15108cfac7f2109dd 5 3 23.499999999999993
62b45df15108cfac7f2109dd 5 3 25.599999999999998
62b45df15108cfac7f2109dd 5 3 26.6
62b45df15108cfac7f2109dd 5 3 27.0
62b45e135108cfac7f2109f4 5 5 19.8
62b45e135108cfac7f2109f4 5 5 24.499999999999993
62b45e135108cfac7f2109f4 5 5 26.599999999999998
62b45e135108cfac7f2109f4 5 5 27.6
62b45e135108cfac7f2109f4 5 5 28.0
62b45e145108cfac7f210a07 5 0 19.8
62b45e145108cfac7f210a07 5 0 24.499999999999993
62b45e145108cfac7f210a07 5 0 26.599999999999998
62b45e145108cfac7f210a07 5 0 27.6
62b45e145108cfac7f210a07 5 0 28.0
62b45e145108cfac7f210a09 5 0 19.8
62b45e145108cfac7f210a09 5 0 24.499999999999993
62b45e145108cfac7f210a09 5 0 26.599999999999998
62b45e145108cfac7f210a09 5 0 27.6
62b45e145108cfac7f210a09 5 0 28.0
62b45e165108cfac7f210a16 5 0 19.8
62b45e165108cfac7f210a16 5 0 24.499999999999993
62b45e165108cfac7f210a16 5 0 26.599999999999998
62b45e165108cfac7f210a16 5 0 27.6
62b45e165108cfac7f210a16 5 0 28.0
62b45e165108cfac7f210a17 5 0 19.8
62b45e165108cfac7f210a17 5 0 24.499999999999993
62b45e165108cfac7f210a17 5 0 26.599999999999998
62b45e165108cfac7f210a17 5 0 27.6
62b45e165108cfac7f210a17 5 0 28.0
62b45e175108cfac7f210a19 5 0 19.8
62b45e175108cfac7f210a19 5 0 24.499999999999993
62b45e175108cfac7f210a19 5 0 26.599999999999998
62b45e175108cfac7f210a19 5 0 27.6
62b45e175108cfac7f210a19 5 0 28.0
62b463153879012d19481498 5 0 19.8
62b463153879012d19481498 5 0 24.499999999999993
62b463153879012d19481498 5 0 26.599999999999998
62b463153879012d19481498 5 0 27.6
62b463153879012d19481498 5 0 28.0
62b463153879012d1948149a 5 0 19.8
62b463153879012d1948149a 5 0 24.499999999999993
62b463153879012d1948149a 5 0 26.599999999999998
62b463153879012d1948149a 5 0 27.6
62b463153879012d1948149a 5 0 28.0
62b463153879012d1948149b 5 0 19.8
62b463153879012d1948149b 5 0 24.499999999999993
62b463153879012d1948149b 5 0 26.599999999999998
62b463153879012d1948149b 5 0 27.6
62b463153879012d1948149b 5 0 28.0
62b463153879012d1948149c 5 5 20.8
62b463153879012d1948149c 5 5 25.499999999999993
62b463153879012d1948149c 5 5 27.599999999999998
62b463153879012d1948149c 5 5 28.6
62b463153879012d1948149c 5 5 29.0
62b463153879012d1948149d 5 0 20.8
62b463153879012d1948149d 5 0 25.499999999999993
62b463153879012d1948149d 5 0 27.599999999999998
62b463153879012d1948149d 5 0 28.6
62b463153879012d1948149d 5 0 29.0
62b463153879012d1948149f 5 0 20.8
62b463153879012d1948149f 5 0 25.499999999999993
62b463153879012d1948149f 5 0 27.599999999999998
62b463153879012d1948149f 5 0 28.6
62b463153879012d1948149f 5 0 29.0
62b463153879012d194814a1 5 3 21.400000000000002
62b463153879012d194814a1 5 3 26.39999999999999
62b463153879012d194814a1 5 3 28.599999999999998
62b463153879012d194814a1 5 3 29.6
62b463153879012d194814a1 5 3 30.0
62b463163879012d194814a2 5 2 21.8
62b463163879012d194814a2 5 2 27.09999999999999
62b463163879012d194814a2 5 2 29.499999999999996
62b463163879012d194814a2 5 2 30.6
62b463163879012d194814a2 5 2 31.0
62b463163879012d194814a4 5 2 22.2
62b463163879012d194814a4 5 2 27.79999999999999
62b463163879012d194814a4 5 2 30.399999999999995
62b463163879012d194814a4 5 2 31.6
62b463163879012d194814a4 5 2 32.0
62b463163879012d194814a6 5 4 23.0
62b463163879012d194814a6 5 4 28.79999999999999
62b463163879012d194814a6 5 4 31.399999999999995
62b463163879012d194814a6 5 4 32.6
62b463163879012d194814a6 5 4 33.0
62b4631b3879012d194814dd 5 0 23.0
62b4631b3879012d194814dd 5 0 28.79999999999999
62b4631b3879012d194814dd 5 0 31.399999999999995
62b4631b3879012d194814dd 5 0 32.6
62b4631b3879012d194814dd 5 0 33.0
62b463283879012d1948153d 5 5 24.0
62b463283879012d1948153d 5 5 29.79999999999999
62b463283879012d1948153d 5 5 32.39999999999999
62b463283879012d1948153d 5 5 33.6
62b463283879012d1948153d 5 5 34.0
62b463303879012d19481579 5 0 24.0
62b463303879012d19481579 5 0 29.79999999999999
62b463303879012d19481579 5 0 32.39999999999999
62b463303879012d19481579 5 0 33.6
62b463303879012d19481579 5 0 34.0
62b46740d2f69a53b466171a 5 2 24.4
62b46740d2f69a53b466171a 5 2 30.49999999999999
62b46740d2f69a53b466171a 5 2 33.29999999999999
62b46740d2f69a53b466171a 5 2 34.6
62b46740d2f69a53b466171a 5 2 35.0
62b46746d2f69a53b4661722 5 0 24.4
62b46746d2f69a53b4661722 5 0 30.49999999999999
62b46746d2f69a53b4661722 5 0 33.29999999999999
62b46746d2f69a53b4661722 5 0 34.6
62b46746d2f69a53b4661722 5 0 35.0
62b86707b4d922cb0e688c2a 5 3 25.0
62b86707b4d922cb0e688c2a 5 3 31.399999999999988
62b86707b4d922cb0e688c2a 5 3 34.29999999999999
62b86707b4d922cb0e688c2a 5 3 35.6
62b86707b4d922cb0e688c2a 5 3 36.0
62b86729b4d922cb0e688c2f 5 0 25.0
62b86729b4d922cb0e688c2f 5 0 31.399999999999988
62b86729b4d922cb0e688c2f 5 0 34.29999999999999
62b86729b4d922cb0e688c2f 5 0 35.6
62b86729b4d922cb0e688c2f 5 0 36.0
62b8a4a4755ee91dce50a3d2 5 0 25.0
62b8a4a4755ee91dce50a3d2 5 0 31.399999999999988
62b8a4a4755ee91dce50a3d2 5 0 34.29999999999999
62b8a4a4755ee91dce50a3d2 5 0 35.6
62b8a4a4755ee91dce50a3d2 5 0 36.0
62b8982f755ee91dce50a241 5 1 25.2
62b8982f755ee91dce50a241 5 1 31.799999999999986
62b8982f755ee91dce50a241 5 1 34.89999999999999
62b8982f755ee91dce50a241 5 1 36.4
62b8982f755ee91dce50a241 5 1 37.0
62b89640755ee91dce50a114 5 2 25.599999999999998
62b89640755ee91dce50a114 5 2 32.499999999999986
62b89640755ee91dce50a114 5 2 35.79999999999999
62b89640755ee91dce50a114 5 2 37.4
62b89640755ee91dce50a114 5 2 38.0
62b87d24d292efb640a55670 5 0 25.599999999999998
62b87d24d292efb640a55670 5 0 32.499999999999986
62b87d24d292efb640a55670 5 0 35.79999999999999
62b87d24d292efb640a55670 5 0 37.4
62b87d24d292efb640a55670 5 0 38.0
62b87d24d292efb640a5566f 5 0 25.599999999999998
62b87d24d292efb640a5566f 5 0 32.499999999999986
62b87d24d292efb640a5566f 5 0 35.79999999999999
62b87d24d292efb640a5566f 5 0 37.4
62b87d24d292efb640a5566f 5 0 38.0
62b87d24d292efb640a5566d 5 0 25.599999999999998
62b87d24d292efb640a5566d 5 0 32.499999999999986
62b87d24d292efb640a5566d 5 0 35.79999999999999
62b87d24d292efb640a5566d 5 0 37.4
62b87d24d292efb640a5566d 5 0 38.0
62b87d23d292efb640a5566b 5 0 25.599999999999998
62b87d23d292efb640a5566b 5 0 32.499999999999986
62b87d23d292efb640a5566b 5 0 35.79999999999999
62b87d23d292efb640a5566b 5 0 37.4
62b87d23d292efb640a5566b 5 0 38.0
62b87d23d292efb640a55668 5 0 25.599999999999998
62b87d23d292efb640a55668 5 0 32.499999999999986
62b87d23d292efb640a55668 5 0 35.79999999999999
62b87d23d292efb640a55668 5 0 37.4
62b87d23d292efb640a55668 5 0 38.0
62b87d23d292efb640a55667 5 0 25.599999999999998
62b87d23d292efb640a55667 5 0 32.499999999999986
62b87d23d292efb640a55667 5 0 35.79999999999999
62b87d23d292efb640a55667 5 0 37.4
62b87d23d292efb640a55667 5 0 38.0
62b45e945108cfac7f210a4a 5 0 25.599999999999998
62b45e945108cfac7f210a4a 5 0 32.499999999999986
62b45e945108cfac7f210a4a 5 0 35.79999999999999
62b45e945108cfac7f210a4a 5 0 37.4
62b45e945108cfac7f210a4a 5 0 38.0
62b45e515108cfac7f210a3c 5 0 25.599999999999998
62b45e515108cfac7f210a3c 5 0 32.499999999999986
62b45e515108cfac7f210a3c 5 0 35.79999999999999
62b45e515108cfac7f210a3c 5 0 37.4
62b45e515108cfac7f210a3c 5 0 38.0
62b45e2eb89c9fd354170232 5 0 25.599999999999998
62b45e2eb89c9fd354170232 5 0 32.499999999999986
62b45e2eb89c9fd354170232 5 0 35.79999999999999
62b45e2eb89c9fd354170232 5 0 37.4
62b45e2eb89c9fd354170232 5 0 38.0
62b45e23e0d4551b0392c90a 5 0 25.599999999999998
62b45e23e0d4551b0392c90a 5 0 32.499999999999986
62b45e23e0d4551b0392c90a 5 0 35.79999999999999
62b45e23e0d4551b0392c90a 5 0 37.4
62b45e23e0d4551b0392c90a 5 0 38.0
62b45e21e0d4551b0392c8ed 5 0 25.599999999999998
62b45e21e0d4551b0392c8ed 5 0 32.499999999999986
62b45e21e0d4551b0392c8ed 5 0 35.79999999999999
62b45e21e0d4551b0392c8ed 5 0 37.4
62b45e21e0d4551b0392c8ed 5 0 38.0
62b45b396decaeff903e1001 5 0 25.599999999999998
62b45b396decaeff903e1001 5 0 32.499999999999986
62b45b396decaeff903e1001 5 0 35.79999999999999
62b45b396decaeff903e1001 5 0 37.4
62b45b396decaeff903e1001 5 0 38.0
62b4567ed7d32e5b55cc83d9 5 0 25.599999999999998
62b4567ed7d32e5b55cc83d9 5 0 32.499999999999986
62b4567ed7d32e5b55cc83d9 5 0 35.79999999999999
62b4567ed7d32e5b55cc83d9 5 0 37.4
62b4567ed7d32e5b55cc83d9 5 0 38.0
62b4567ad7d32e5b55cc83af 5 0 25.599999999999998
62b4567ad7d32e5b55cc83af 5 0 32.499999999999986
62b4567ad7d32e5b55cc83af 5 0 35.79999999999999
62b4567ad7d32e5b55cc83af 5 0 37.4
62b4567ad7d32e5b55cc83af 5 0 38.0
62b45679d7d32e5b55cc83a9 5 4 26.4
62b45679d7d32e5b55cc83a9 5 4 33.499999999999986
62b45679d7d32e5b55cc83a9 5 4 36.79999999999999
62b45679d7d32e5b55cc83a9 5 4 38.4
62b45679d7d32e5b55cc83a9 5 4 39.0
62b45665d7d32e5b55cc8365 5 0 26.4
62b45665d7d32e5b55cc8365 5 0 33.499999999999986
62b45665d7d32e5b55cc8365 5 0 36.79999999999999
62b45665d7d32e5b55cc8365 5 0 38.4
62b45665d7d32e5b55cc8365 5 0 39.0
62b45665d7d32e5b55cc8364 5 0 26.4
62b45665d7d32e5b55cc8364 5 0 33.499999999999986
62b45665d7d32e5b55cc8364 5 0 36.79999999999999
62b45665d7d32e5b55cc8364 5 0 38.4
62b45665d7d32e5b55cc8364 5 0 39.0
62b45665d7d32e5b55cc8363 5 0 26.4
62b45665d7d32e5b55cc8363 5 0 33.499999999999986
62b45665d7d32e5b55cc8363 5 0 36.79999999999999
62b45665d7d32e5b55cc8363 5 0 38.4
62b45665d7d32e5b55cc8363 5 0 39.0
62b438ba66fea644fe22cca2 5 0 26.4
62b438ba66fea644fe22cca2 5 0 33.499999999999986
62b438ba66fea644fe22cca2 5 0 36.79999999999999
62b438ba66fea644fe22cca2 5 0 38.4
62b438ba66fea644fe22cca2 5 0 39.0
62b438b666fea644fe22cc78 5 0 26.4
62b438b666fea644fe22cc78 5 0 33.499999999999986
62b438b666fea644fe22cc78 5 0 36.79999999999999
62b438b666fea644fe22cc78 5 0 38.4
62b438b666fea644fe22cc78 5 0 39.0
62b438b666fea644fe22cc72 5 4 27.2
62b438b666fea644fe22cc72 5 4 34.499999999999986
62b438b666fea644fe22cc72 5 4 37.79999999999999
62b438b666fea644fe22cc72 5 4 39.4
62b438b666fea644fe22cc72 5 4 40.0
62b438b566fea644fe22cc70 5 0 27.2
62b438b566fea644fe22cc70 5 0 34.499999999999986
62b438b566fea644fe22cc70 5 0 37.79999999999999
62b438b566fea644fe22cc70 5 0 39.4
62b438b566fea644fe22cc70 5 0 40.0
62b438a266fea644fe22cc2e 5 0 27.2
62b438a266fea644fe22cc2e 5 0 34.499999999999986
62b438a266fea644fe22cc2e 5 0 37.79999999999999
62b438a266fea644fe22cc2e 5 0 39.4
62b438a266fea644fe22cc2e 5 0 40.0
62b438a266fea644fe22cc2d 5 0 27.2
62b438a266fea644fe22cc2d 5 0 34.499999999999986
62b438a266fea644fe22cc2d 5 0 37.79999999999999
62b438a266fea644fe22cc2d 5 0 39.4
62b438a266fea644fe22cc2d 5 0 40.0
62b438a266fea644fe22cc2c 5 4 28.0
62b438a266fea644fe22cc2c 5 4 35.499999999999986
62b438a266fea644fe22cc2c 5 4 38.79999999999999
62b438a266fea644fe22cc2c 5 4 40.4
62b438a266fea644fe22cc2c 5 4 41.0
62ece4982e6aefcf4aabbd5f 5 5 29.0
62ece4982e6aefcf4aabbd5f 5 5 36.499999999999986
62ece4982e6aefcf4aabbd5f 5 5 39.79999999999999
62ece4982e6aefcf4aabbd5f 5 5 41.4
62ece4982e6aefcf4aabbd5f 5 5 42.0
62ece4982e6aefcf4aabbd60 5 4 29.8
62ece4982e6aefcf4aabbd60 5 4 37.499999999999986
62ece4982e6aefcf4aabbd60 5 4 40.79999999999999
62ece4982e6aefcf4aabbd60 5 4 42.4
62ece4982e6aefcf4aabbd60 5 4 43.0
62ece4982e6aefcf4aabbd61 5 5 30.8
62ece4982e6aefcf4aabbd61 5 5 38.499999999999986
62ece4982e6aefcf4aabbd61 5 5 41.79999999999999
62ece4982e6aefcf4aabbd61 5 5 43.4
62ece4982e6aefcf4aabbd61 5 5 44.0
62ece4982e6aefcf4aabbd62 5 0 30.8
62ece4982e6aefcf4aabbd62 5 0 38.499999999999986
62ece4982e6aefcf4aabbd62 5 0 41.79999999999999
62ece4982e6aefcf4aabbd62 5 0 43.4
62ece4982e6aefcf4aabbd62 5 0 44.0
62ece4982e6aefcf4aabbd63 5 1 31.0
62ece4982e6aefcf4aabbd63 5 1 38.899999999999984
62ece4982e6aefcf4aabbd63 5 1 42.39999999999999
62ece4982e6aefcf4aabbd63 5 1 44.199999999999996
62ece4982e6aefcf4aabbd63 5 1 45.0
62ece4982e6aefcf4aabbd65 5 5 32.0
62ece4982e6aefcf4aabbd65 5 5 39.899999999999984
62ece4982e6aefcf4aabbd65 5 5 43.39999999999999
62ece4982e6aefcf4aabbd65 5 5 45.199999999999996
62ece4982e6aefcf4aabbd65 5 5 46.0
62ece4982e6aefcf4aabbd66 5 0 32.0
62ece4982e6aefcf4aabbd66 5 0 39.899999999999984
62ece4982e6aefcf4aabbd66 5 0 43.39999999999999
62ece4982e6aefcf4aabbd66 5 0 45.199999999999996
62ece4982e6aefcf4aabbd66 5 0 46.0
62ece4982e6aefcf4aabbd67 5 5 33.0
62ece4982e6aefcf4aabbd67 5 5 40.899999999999984
62ece4982e6aefcf4aabbd67 5 5 44.39999999999999
62ece4982e6aefcf4aabbd67 5 5 46.199999999999996
62ece4982e6aefcf4aabbd67 5 5 47.0
62ece4982e6aefcf4aabbd68 5 0 33.0
62ece4982e6aefcf4aabbd68 5 0 40.899999999999984
62ece4982e6aefcf4aabbd68 5 0 44.39999999999999
62ece4982e6aefcf4aabbd68 5 0 46.199999999999996
62ece4982e6aefcf4aabbd68 5 0 47.0
62ece4982e6aefcf4aabbd69 5 0 33.0
62ece4982e6aefcf4aabbd69 5 0 40.899999999999984
62ece4982e6aefcf4aabbd69 5 0 44.39999999999999
62ece4982e6aefcf4aabbd69 5 0 46.199999999999996
62ece4982e6aefcf4aabbd69 5 0 47.0
62ece4982e6aefcf4aabbd6a 5 5 34.0
62ece4982e6aefcf4aabbd6a 5 5 41.899999999999984
62ece4982e6aefcf4aabbd6a 5 5 45.39999999999999
62ece4982e6aefcf4aabbd6a 5 5 47.199999999999996
62ece4982e6aefcf4aabbd6a 5 5 48.0
62ece4982e6aefcf4aabbd6b 5 3 34.6
62ece4982e6aefcf4aabbd6b 5 3 42.79999999999998
62ece4982e6aefcf4aabbd6b 5 3 46.39999999999999
62ece4982e6aefcf4aabbd6b 5 3 48.199999999999996
62ece4982e6aefcf4aabbd6b 5 3 49.0
62ece4982e6aefcf4aabbd6d 5 1 34.800000000000004
62ece4982e6aefcf4aabbd6d 5 1 43.19999999999998
62ece4982e6aefcf4aabbd6d 5 1 46.99999999999999
62ece4982e6aefcf4aabbd6d 5 1 48.99999999999999
62ece4982e6aefcf4aabbd6d 5 1 50.0
62ece4982e6aefcf4aabbd6f 5 0 34.800000000000004
62ece4982e6aefcf4aabbd6f 5 0 43.19999999999998
62ece4982e6aefcf4aabbd6f 5 0 46.99999999999999
62ece4982e6aefcf4aabbd6f 5 0 48.99999999999999
62ece4982e6aefcf4aabbd6f 5 0 50.0
62ece4982e6aefcf4aabbd70 5 5 35.800000000000004
62ece4982e6aefcf4aabbd70 5 5 44.19999999999998
62ece4982e6aefcf4aabbd70 5 5 47.99999999999999
62ece4982e6aefcf4aabbd70 5 5 49.99999999999999
62ece4982e6aefcf4aabbd70 5 5 51.0
62ece4982e6aefcf4aabbd71 5 0 35.800000000000004
62ece4982e6aefcf4aabbd71 5 0 44.19999999999998
62ece4982e6aefcf4aabbd71 5 0 47.99999999999999
62ece4982e6aefcf4aabbd71 5 0 49.99999999999999
62ece4982e6aefcf4aabbd71 5 0 51.0
62ece4982e6aefcf4aabbd72 5 0 35.800000000000004
62ece4982e6aefcf4aabbd72 5 0 44.19999999999998
62ece4982e6aefcf4aabbd72 5 0 47.99999999999999
62ece4982e6aefcf4aabbd72 5 0 49.99999999999999
62ece4982e6aefcf4aabbd72 5 0 51.0
62ece4982e6aefcf4aabbd73 5 1 36.00000000000001
62ece4982e6aefcf4aabbd73 5 1 44.59999999999998
62ece4982e6aefcf4aabbd73 5 1 48.599999999999994
62ece4982e6aefcf4aabbd73 5 1 50.79999999999999
62ece4982e6aefcf4aabbd73 5 1 52.0
62ece4982e6aefcf4aabbd74 5 0 36.00000000000001
62ece4982e6aefcf4aabbd74 5 0 44.59999999999998
62ece4982e6aefcf4aabbd74 5 0 48.599999999999994
62ece4982e6aefcf4aabbd74 5 0 50.79999999999999
62ece4982e6aefcf4aabbd74 5 0 52.0
62ece4982e6aefcf4aabbd75 5 0 36.00000000000001
62ece4982e6aefcf4aabbd75 5 0 44.59999999999998
62ece4982e6aefcf4aabbd75 5 0 48.599999999999994
62ece4982e6aefcf4aabbd75 5 0 50.79999999999999
62ece4982e6aefcf4aabbd75 5 0 52.0
62ece4982e6aefcf4aabbd76 5 0 36.00000000000001
62ece4982e6aefcf4aabbd76 5 0 44.59999999999998
62ece4982e6aefcf4aabbd76 5 0 48.599999999999994
62ece4982e6aefcf4aabbd76 5 0 50.79999999999999
62ece4982e6aefcf4aabbd76 5 0 52.0
62ece4982e6aefcf4aabbd77 5 0 36.00000000000001
62ece4982e6aefcf4aabbd77 5 0 44.59999999999998
62ece4982e6aefcf4aabbd77 5 0 48.599999999999994
62ece4982e6aefcf4aabbd77 5 0 50.79999999999999
62ece4982e6aefcf4aabbd77 5 0 52.0
62ece4992e6aefcf4aabbd78 5 0 36.00000000000001
62ece4992e6aefcf4aabbd78 5 0 44.59999999999998
62ece4992e6aefcf4aabbd78 5 0 48.599999999999994
62ece4992e6aefcf4aabbd78 5 0 50.79999999999999
62ece4992e6aefcf4aabbd78 5 0 52.0
62ece4992e6aefcf4aabbd79 5 0 36.00000000000001
62ece4992e6aefcf4aabbd79 5 0 44.59999999999998
62ece4992e6aefcf4aabbd79 5 0 48.599999999999994
62ece4992e6aefcf4aabbd79 5 0 50.79999999999999
62ece4992e6aefcf4aabbd79 5 0 52.0
62ece4992e6aefcf4aabbd7a 5 5 37.00000000000001
62ece4992e6aefcf4aabbd7a 5 5 45.59999999999998
62ece4992e6aefcf4aabbd7a 5 5 49.599999999999994
62ece4992e6aefcf4aabbd7a 5 5 51.79999999999999
62ece4992e6aefcf4aabbd7a 5 5 53.0
62ece4992e6aefcf4aabbd7b 5 0 37.00000000000001
62ece4992e6aefcf4aabbd7b 5 0 45.59999999999998
62ece4992e6aefcf4aabbd7b 5 0 49.599999999999994
62ece4992e6aefcf4aabbd7b 5 0 51.79999999999999
62ece4992e6aefcf4aabbd7b 5 0 53.0
62ece4992e6aefcf4aabbd7c 5 5 38.00000000000001
62ece4992e6aefcf4aabbd7c 5 5 46.59999999999998
62ece4992e6aefcf4aabbd7c 5 5 50.599999999999994
62ece4992e6aefcf4aabbd7c 5 5 52.79999999999999
62ece4992e6aefcf4aabbd7c 5 5 54.0
62ece4992e6aefcf4aabbd7d 5 5 39.00000000000001
62ece4992e6aefcf4aabbd7d 5 5 47.59999999999998
62ece4992e6aefcf4aabbd7d 5 5 51.599999999999994
62ece4992e6aefcf4aabbd7d 5 5 53.79999999999999
62ece4992e6aefcf4aabbd7d 5 5 55.0
62ece4992e6aefcf4aabbd7e 5 0 39.00000000000001
62ece4992e6aefcf4aabbd7e 5 0 47.59999999999998
62ece4992e6aefcf4aabbd7e 5 0 51.599999999999994
62ece4992e6aefcf4aabbd7e 5 0 53.79999999999999
62ece4992e6aefcf4aabbd7e 5 0 55.0
62ece4992e6aefcf4aabbd7f 5 5 40.00000000000001
62ece4992e6aefcf4aabbd7f 5 5 48.59999999999998
62ece4992e6aefcf4aabbd7f 5 5 52.599999999999994
62ece4992e6aefcf4aabbd7f 5 5 54.79999999999999
62ece4992e6aefcf4aabbd7f 5 5 56.0
62ece4992e6aefcf4aabbd80 5 5 41.00000000000001
62ece4992e6aefcf4aabbd80 5 5 49.59999999999998
62ece4992e6aefcf4aabbd80 5 5 53.599999999999994
62ece4992e6aefcf4aabbd80 5 5 55.79999999999999
62ece4992e6aefcf4aabbd80 5 5 57.0
62ece4992e6aefcf4aabbd82 5 0 41.00000000000001
62ece4992e6aefcf4aabbd82 5 0 49.59999999999998
62ece4992e6aefcf4aabbd82 5 0 53.599999999999994
62ece4992e6aefcf4aabbd82 5 0 55.79999999999999
62ece4992e6aefcf4aabbd82 5 0 57.0
62ece4992e6aefcf4aabbd83 5 0 41.00000000000001
62ece4992e6aefcf4aabbd83 5 0 49.59999999999998
62ece4992e6aefcf4aabbd83 5 0 53.599999999999994
62ece4992e6aefcf4aabbd83 5 0 55.79999999999999
62ece4992e6aefcf4aabbd83 5 0 57.0
62ece4992e6aefcf4aabbd84 5 5 42.00000000000001
62ece4992e6aefcf4aabbd84 5 5 50.59999999999998
62ece4992e6aefcf4aabbd84 5 5 54.599999999999994
62ece4992e6aefcf4aabbd84 5 5 56.79999999999999
62ece4992e6aefcf4aabbd84 5 5 58.0
62ece4992e6aefcf4aabbd85 5 4 42.800000000000004
62ece4992e6aefcf4aabbd85 5 4 51.59999999999998
62ece4992e6aefcf4aabbd85 5 4 55.599999999999994
62ece4992e6aefcf4aabbd85 5 4 57.79999999999999
62ece4992e6aefcf4aabbd85 5 4 59.0
62ece4992e6aefcf4aabbd86 5 1 43.00000000000001
62ece4992e6aefcf4aabbd86 5 1 51.99999999999998
62ece4992e6aefcf4aabbd86 5 1 56.199999999999996
62ece4992e6aefcf4aabbd86 5 1 58.59999999999999
62ece4992e6aefcf4aabbd86 5 1 60.0
62ece4992e6aefcf4aabbd87 5 0 43.00000000000001
62ece4992e6aefcf4aabbd87 5 0 51.99999999999998
62ece4992e6aefcf4aabbd87 5 0 56.199999999999996
62ece4992e6aefcf4aabbd87 5 0 58.59999999999999
62ece4992e6aefcf4aabbd87 5 0 60.0
62ece4992e6aefcf4aabbd88 5 1 43.20000000000001
62ece4992e6aefcf4aabbd88 5 1 52.39999999999998
62ece4992e6aefcf4aabbd88 5 1 56.8
62ece4992e6aefcf4aabbd88 5 1 59.399999999999984
62ece4992e6aefcf4aabbd88 5 1 61.0
62ece4992e6aefcf4aabbd89 5 4 44.00000000000001
62ece4992e6aefcf4aabbd89 5 4 53.39999999999998
62ece4992e6aefcf4aabbd89 5 4 57.8
62ece4992e6aefcf4aabbd89 5 4 60.399999999999984
62ece4992e6aefcf4aabbd89 5 4 62.0
62ece4992e6aefcf4aabbd8a 5 4 44.800000000000004
62ece4992e6aefcf4aabbd8a 5 4 54.39999999999998
62ece4992e6aefcf4aabbd8a 5 4 58.8
62ece4992e6aefcf4aabbd8a 5 4 61.399999999999984
62ece4992e6aefcf4aabbd8a 5 4 63.0
62ece4992e6aefcf4aabbd8b 5 0 44.800000000000004
62ece4992e6aefcf4aabbd8b 5 0 54.39999999999998
62ece4992e6aefcf4aabbd8b 5 0 58.8
62ece4992e6aefcf4aabbd8b 5 0 61.399999999999984
62ece4992e6aefcf4aabbd8b 5 0 63.0
62e60723d76274f8a4026b76 5 1 45.00000000000001
62e60723d76274f8a4026b76 5 1 54.799999999999976
62e60723d76274f8a4026b76 5 1 59.4
62e60723d76274f8a4026b76 5 1 62.19999999999998
62e60723d76274f8a4026b76 5 1 64.0
62e60873d76274f8a4026bd8 5 0 45.00000000000001
62e60873d76274f8a4026bd8 5 0 54.799999999999976
62e60873d76274f8a4026bd8 5 0 59.4
62e60873d76274f8a4026bd8 5 0 62.19999999999998
62e60873d76274f8a4026bd8 5 0 64.0
62e60e3bd76274f8a4026d1a 5 0 45.00000000000001
62e60e3bd76274f8a4026d1a 5 0 54.799999999999976
62e60e3bd76274f8a4026d1a 5 0 59.4
62e60e3bd76274f8a4026d1a 5 0 62.19999999999998
62e60e3bd76274f8a4026d1a 5 0 64.0
62b87b199a0c4fa8b80b354c 5 0 45.00000000000001
62b87b199a0c4fa8b80b354c 5 0 54.799999999999976
62b87b199a0c4fa8b80b354c 5 0 59.4
62b87b199a0c4fa8b80b354c 5 0 62.19999999999998
62b87b199a0c4fa8b80b354c 5 0 64.0
62b87b4f9a0c4fa8b80b3581 5 0 45.00000000000001
62b87b4f9a0c4fa8b80b3581 5 0 54.799999999999976
62b87b4f9a0c4fa8b80b3581 5 0 59.4
62b87b4f9a0c4fa8b80b3581 5 0 62.19999999999998
62b87b4f9a0c4fa8b80b3581 5 0 64.0
62b87b519a0c4fa8b80b3583 5 0 45.00000000000001
62b87b519a0c4fa8b80b3583 5 0 54.799999999999976
62b87b519a0c4fa8b80b3583 5 0 59.4
62b87b519a0c4fa8b80b3583 5 0 62.19999999999998
62b87b519a0c4fa8b80b3583 5 0 64.0
62b87b869a0c4fa8b80b35e1 5 0 45.00000000000001
62b87b869a0c4fa8b80b35e1 5 0 54.799999999999976
62b87b869a0c4fa8b80b35e1 5 0 59.4
62b87b869a0c4fa8b80b35e1 5 0 62.19999999999998
62b87b869a0c4fa8b80b35e1 5 0 64.0
62b8b4baeb7e40a82d2d1136 5 2 45.400000000000006
62b8b4baeb7e40a82d2d1136 5 2 55.49999999999998
62b8b4baeb7e40a82d2d1136 5 2 60.3
62b8b4baeb7e40a82d2d1136 5 2 63.19999999999998
62b8b4baeb7e40a82d2d1136 5 2 65.0
62b8b4baeb7e40a82d2d1137 5 2 45.800000000000004
62b8b4baeb7e40a82d2d1137 5 2 56.19999999999998
62b8b4baeb7e40a82d2d1137 5 2 61.199999999999996
62b8b4baeb7e40a82d2d1137 5 2 64.19999999999999
62b8b4baeb7e40a82d2d1137 5 2 66.0
62b8b4c1eb7e40a82d2d1139 5 4 46.6
62b8b4c1eb7e40a82d2d1139 5 4 57.19999999999998
62b8b4c1eb7e40a82d2d1139 5 4 62.199999999999996
62b8b4c1eb7e40a82d2d1139 5 4 65.19999999999999
62b8b4c1eb7e40a82d2d1139 5 4 67.0
62b8b559eb7e40a82d2d11f6 5 2 47.0
62b8b559eb7e40a82d2d11f6 5 2 57.899999999999984
62b8b559eb7e40a82d2d11f6 5 2 63.099999999999994
62b8b559eb7e40a82d2d11f6 5 2 66.19999999999999
62b8b559eb7e40a82d2d11f6 5 2 68.0
62b8d22a48ba5a41d1c3f47d 5 0 47.0
62b8d22a48ba5a41d1c3f47d 5 0 57.899999999999984
62b8d22a48ba5a41d1c3f47d 5 0 63.099999999999994
62b8d22a48ba5a41d1c3f47d 5 0 66.19999999999999
62b8d22a48ba5a41d1c3f47d 5 0 68.0
62b8d23748ba5a41d1c3f497 5 0 47.0
62b8d23748ba5a41d1c3f497 5 0 57.899999999999984
62b8d23748ba5a41d1c3f497 5 0 63.099999999999994
62b8d23748ba5a41d1c3f497 5 0 66.19999999999999
62b8d23748ba5a41d1c3f497 5 0 68.0
62b8d23a48ba5a41d1c3f499 5 1 47.2
62b8d23a48ba5a41d1c3f499 5 1 58.29999999999998
62b8d23a48ba5a41d1c3f499 5 1 63.699999999999996
62b8d23a48ba5a41d1c3f499 5 1 66.99999999999999
62b8d23a48ba5a41d1c3f499 5 1 69.0
62b8d23c48ba5a41d1c3f49b 5 0 47.2
62b8d23c48ba5a41d1c3f49b 5 0 58.29999999999998
62b8d23c48ba5a41d1c3f49b 5 0 63.699999999999996
62b8d23c48ba5a41d1c3f49b 5 0 66.99999999999999
62b8d23c48ba5a41d1c3f49b 5 0 69.0
62b8d23e48ba5a41d1c3f49e 5 4 48.0
62b8d23e48ba5a41d1c3f49e 5 4 59.29999999999998
62b8d23e48ba5a41d1c3f49e 5 4 64.69999999999999
62b8d23e48ba5a41d1c3f49e 5 4 67.99999999999999
62b8d23e48ba5a41d1c3f49e 5 4 70.0
62b43425903eeb48555d3ea1 5 0 48.0
62b43425903eeb48555d3ea1 5 0 59.29999999999998
62b43425903eeb48555d3ea1 5 0 64.69999999999999
62b43425903eeb48555d3ea1 5 0 67.99999999999999
62b43425903eeb48555d3ea1 5 0 70.0
62b43426903eeb48555d3ea2 5 0 48.0
62b43426903eeb48555d3ea2 5 0 59.29999999999998
62b43426903eeb48555d3ea2 5 0 64.69999999999999
62b43426903eeb48555d3ea2 5 0 67.99999999999999
62b43426903eeb48555d3ea2 5 0 70.0
62b8966c755ee91dce50a154 5 0 48.0
62b8966c755ee91dce50a154 5 0 59.29999999999998
62b8966c755ee91dce50a154 5 0 64.69999999999999
62b8966c755ee91dce50a154 5 0 67.99999999999999
62b8966c755ee91dce50a154 5 0 70.0
62b896de755ee91dce50a183 5 0 48.0
62b896de755ee91dce50a183 5 0 59.29999999999998
62b896de755ee91dce50a183 5 0 64.69999999999999
62b896de755ee91dce50a183 5 0 67.99999999999999
62b896de755ee91dce50a183 5 0 70.0
62b8a4a4755ee91dce50a3d3 5 3 48.6
62b8a4a4755ee91dce50a3d3 5 3 60.19999999999998
62b8a4a4755ee91dce50a3d3 5 3 65.69999999999999
62b8a4a4755ee91dce50a3d3 5 3 68.99999999999999
62b8a4a4755ee91dce50a3d3 5 3 71.0
62b8a7b2755ee91dce50a4a7 5 3 49.2
62b8a7b2755ee91dce50a4a7 5 3 61.09999999999998
62b8a7b2755ee91dce50a4a7 5 3 66.69999999999999
62b8a7b2755ee91dce50a4a7 5 3 69.99999999999999
62b8a7b2755ee91dce50a4a7 5 3 72.0
6305f9991d275c6667163c50 5 5 50.2
6305f9991d275c6667163c50 5 5 62.09999999999998
6305f9991d275c6667163c50 5 5 67.69999999999999
6305f9991d275c6667163c50 5 5 70.99999999999999
6305f9991d275c6667163c50 5 5 73.0
6306292052e177c0ba469f09 5 0 50.2
6306292052e177c0ba469f09 5 0 62.09999999999998
6306292052e177c0ba469f09 5 0 67.69999999999999
6306292052e177c0ba469f09 5 0 70.99999999999999
6306292052e177c0ba469f09 5 0 73.0
6306292152e177c0ba469f0d 5 0 50.2
6306292152e177c0ba469f0d 5 0 62.09999999999998
6306292152e177c0ba469f0d 5 0 67.69999999999999
6306292152e177c0ba469f0d 5 0 70.99999999999999
6306292152e177c0ba469f0d 5 0 73.0
6306292252e177c0ba469f11 5 5 51.2
6306292252e177c0ba469f11 5 5 63.09999999999998
6306292252e177c0ba469f11 5 5 68.69999999999999
6306292252e177c0ba469f11 5 5 71.99999999999999
6306292252e177c0ba469f11 5 5 74.0
6306292352e177c0ba469f1d 5 0 51.2
6306292352e177c0ba469f1d 5 0 63.09999999999998
6306292352e177c0ba469f1d 5 0 68.69999999999999
6306292352e177c0ba469f1d 5 0 71.99999999999999
6306292352e177c0ba469f1d 5 0 74.0
6306292352e177c0ba469f1e 5 0 51.2
6306292352e177c0ba469f1e 5 0 63.09999999999998
6306292352e177c0ba469f1e 5 0 68.69999999999999
6306292352e177c0ba469f1e 5 0 71.99999999999999
6306292352e177c0ba469f1e 5 0 74.0
6306292652e177c0ba469f34 5 0 51.2
6306292652e177c0ba469f34 5 0 63.09999999999998
6306292652e177c0ba469f34 5 0 68.69999999999999
6306292652e177c0ba469f34 5 0 71.99999999999999
6306292652e177c0ba469f34 5 0 74.0
6306292a52e177c0ba469f41 5 0 51.2
6306292a52e177c0ba469f41 5 0 63.09999999999998
6306292a52e177c0ba469f41 5 0 68.69999999999999
6306292a52e177c0ba469f41 5 0 71.99999999999999
6306292a52e177c0ba469f41 5 0 74.0
6306298b52e177c0ba469fdc 5 0 51.2
6306298b52e177c0ba469fdc 5 0 63.09999999999998
6306298b52e177c0ba469fdc 5 0 68.69999999999999
6306298b52e177c0ba469fdc 5 0 71.99999999999999
6306298b52e177c0ba469fdc 5 0 74.0
6306299052e177c0ba469fe8 5 0 51.2
6306299052e177c0ba469fe8 5 0 63.09999999999998
6306299052e177c0ba469fe8 5 0 68.69999999999999
6306299052e177c0ba469fe8 5 0 71.99999999999999
6306299052e177c0ba469fe8 5 0 74.0
630629b952e177c0ba46a043 5 1 51.400000000000006
630629b952e177c0ba46a043 5 1 63.49999999999998
630629b952e177c0ba46a043 5 1 69.29999999999998
630629b952e177c0ba46a043 5 1 72.79999999999998
630629b952e177c0ba46a043 5 1 75.0
630629d052e177c0ba46a0a1 5 0 51.400000000000006
630629d052e177c0ba46a0a1 5 0 63.49999999999998
630629d052e177c0ba46a0a1 5 0 69.29999999999998
630629d052e177c0ba46a0a1 5 0 72.79999999999998
630629d052e177c0ba46a0a1 5 0 75.0
630629e052e177c0ba46a0c4 5 0 51.400000000000006
630629e052e177c0ba46a0c4 5 0 63.49999999999998
630629e052e177c0ba46a0c4 5 0 69.29999999999998
630629e052e177c0ba46a0c4 5 0 72.79999999999998
630629e052e177c0ba46a0c4 5 0 75.0
630629e152e177c0ba46a0d1 5 5 52.400000000000006
630629e152e177c0ba46a0d1 5 5 64.49999999999997
630629e152e177c0ba46a0d1 5 5 70.29999999999998
630629e152e177c0ba46a0d1 5 5 73.79999999999998
630629e152e177c0ba46a0d1 5 5 76.0
630629e152e177c0ba46a0d2 5 0 52.400000000000006
630629e152e177c0ba46a0d2 5 0 64.49999999999997
630629e152e177c0ba46a0d2 5 0 70.29999999999998
630629e152e177c0ba46a0d2 5 0 73.79999999999998
630629e152e177c0ba46a0d2 5 0 76.0
630629e252e177c0ba46a0d6 5 0 52.400000000000006
630629e252e177c0ba46a0d6 5 0 64.49999999999997
630629e252e177c0ba46a0d6 5 0 70.29999999999998
630629e252e177c0ba46a0d6 5 0 73.79999999999998
630629e252e177c0ba46a0d6 5 0 76.0
630629e752e177c0ba46a0fb 5 0 52.400000000000006
630629e752e177c0ba46a0fb 5 0 64.49999999999997
630629e752e177c0ba46a0fb 5 0 70.29999999999998
630629e752e177c0ba46a0fb 5 0 73.79999999999998
630629e752e177c0ba46a0fb 5 0 76.0
6306091073426c38ae68acac 5 0 52.400000000000006
6306091073426c38ae68acac 5 0 64.49999999999997
6306091073426c38ae68acac 5 0 70.29999999999998
6306091073426c38ae68acac 5 0 73.79999999999998
6306091073426c38ae68acac 5 0 76.0
6306091a73426c38ae68acc8 5 0 52.400000000000006
6306091a73426c38ae68acc8 5 0 64.49999999999997
6306091a73426c38ae68acc8 5 0 70.29999999999998
6306091a73426c38ae68acc8 5 0 73.79999999999998
6306091a73426c38ae68acc8 5 0 76.0
6306091b73426c38ae68acd7 5 0 52.400000000000006
6306091b73426c38ae68acd7 5 0 64.49999999999997
6306091b73426c38ae68acd7 5 0 70.29999999999998
6306091b73426c38ae68acd7 5 0 73.79999999999998
6306091b73426c38ae68acd7 5 0 76.0
6306091b73426c38ae68acd9 5 0 52.400000000000006
6306091b73426c38ae68acd9 5 0 64.49999999999997
6306091b73426c38ae68acd9 5 0 70.29999999999998
6306091b73426c38ae68acd9 5 0 73.79999999999998
6306091b73426c38ae68acd9 5 0 76.0
6306091b73426c38ae68acda 5 0 52.400000000000006
6306091b73426c38ae68acda 5 0 64.49999999999997
6306091b73426c38ae68acda 5 0 70.29999999999998
6306091b73426c38ae68acda 5 0 73.79999999999998
6306091b73426c38ae68acda 5 0 76.0
6306091c73426c38ae68acdc 5 0 52.400000000000006
6306091c73426c38ae68acdc 5 0 64.49999999999997
6306091c73426c38ae68acdc 5 0 70.29999999999998
6306091c73426c38ae68acdc 5 0 73.79999999999998
6306091c73426c38ae68acdc 5 0 76.0
6306091c73426c38ae68acdd 5 1 52.60000000000001
6306091c73426c38ae68acdd 5 1 64.89999999999998
6306091c73426c38ae68acdd 5 1 70.89999999999998
6306091c73426c38ae68acdd 5 1 74.59999999999998
6306091c73426c38ae68acdd 5 1 77.0
6306091d73426c38ae68ace5 5 0 52.60000000000001
6306091d73426c38ae68ace5 5 0 64.89999999999998
6306091d73426c38ae68ace5 5 0 70.89999999999998
6306091d73426c38ae68ace5 5 0 74.59999999999998
6306091d73426c38ae68ace5 5 0 77.0
6306092373426c38ae68acfa 5 0 52.60000000000001
6306092373426c38ae68acfa 5 0 64.89999999999998
6306092373426c38ae68acfa 5 0 70.89999999999998
6306092373426c38ae68acfa 5 0 74.59999999999998
6306092373426c38ae68acfa 5 0 77.0
6306092973426c38ae68ad01 5 0 52.60000000000001
6306092973426c38ae68ad01 5 0 64.89999999999998
6306092973426c38ae68ad01 5 0 70.89999999999998
6306092973426c38ae68ad01 5 0 74.59999999999998
6306092973426c38ae68ad01 5 0 77.0
6306092c73426c38ae68ad02 5 0 52.60000000000001
6306092c73426c38ae68ad02 5 0 64.89999999999998
6306092c73426c38ae68ad02 5 0 70.89999999999998
6306092c73426c38ae68ad02 5 0 74.59999999999998
6306092c73426c38ae68ad02 5 0 77.0
6306092d73426c38ae68ad04 5 0 52.60000000000001
6306092d73426c38ae68ad04 5 0 64.89999999999998
6306092d73426c38ae68ad04 5 0 70.89999999999998
6306092d73426c38ae68ad04 5 0 74.59999999999998
6306092d73426c38ae68ad04 5 0 77.0
6306092d73426c38ae68ad05 5 0 52.60000000000001
6306092d73426c38ae68ad05 5 0 64.89999999999998
6306092d73426c38ae68ad05 5 0 70.89999999999998
6306092d73426c38ae68ad05 5 0 74.59999999999998
6306092d73426c38ae68ad05 5 0 77.0
6306092d73426c38ae68ad06 5 0 52.60000000000001
6306092d73426c38ae68ad06 5 0 64.89999999999998
6306092d73426c38ae68ad06 5 0 70.89999999999998
6306092d73426c38ae68ad06 5 0 74.59999999999998
6306092d73426c38ae68ad06 5 0 77.0
6306092d73426c38ae68ad07 5 0 52.60000000000001
6306092d73426c38ae68ad07 5 0 64.89999999999998
6306092d73426c38ae68ad07 5 0 70.89999999999998
6306092d73426c38ae68ad07 5 0 74.59999999999998
6306092d73426c38ae68ad07 5 0 77.0
6306092d73426c38ae68ad08 5 2 53.00000000000001
6306092d73426c38ae68ad08 5 2 65.59999999999998
6306092d73426c38ae68ad08 5 2 71.79999999999998
6306092d73426c38ae68ad08 5 2 75.59999999999998
6306092d73426c38ae68ad08 5 2 78.0
6306092e73426c38ae68ad09 5 0 53.00000000000001
6306092e73426c38ae68ad09 5 0 65.59999999999998
6306092e73426c38ae68ad09 5 0 71.79999999999998
6306092e73426c38ae68ad09 5 0 75.59999999999998
6306092e73426c38ae68ad09 5 0 78.0
6306092e73426c38ae68ad0a 5 0 53.00000000000001
6306092e73426c38ae68ad0a 5 0 65.59999999999998
6306092e73426c38ae68ad0a 5 0 71.79999999999998
6306092e73426c38ae68ad0a 5 0 75.59999999999998
6306092e73426c38ae68ad0a 5 0 78.0
6306092e73426c38ae68ad0b 5 0 53.00000000000001
6306092e73426c38ae68ad0b 5 0 65.59999999999998
6306092e73426c38ae68ad0b 5 0 71.79999999999998
6306092e73426c38ae68ad0b 5 0 75.59999999999998
6306092e73426c38ae68ad0b 5 0 78.0
6306092e73426c38ae68ad0d 5 0 53.00000000000001
6306092e73426c38ae68ad0d 5 0 65.59999999999998
6306092e73426c38ae68ad0d 5 0 71.79999999999998
6306092e73426c38ae68ad0d 5 0 75.59999999999998
6306092e73426c38ae68ad0d 5 0 78.0
6306092e73426c38ae68ad0f 5 0 53.00000000000001
6306092e73426c38ae68ad0f 5 0 65.59999999999998
6306092e73426c38ae68ad0f 5 0 71.79999999999998
6306092e73426c38ae68ad0f 5 0 75.59999999999998
6306092e73426c38ae68ad0f 5 0 78.0
6306092e73426c38ae68ad11 5 0 53.00000000000001
6306092e73426c38ae68ad11 5 0 65.59999999999998
6306092e73426c38ae68ad11 5 0 71.79999999999998
6306092e73426c38ae68ad11 5 0 75.59999999999998
6306092e73426c38ae68ad11 5 0 78.0
6306092f73426c38ae68ad13 5 0 53.00000000000001
6306092f73426c38ae68ad13 5 0 65.59999999999998
6306092f73426c38ae68ad13 5 0 71.79999999999998
6306092f73426c38ae68ad13 5 0 75.59999999999998
6306092f73426c38ae68ad13 5 0 78.0
6306093273426c38ae68ad15 5 0 53.00000000000001
6306093273426c38ae68ad15 5 0 65.59999999999998
6306093273426c38ae68ad15 5 0 71.79999999999998
6306093273426c38ae68ad15 5 0 75.59999999999998
6306093273426c38ae68ad15 5 0 78.0
63060ada73426c38ae68ad31 5 2 53.400000000000006
63060ada73426c38ae68ad31 5 2 66.29999999999998
63060ada73426c38ae68ad31 5 2 72.69999999999999
63060ada73426c38ae68ad31 5 2 76.59999999999998
63060ada73426c38ae68ad31 5 2 79.0
63060b1a73426c38ae68ad3e 5 0 53.400000000000006
63060b1a73426c38ae68ad3e 5 0 66.29999999999998
63060b1a73426c38ae68ad3e 5 0 72.69999999999999
63060b1a73426c38ae68ad3e 5 0 76.59999999999998
63060b1a73426c38ae68ad3e 5 0 79.0
63060b1b73426c38ae68ad42 5 0 53.400000000000006
63060b1b73426c38ae68ad42 5 0 66.29999999999998
63060b1b73426c38ae68ad42 5 0 72.69999999999999
63060b1b73426c38ae68ad42 5 0 76.59999999999998
63060b1b73426c38ae68ad42 5 0 79.0
63060b1b73426c38ae68ad43 5 5 54.400000000000006
63060b1b73426c38ae68ad43 5 5 67.29999999999998
63060b1b73426c38ae68ad43 5 5 73.69999999999999
63060b1b73426c38ae68ad43 5 5 77.59999999999998
63060b1b73426c38ae68ad43 5 5 80.0
62ece4982e6aefcf4aabbd64 5 0 54.400000000000006
62ece4982e6aefcf4aabbd64 5 0 67.29999999999998
62ece4982e6aefcf4aabbd64 5 0 73.69999999999999
62ece4982e6aefcf4aabbd64 5 0 77.59999999999998
62ece4982e6aefcf4aabbd64 5 0 80.0
230 230
[54.400000000000006, 67.29999999999998, 73.69999999999999, 77.59999999999998, 80.0]
0.2365217391304348
 23.65%
0.29260869565217384
 29.26%
0.3204347826086956
 32.04%
0.337391304347826
 33.74%
0.34782608695652173
 34.78%
finish_overall
plib_runnable	21

  24.76%	
  30.95%	
  33.81%	
  36.19%	
  38.10%	


project_runnable	23

  10.43%	
  11.74%	
  12.61%	
  13.04%	
  13.04%	


class_runnable	55

  14.91%	
  21.09%	
  24.36%	
  26.18%	
  27.27%	


self_contained	35

  52.57%	
  58.57%	
  60.57%	
  61.71%	
  62.86%	


file_runnable	68

  17.35%	
  23.97%	
  27.50%	
  29.71%	
  30.88%	


slib_runnable	28

  30.00%	
  34.64%	
  37.14%	
  38.57%	
  39.29%	


230
0
