62e60f43d76274f8a4026e28 5 0 0.0
62e60f43d76274f8a4026e28 5 0 0.0
62e60f43d76274f8a4026e28 5 0 0.0
62e60f43d76274f8a4026e28 5 0 0.0
62e60f43d76274f8a4026e28 5 0 0.0
62e60f3bd76274f8a4026e10 5 0 0.0
62e60f3bd76274f8a4026e10 5 0 0.0
62e60f3bd76274f8a4026e10 5 0 0.0
62e60f3bd76274f8a4026e10 5 0 0.0
62e60f3bd76274f8a4026e10 5 0 0.0
62e60f37d76274f8a4026dfd 5 0 0.0
62e60f37d76274f8a4026dfd 5 0 0.0
62e60f37d76274f8a4026dfd 5 0 0.0
62e60f37d76274f8a4026dfd 5 0 0.0
62e60f37d76274f8a4026dfd 5 0 0.0
62e60f33d76274f8a4026de9 5 0 0.0
62e60f33d76274f8a4026de9 5 0 0.0
62e60f33d76274f8a4026de9 5 0 0.0
62e60f33d76274f8a4026de9 5 0 0.0
62e60f33d76274f8a4026de9 5 0 0.0
62e60ed4d76274f8a4026da0 5 4 0.8
62e60ed4d76274f8a4026da0 5 4 1.0
62e60ed4d76274f8a4026da0 5 4 1.0
62e60ed4d76274f8a4026da0 5 4 1.0
62e60ed4d76274f8a4026da0 5 4 1.0
62e60ecfd76274f8a4026d6a 5 0 0.8
62e60ecfd76274f8a4026d6a 5 0 1.0
62e60ecfd76274f8a4026d6a 5 0 1.0
62e60ecfd76274f8a4026d6a 5 0 1.0
62e60ecfd76274f8a4026d6a 5 0 1.0
62e60e49d76274f8a4026d25 5 1 1.0
62e60e49d76274f8a4026d25 5 1 1.4
62e60e49d76274f8a4026d25 5 1 1.6
62e60e49d76274f8a4026d25 5 1 1.8
62e60e49d76274f8a4026d25 5 1 2.0
62e60e05d76274f8a4026cfd 5 0 1.0
62e60e05d76274f8a4026cfd 5 0 1.4
62e60e05d76274f8a4026cfd 5 0 1.6
62e60e05d76274f8a4026cfd 5 0 1.8
62e60e05d76274f8a4026cfd 5 0 2.0
62e60da4d76274f8a4026cf1 5 0 1.0
62e60da4d76274f8a4026cf1 5 0 1.4
62e60da4d76274f8a4026cf1 5 0 1.6
62e60da4d76274f8a4026cf1 5 0 1.8
62e60da4d76274f8a4026cf1 5 0 2.0
62e60b10d76274f8a4026ccd 5 0 1.0
62e60b10d76274f8a4026ccd 5 0 1.4
62e60b10d76274f8a4026ccd 5 0 1.6
62e60b10d76274f8a4026ccd 5 0 1.8
62e60b10d76274f8a4026ccd 5 0 2.0
62e6087bd76274f8a4026bfa 5 0 1.0
62e6087bd76274f8a4026bfa 5 0 1.4
62e6087bd76274f8a4026bfa 5 0 1.6
62e6087bd76274f8a4026bfa 5 0 1.8
62e6087bd76274f8a4026bfa 5 0 2.0
62e6087ad76274f8a4026bf2 5 0 1.0
62e6087ad76274f8a4026bf2 5 0 1.4
62e6087ad76274f8a4026bf2 5 0 1.6
62e6087ad76274f8a4026bf2 5 0 1.8
62e6087ad76274f8a4026bf2 5 0 2.0
62e60879d76274f8a4026bec 5 0 1.0
62e60879d76274f8a4026bec 5 0 1.4
62e60879d76274f8a4026bec 5 0 1.6
62e60879d76274f8a4026bec 5 0 1.8
62e60879d76274f8a4026bec 5 0 2.0
62e60723d76274f8a4026b75 5 5 2.0
62e60723d76274f8a4026b75 5 5 2.4
62e60723d76274f8a4026b75 5 5 2.6
62e60723d76274f8a4026b75 5 5 2.8
62e60723d76274f8a4026b75 5 5 3.0
62e60707d76274f8a4026b69 5 0 2.0
62e60707d76274f8a4026b69 5 0 2.4
62e60707d76274f8a4026b69 5 0 2.6
62e60707d76274f8a4026b69 5 0 2.8
62e60707d76274f8a4026b69 5 0 3.0
62e5dc9ed76274f8a4026b5b 5 5 3.0
62e5dc9ed76274f8a4026b5b 5 5 3.4
62e5dc9ed76274f8a4026b5b 5 5 3.6
62e5dc9ed76274f8a4026b5b 5 5 3.8
62e5dc9ed76274f8a4026b5b 5 5 4.0
62e4fc3c85ea98643089041e 5 0 3.0
62e4fc3c85ea98643089041e 5 0 3.4
62e4fc3c85ea98643089041e 5 0 3.6
62e4fc3c85ea98643089041e 5 0 3.8
62e4fc3c85ea98643089041e 5 0 4.0
62e4fbda85ea986430890405 5 0 3.0
62e4fbda85ea986430890405 5 0 3.4
62e4fbda85ea986430890405 5 0 3.6
62e4fbda85ea986430890405 5 0 3.8
62e4fbda85ea986430890405 5 0 4.0
62e4fbda85ea986430890403 5 0 3.0
62e4fbda85ea986430890403 5 0 3.4
62e4fbda85ea986430890403 5 0 3.6
62e4fbda85ea986430890403 5 0 3.8
62e4fbda85ea986430890403 5 0 4.0
62e4fb6585ea98643089032b 5 5 4.0
62e4fb6585ea98643089032b 5 5 4.4
62e4fb6585ea98643089032b 5 5 4.6
62e4fb6585ea98643089032b 5 5 4.8
62e4fb6585ea98643089032b 5 5 5.0
62e4fb4d85ea9864308902e7 5 0 4.0
62e4fb4d85ea9864308902e7 5 0 4.4
62e4fb4d85ea9864308902e7 5 0 4.6
62e4fb4d85ea9864308902e7 5 0 4.8
62e4fb4d85ea9864308902e7 5 0 5.0
62b8d27a48ba5a41d1c3f4c6 5 0 4.0
62b8d27a48ba5a41d1c3f4c6 5 0 4.4
62b8d27a48ba5a41d1c3f4c6 5 0 4.6
62b8d27a48ba5a41d1c3f4c6 5 0 4.8
62b8d27a48ba5a41d1c3f4c6 5 0 5.0
62b8d24048ba5a41d1c3f49f 5 0 4.0
62b8d24048ba5a41d1c3f49f 5 0 4.4
62b8d24048ba5a41d1c3f49f 5 0 4.6
62b8d24048ba5a41d1c3f49f 5 0 4.8
62b8d24048ba5a41d1c3f49f 5 0 5.0
62b8d23b48ba5a41d1c3f49a 5 0 4.0
62b8d23b48ba5a41d1c3f49a 5 0 4.4
62b8d23b48ba5a41d1c3f49a 5 0 4.6
62b8d23b48ba5a41d1c3f49a 5 0 4.8
62b8d23b48ba5a41d1c3f49a 5 0 5.0
62b8d23948ba5a41d1c3f498 5 0 4.0
62b8d23948ba5a41d1c3f498 5 0 4.4
62b8d23948ba5a41d1c3f498 5 0 4.6
62b8d23948ba5a41d1c3f498 5 0 4.8
62b8d23948ba5a41d1c3f498 5 0 5.0
62b8d23748ba5a41d1c3f496 5 0 4.0
62b8d23748ba5a41d1c3f496 5 0 4.4
62b8d23748ba5a41d1c3f496 5 0 4.6
62b8d23748ba5a41d1c3f496 5 0 4.8
62b8d23748ba5a41d1c3f496 5 0 5.0
62b8d22f48ba5a41d1c3f488 5 2 4.4
62b8d22f48ba5a41d1c3f488 5 2 5.1000000000000005
62b8d22f48ba5a41d1c3f488 5 2 5.5
62b8d22f48ba5a41d1c3f488 5 2 5.8
62b8d22f48ba5a41d1c3f488 5 2 6.0
62b8d22a48ba5a41d1c3f47e 5 5 5.4
62b8d22a48ba5a41d1c3f47e 5 5 6.1000000000000005
62b8d22a48ba5a41d1c3f47e 5 5 6.5
62b8d22a48ba5a41d1c3f47e 5 5 6.8
62b8d22a48ba5a41d1c3f47e 5 5 7.0
62b8d22948ba5a41d1c3f47c 5 0 5.4
62b8d22948ba5a41d1c3f47c 5 0 6.1000000000000005
62b8d22948ba5a41d1c3f47c 5 0 6.5
62b8d22948ba5a41d1c3f47c 5 0 6.8
62b8d22948ba5a41d1c3f47c 5 0 7.0
62b8d22548ba5a41d1c3f472 5 0 5.4
62b8d22548ba5a41d1c3f472 5 0 6.1000000000000005
62b8d22548ba5a41d1c3f472 5 0 6.5
62b8d22548ba5a41d1c3f472 5 0 6.8
62b8d22548ba5a41d1c3f472 5 0 7.0
62b8c517e0d34b282c18122e 5 0 5.4
62b8c517e0d34b282c18122e 5 0 6.1000000000000005
62b8c517e0d34b282c18122e 5 0 6.5
62b8c517e0d34b282c18122e 5 0 6.8
62b8c517e0d34b282c18122e 5 0 7.0
62b8bbbfe0d34b282c181210 5 4 6.2
62b8bbbfe0d34b282c181210 5 4 7.1000000000000005
62b8bbbfe0d34b282c181210 5 4 7.5
62b8bbbfe0d34b282c181210 5 4 7.8
62b8bbbfe0d34b282c181210 5 4 8.0
62b8bbbfe0d34b282c18120f 5 5 7.2
62b8bbbfe0d34b282c18120f 5 5 8.100000000000001
62b8bbbfe0d34b282c18120f 5 5 8.5
62b8bbbfe0d34b282c18120f 5 5 8.8
62b8bbbfe0d34b282c18120f 5 5 9.0
62b8bbbce0d34b282c18120d 5 1 7.4
62b8bbbce0d34b282c18120d 5 1 8.500000000000002
62b8bbbce0d34b282c18120d 5 1 9.1
62b8bbbce0d34b282c18120d 5 1 9.600000000000001
62b8bbbce0d34b282c18120d 5 1 10.0
62b8b99de0d34b282c1811f8 5 0 7.4
62b8b99de0d34b282c1811f8 5 0 8.500000000000002
62b8b99de0d34b282c1811f8 5 0 9.1
62b8b99de0d34b282c1811f8 5 0 9.600000000000001
62b8b99de0d34b282c1811f8 5 0 10.0
62b8b59feb7e40a82d2d1291 5 0 7.4
62b8b59feb7e40a82d2d1291 5 0 8.500000000000002
62b8b59feb7e40a82d2d1291 5 0 9.1
62b8b59feb7e40a82d2d1291 5 0 9.600000000000001
62b8b59feb7e40a82d2d1291 5 0 10.0
62b8b590eb7e40a82d2d1275 5 0 7.4
62b8b590eb7e40a82d2d1275 5 0 8.500000000000002
62b8b590eb7e40a82d2d1275 5 0 9.1
62b8b590eb7e40a82d2d1275 5 0 9.600000000000001
62b8b590eb7e40a82d2d1275 5 0 10.0
62b8b58deb7e40a82d2d1269 5 2 7.800000000000001
62b8b58deb7e40a82d2d1269 5 2 9.200000000000001
62b8b58deb7e40a82d2d1269 5 2 10.0
62b8b58deb7e40a82d2d1269 5 2 10.600000000000001
62b8b58deb7e40a82d2d1269 5 2 11.0
62b8b559eb7e40a82d2d11f8 5 0 7.800000000000001
62b8b559eb7e40a82d2d11f8 5 0 9.200000000000001
62b8b559eb7e40a82d2d11f8 5 0 10.0
62b8b559eb7e40a82d2d11f8 5 0 10.600000000000001
62b8b559eb7e40a82d2d11f8 5 0 11.0
62b8b4b9eb7e40a82d2d1134 5 0 7.800000000000001
62b8b4b9eb7e40a82d2d1134 5 0 9.200000000000001
62b8b4b9eb7e40a82d2d1134 5 0 10.0
62b8b4b9eb7e40a82d2d1134 5 0 10.600000000000001
62b8b4b9eb7e40a82d2d1134 5 0 11.0
62b8b416eb7e40a82d2d1129 5 0 7.800000000000001
62b8b416eb7e40a82d2d1129 5 0 9.200000000000001
62b8b416eb7e40a82d2d1129 5 0 10.0
62b8b416eb7e40a82d2d1129 5 0 10.600000000000001
62b8b416eb7e40a82d2d1129 5 0 11.0
62b8b3d6eb7e40a82d2d111c 5 2 8.200000000000001
62b8b3d6eb7e40a82d2d111c 5 2 9.9
62b8b3d6eb7e40a82d2d111c 5 2 10.9
62b8b3d6eb7e40a82d2d111c 5 2 11.600000000000001
62b8b3d6eb7e40a82d2d111c 5 2 12.0
62b8b3d5eb7e40a82d2d1110 5 1 8.4
62b8b3d5eb7e40a82d2d1110 5 1 10.3
62b8b3d5eb7e40a82d2d1110 5 1 11.5
62b8b3d5eb7e40a82d2d1110 5 1 12.400000000000002
62b8b3d5eb7e40a82d2d1110 5 1 13.0
62b8b3d4eb7e40a82d2d110f 5 4 9.200000000000001
62b8b3d4eb7e40a82d2d110f 5 4 11.3
62b8b3d4eb7e40a82d2d110f 5 4 12.5
62b8b3d4eb7e40a82d2d110f 5 4 13.400000000000002
62b8b3d4eb7e40a82d2d110f 5 4 14.0
62b8b3d4eb7e40a82d2d110e 5 1 9.4
62b8b3d4eb7e40a82d2d110e 5 1 11.700000000000001
62b8b3d4eb7e40a82d2d110e 5 1 13.1
62b8b3d4eb7e40a82d2d110e 5 1 14.200000000000003
62b8b3d4eb7e40a82d2d110e 5 1 15.0
62b8b3d4eb7e40a82d2d110d 5 3 10.0
62b8b3d4eb7e40a82d2d110d 5 3 12.600000000000001
62b8b3d4eb7e40a82d2d110d 5 3 14.1
62b8b3d4eb7e40a82d2d110d 5 3 15.200000000000003
62b8b3d4eb7e40a82d2d110d 5 3 16.0
62b87b989a0c4fa8b80b35ee 5 0 10.0
62b87b989a0c4fa8b80b35ee 5 0 12.600000000000001
62b87b989a0c4fa8b80b35ee 5 0 14.1
62b87b989a0c4fa8b80b35ee 5 0 15.200000000000003
62b87b989a0c4fa8b80b35ee 5 0 16.0
62b87b859a0c4fa8b80b35d7 5 0 10.0
62b87b859a0c4fa8b80b35d7 5 0 12.600000000000001
62b87b859a0c4fa8b80b35d7 5 0 14.1
62b87b859a0c4fa8b80b35d7 5 0 15.200000000000003
62b87b859a0c4fa8b80b35d7 5 0 16.0
62b87b839a0c4fa8b80b35cb 5 0 10.0
62b87b839a0c4fa8b80b35cb 5 0 12.600000000000001
62b87b839a0c4fa8b80b35cb 5 0 14.1
62b87b839a0c4fa8b80b35cb 5 0 15.200000000000003
62b87b839a0c4fa8b80b35cb 5 0 16.0
62b87b7e9a0c4fa8b80b35bc 5 0 10.0
62b87b7e9a0c4fa8b80b35bc 5 0 12.600000000000001
62b87b7e9a0c4fa8b80b35bc 5 0 14.1
62b87b7e9a0c4fa8b80b35bc 5 0 15.200000000000003
62b87b7e9a0c4fa8b80b35bc 5 0 16.0
62b87b4f9a0c4fa8b80b3580 5 0 10.0
62b87b4f9a0c4fa8b80b3580 5 0 12.600000000000001
62b87b4f9a0c4fa8b80b3580 5 0 14.1
62b87b4f9a0c4fa8b80b3580 5 0 15.200000000000003
62b87b4f9a0c4fa8b80b3580 5 0 16.0
62b87b199a0c4fa8b80b354e 5 2 10.4
62b87b199a0c4fa8b80b354e 5 2 13.3
62b87b199a0c4fa8b80b354e 5 2 15.0
62b87b199a0c4fa8b80b354e 5 2 16.200000000000003
62b87b199a0c4fa8b80b354e 5 2 17.0
62b87b099a0c4fa8b80b3538 5 5 11.4
62b87b099a0c4fa8b80b3538 5 5 14.3
62b87b099a0c4fa8b80b3538 5 5 16.0
62b87b099a0c4fa8b80b3538 5 5 17.200000000000003
62b87b099a0c4fa8b80b3538 5 5 18.0
62b87af99a0c4fa8b80b3524 5 5 12.4
62b87af99a0c4fa8b80b3524 5 5 15.3
62b87af99a0c4fa8b80b3524 5 5 17.0
62b87af99a0c4fa8b80b3524 5 5 18.200000000000003
62b87af99a0c4fa8b80b3524 5 5 19.0
62b87af69a0c4fa8b80b351a 5 5 13.4
62b87af69a0c4fa8b80b351a 5 5 16.3
62b87af69a0c4fa8b80b351a 5 5 18.0
62b87af69a0c4fa8b80b351a 5 5 19.200000000000003
62b87af69a0c4fa8b80b351a 5 5 20.0
62b87af19a0c4fa8b80b34f7 5 0 13.4
62b87af19a0c4fa8b80b34f7 5 0 16.3
62b87af19a0c4fa8b80b34f7 5 0 18.0
62b87af19a0c4fa8b80b34f7 5 0 19.200000000000003
62b87af19a0c4fa8b80b34f7 5 0 20.0
62b87af09a0c4fa8b80b34f1 5 0 13.4
62b87af09a0c4fa8b80b34f1 5 0 16.3
62b87af09a0c4fa8b80b34f1 5 0 18.0
62b87af09a0c4fa8b80b34f1 5 0 19.200000000000003
62b87af09a0c4fa8b80b34f1 5 0 20.0
62b86aa3b4d922cb0e688d36 5 0 13.4
62b86aa3b4d922cb0e688d36 5 0 16.3
62b86aa3b4d922cb0e688d36 5 0 18.0
62b86aa3b4d922cb0e688d36 5 0 19.200000000000003
62b86aa3b4d922cb0e688d36 5 0 20.0
62b86a9eb4d922cb0e688d25 5 0 13.4
62b86a9eb4d922cb0e688d25 5 0 16.3
62b86a9eb4d922cb0e688d25 5 0 18.0
62b86a9eb4d922cb0e688d25 5 0 19.200000000000003
62b86a9eb4d922cb0e688d25 5 0 20.0
62b86a4fb4d922cb0e688cf8 5 0 13.4
62b86a4fb4d922cb0e688cf8 5 0 16.3
62b86a4fb4d922cb0e688cf8 5 0 18.0
62b86a4fb4d922cb0e688cf8 5 0 19.200000000000003
62b86a4fb4d922cb0e688cf8 5 0 20.0
62b86a4fb4d922cb0e688cf7 5 0 13.4
62b86a4fb4d922cb0e688cf7 5 0 16.3
62b86a4fb4d922cb0e688cf7 5 0 18.0
62b86a4fb4d922cb0e688cf7 5 0 19.200000000000003
62b86a4fb4d922cb0e688cf7 5 0 20.0
62b86a01b4d922cb0e688ccc 5 0 13.4
62b86a01b4d922cb0e688ccc 5 0 16.3
62b86a01b4d922cb0e688ccc 5 0 18.0
62b86a01b4d922cb0e688ccc 5 0 19.200000000000003
62b86a01b4d922cb0e688ccc 5 0 20.0
62b869ebb4d922cb0e688cc6 5 2 13.8
62b869ebb4d922cb0e688cc6 5 2 17.0
62b869ebb4d922cb0e688cc6 5 2 18.9
62b869ebb4d922cb0e688cc6 5 2 20.200000000000003
62b869ebb4d922cb0e688cc6 5 2 21.0
62b869eab4d922cb0e688cc5 5 1 14.0
62b869eab4d922cb0e688cc5 5 1 17.4
62b869eab4d922cb0e688cc5 5 1 19.5
62b869eab4d922cb0e688cc5 5 1 21.000000000000004
62b869eab4d922cb0e688cc5 5 1 22.0
62b869eab4d922cb0e688cbf 5 0 14.0
62b869eab4d922cb0e688cbf 5 0 17.4
62b869eab4d922cb0e688cbf 5 0 19.5
62b869eab4d922cb0e688cbf 5 0 21.000000000000004
62b869eab4d922cb0e688cbf 5 0 22.0
62b43427903eeb48555d3ea5 5 0 14.0
62b43427903eeb48555d3ea5 5 0 17.4
62b43427903eeb48555d3ea5 5 0 19.5
62b43427903eeb48555d3ea5 5 0 21.000000000000004
62b43427903eeb48555d3ea5 5 0 22.0
62b43428903eeb48555d3eaa 5 0 14.0
62b43428903eeb48555d3eaa 5 0 17.4
62b43428903eeb48555d3eaa 5 0 19.5
62b43428903eeb48555d3eaa 5 0 21.000000000000004
62b43428903eeb48555d3eaa 5 0 22.0
62b45df05108cfac7f2109ce 5 0 14.0
62b45df05108cfac7f2109ce 5 0 17.4
62b45df05108cfac7f2109ce 5 0 19.5
62b45df05108cfac7f2109ce 5 0 21.000000000000004
62b45df05108cfac7f2109ce 5 0 22.0
62b45df15108cfac7f2109dc 5 0 14.0
62b45df15108cfac7f2109dc 5 0 17.4
62b45df15108cfac7f2109dc 5 0 19.5
62b45df15108cfac7f2109dc 5 0 21.000000000000004
62b45df15108cfac7f2109dc 5 0 22.0
62b45df15108cfac7f2109dd 5 0 14.0
62b45df15108cfac7f2109dd 5 0 17.4
62b45df15108cfac7f2109dd 5 0 19.5
62b45df15108cfac7f2109dd 5 0 21.000000000000004
62b45df15108cfac7f2109dd 5 0 22.0
62b45e135108cfac7f2109f4 5 5 15.0
62b45e135108cfac7f2109f4 5 5 18.4
62b45e135108cfac7f2109f4 5 5 20.5
62b45e135108cfac7f2109f4 5 5 22.000000000000004
62b45e135108cfac7f2109f4 5 5 23.0
62b45e145108cfac7f210a07 5 0 15.0
62b45e145108cfac7f210a07 5 0 18.4
62b45e145108cfac7f210a07 5 0 20.5
62b45e145108cfac7f210a07 5 0 22.000000000000004
62b45e145108cfac7f210a07 5 0 23.0
62b45e145108cfac7f210a09 5 0 15.0
62b45e145108cfac7f210a09 5 0 18.4
62b45e145108cfac7f210a09 5 0 20.5
62b45e145108cfac7f210a09 5 0 22.000000000000004
62b45e145108cfac7f210a09 5 0 23.0
62b45e165108cfac7f210a16 5 0 15.0
62b45e165108cfac7f210a16 5 0 18.4
62b45e165108cfac7f210a16 5 0 20.5
62b45e165108cfac7f210a16 5 0 22.000000000000004
62b45e165108cfac7f210a16 5 0 23.0
62b45e165108cfac7f210a17 5 0 15.0
62b45e165108cfac7f210a17 5 0 18.4
62b45e165108cfac7f210a17 5 0 20.5
62b45e165108cfac7f210a17 5 0 22.000000000000004
62b45e165108cfac7f210a17 5 0 23.0
62b45e175108cfac7f210a19 5 0 15.0
62b45e175108cfac7f210a19 5 0 18.4
62b45e175108cfac7f210a19 5 0 20.5
62b45e175108cfac7f210a19 5 0 22.000000000000004
62b45e175108cfac7f210a19 5 0 23.0
62b463153879012d19481498 5 0 15.0
62b463153879012d19481498 5 0 18.4
62b463153879012d19481498 5 0 20.5
62b463153879012d19481498 5 0 22.000000000000004
62b463153879012d19481498 5 0 23.0
62b463153879012d1948149a 5 0 15.0
62b463153879012d1948149a 5 0 18.4
62b463153879012d1948149a 5 0 20.5
62b463153879012d1948149a 5 0 22.000000000000004
62b463153879012d1948149a 5 0 23.0
62b463153879012d1948149b 5 0 15.0
62b463153879012d1948149b 5 0 18.4
62b463153879012d1948149b 5 0 20.5
62b463153879012d1948149b 5 0 22.000000000000004
62b463153879012d1948149b 5 0 23.0
62b463153879012d1948149c 5 5 16.0
62b463153879012d1948149c 5 5 19.4
62b463153879012d1948149c 5 5 21.5
62b463153879012d1948149c 5 5 23.000000000000004
62b463153879012d1948149c 5 5 24.0
62b463153879012d1948149d 5 0 16.0
62b463153879012d1948149d 5 0 19.4
62b463153879012d1948149d 5 0 21.5
62b463153879012d1948149d 5 0 23.000000000000004
62b463153879012d1948149d 5 0 24.0
62b463153879012d1948149f 5 0 16.0
62b463153879012d1948149f 5 0 19.4
62b463153879012d1948149f 5 0 21.5
62b463153879012d1948149f 5 0 23.000000000000004
62b463153879012d1948149f 5 0 24.0
62b463153879012d194814a1 5 0 16.0
62b463153879012d194814a1 5 0 19.4
62b463153879012d194814a1 5 0 21.5
62b463153879012d194814a1 5 0 23.000000000000004
62b463153879012d194814a1 5 0 24.0
62b463163879012d194814a2 5 1 16.2
62b463163879012d194814a2 5 1 19.799999999999997
62b463163879012d194814a2 5 1 22.1
62b463163879012d194814a2 5 1 23.800000000000004
62b463163879012d194814a2 5 1 25.0
62b463163879012d194814a4 5 0 16.2
62b463163879012d194814a4 5 0 19.799999999999997
62b463163879012d194814a4 5 0 22.1
62b463163879012d194814a4 5 0 23.800000000000004
62b463163879012d194814a4 5 0 25.0
62b463163879012d194814a6 5 3 16.8
62b463163879012d194814a6 5 3 20.699999999999996
62b463163879012d194814a6 5 3 23.1
62b463163879012d194814a6 5 3 24.800000000000004
62b463163879012d194814a6 5 3 26.0
62b4631b3879012d194814dd 5 0 16.8
62b4631b3879012d194814dd 5 0 20.699999999999996
62b4631b3879012d194814dd 5 0 23.1
62b4631b3879012d194814dd 5 0 24.800000000000004
62b4631b3879012d194814dd 5 0 26.0
62b463283879012d1948153d 5 5 17.8
62b463283879012d1948153d 5 5 21.699999999999996
62b463283879012d1948153d 5 5 24.1
62b463283879012d1948153d 5 5 25.800000000000004
62b463283879012d1948153d 5 5 27.0
62b463303879012d19481579 5 0 17.8
62b463303879012d19481579 5 0 21.699999999999996
62b463303879012d19481579 5 0 24.1
62b463303879012d19481579 5 0 25.800000000000004
62b463303879012d19481579 5 0 27.0
62b46740d2f69a53b466171a 5 0 17.8
62b46740d2f69a53b466171a 5 0 21.699999999999996
62b46740d2f69a53b466171a 5 0 24.1
62b46740d2f69a53b466171a 5 0 25.800000000000004
62b46740d2f69a53b466171a 5 0 27.0
62b46746d2f69a53b4661722 5 0 17.8
62b46746d2f69a53b4661722 5 0 21.699999999999996
62b46746d2f69a53b4661722 5 0 24.1
62b46746d2f69a53b4661722 5 0 25.800000000000004
62b46746d2f69a53b4661722 5 0 27.0
62b86707b4d922cb0e688c2a 5 1 18.0
62b86707b4d922cb0e688c2a 5 1 22.099999999999994
62b86707b4d922cb0e688c2a 5 1 24.700000000000003
62b86707b4d922cb0e688c2a 5 1 26.600000000000005
62b86707b4d922cb0e688c2a 5 1 28.0
62b86729b4d922cb0e688c2f 5 0 18.0
62b86729b4d922cb0e688c2f 5 0 22.099999999999994
62b86729b4d922cb0e688c2f 5 0 24.700000000000003
62b86729b4d922cb0e688c2f 5 0 26.600000000000005
62b86729b4d922cb0e688c2f 5 0 28.0
62b8a4a4755ee91dce50a3d2 5 0 18.0
62b8a4a4755ee91dce50a3d2 5 0 22.099999999999994
62b8a4a4755ee91dce50a3d2 5 0 24.700000000000003
62b8a4a4755ee91dce50a3d2 5 0 26.600000000000005
62b8a4a4755ee91dce50a3d2 5 0 28.0
62b8982f755ee91dce50a241 5 5 19.0
62b8982f755ee91dce50a241 5 5 23.099999999999994
62b8982f755ee91dce50a241 5 5 25.700000000000003
62b8982f755ee91dce50a241 5 5 27.600000000000005
62b8982f755ee91dce50a241 5 5 29.0
62b89640755ee91dce50a114 5 3 19.6
62b89640755ee91dce50a114 5 3 23.999999999999993
62b89640755ee91dce50a114 5 3 26.700000000000003
62b89640755ee91dce50a114 5 3 28.600000000000005
62b89640755ee91dce50a114 5 3 30.0
62b87d24d292efb640a55670 5 0 19.6
62b87d24d292efb640a55670 5 0 23.999999999999993
62b87d24d292efb640a55670 5 0 26.700000000000003
62b87d24d292efb640a55670 5 0 28.600000000000005
62b87d24d292efb640a55670 5 0 30.0
62b87d24d292efb640a5566f 5 0 19.6
62b87d24d292efb640a5566f 5 0 23.999999999999993
62b87d24d292efb640a5566f 5 0 26.700000000000003
62b87d24d292efb640a5566f 5 0 28.600000000000005
62b87d24d292efb640a5566f 5 0 30.0
62b87d24d292efb640a5566d 5 0 19.6
62b87d24d292efb640a5566d 5 0 23.999999999999993
62b87d24d292efb640a5566d 5 0 26.700000000000003
62b87d24d292efb640a5566d 5 0 28.600000000000005
62b87d24d292efb640a5566d 5 0 30.0
62b87d23d292efb640a5566b 5 0 19.6
62b87d23d292efb640a5566b 5 0 23.999999999999993
62b87d23d292efb640a5566b 5 0 26.700000000000003
62b87d23d292efb640a5566b 5 0 28.600000000000005
62b87d23d292efb640a5566b 5 0 30.0
62b87d23d292efb640a55668 5 0 19.6
62b87d23d292efb640a55668 5 0 23.999999999999993
62b87d23d292efb640a55668 5 0 26.700000000000003
62b87d23d292efb640a55668 5 0 28.600000000000005
62b87d23d292efb640a55668 5 0 30.0
62b87d23d292efb640a55667 5 0 19.6
62b87d23d292efb640a55667 5 0 23.999999999999993
62b87d23d292efb640a55667 5 0 26.700000000000003
62b87d23d292efb640a55667 5 0 28.600000000000005
62b87d23d292efb640a55667 5 0 30.0
62b45e945108cfac7f210a4a 5 0 19.6
62b45e945108cfac7f210a4a 5 0 23.999999999999993
62b45e945108cfac7f210a4a 5 0 26.700000000000003
62b45e945108cfac7f210a4a 5 0 28.600000000000005
62b45e945108cfac7f210a4a 5 0 30.0
62b45e515108cfac7f210a3c 5 0 19.6
62b45e515108cfac7f210a3c 5 0 23.999999999999993
62b45e515108cfac7f210a3c 5 0 26.700000000000003
62b45e515108cfac7f210a3c 5 0 28.600000000000005
62b45e515108cfac7f210a3c 5 0 30.0
62b45e2eb89c9fd354170232 5 0 19.6
62b45e2eb89c9fd354170232 5 0 23.999999999999993
62b45e2eb89c9fd354170232 5 0 26.700000000000003
62b45e2eb89c9fd354170232 5 0 28.600000000000005
62b45e2eb89c9fd354170232 5 0 30.0
62b45e23e0d4551b0392c90a 5 0 19.6
62b45e23e0d4551b0392c90a 5 0 23.999999999999993
62b45e23e0d4551b0392c90a 5 0 26.700000000000003
62b45e23e0d4551b0392c90a 5 0 28.600000000000005
62b45e23e0d4551b0392c90a 5 0 30.0
62b45e21e0d4551b0392c8ed 5 0 19.6
62b45e21e0d4551b0392c8ed 5 0 23.999999999999993
62b45e21e0d4551b0392c8ed 5 0 26.700000000000003
62b45e21e0d4551b0392c8ed 5 0 28.600000000000005
62b45e21e0d4551b0392c8ed 5 0 30.0
62b45b396decaeff903e1001 5 0 19.6
62b45b396decaeff903e1001 5 0 23.999999999999993
62b45b396decaeff903e1001 5 0 26.700000000000003
62b45b396decaeff903e1001 5 0 28.600000000000005
62b45b396decaeff903e1001 5 0 30.0
62b4567ed7d32e5b55cc83d9 5 0 19.6
62b4567ed7d32e5b55cc83d9 5 0 23.999999999999993
62b4567ed7d32e5b55cc83d9 5 0 26.700000000000003
62b4567ed7d32e5b55cc83d9 5 0 28.600000000000005
62b4567ed7d32e5b55cc83d9 5 0 30.0
62b4567ad7d32e5b55cc83af 5 0 19.6
62b4567ad7d32e5b55cc83af 5 0 23.999999999999993
62b4567ad7d32e5b55cc83af 5 0 26.700000000000003
62b4567ad7d32e5b55cc83af 5 0 28.600000000000005
62b4567ad7d32e5b55cc83af 5 0 30.0
62b45679d7d32e5b55cc83a9 5 3 20.200000000000003
62b45679d7d32e5b55cc83a9 5 3 24.89999999999999
62b45679d7d32e5b55cc83a9 5 3 27.700000000000003
62b45679d7d32e5b55cc83a9 5 3 29.600000000000005
62b45679d7d32e5b55cc83a9 5 3 31.0
62b45665d7d32e5b55cc8365 5 0 20.200000000000003
62b45665d7d32e5b55cc8365 5 0 24.89999999999999
62b45665d7d32e5b55cc8365 5 0 27.700000000000003
62b45665d7d32e5b55cc8365 5 0 29.600000000000005
62b45665d7d32e5b55cc8365 5 0 31.0
62b45665d7d32e5b55cc8364 5 0 20.200000000000003
62b45665d7d32e5b55cc8364 5 0 24.89999999999999
62b45665d7d32e5b55cc8364 5 0 27.700000000000003
62b45665d7d32e5b55cc8364 5 0 29.600000000000005
62b45665d7d32e5b55cc8364 5 0 31.0
62b45665d7d32e5b55cc8363 5 0 20.200000000000003
62b45665d7d32e5b55cc8363 5 0 24.89999999999999
62b45665d7d32e5b55cc8363 5 0 27.700000000000003
62b45665d7d32e5b55cc8363 5 0 29.600000000000005
62b45665d7d32e5b55cc8363 5 0 31.0
62b438ba66fea644fe22cca2 5 0 20.200000000000003
62b438ba66fea644fe22cca2 5 0 24.89999999999999
62b438ba66fea644fe22cca2 5 0 27.700000000000003
62b438ba66fea644fe22cca2 5 0 29.600000000000005
62b438ba66fea644fe22cca2 5 0 31.0
62b438b666fea644fe22cc78 5 0 20.200000000000003
62b438b666fea644fe22cc78 5 0 24.89999999999999
62b438b666fea644fe22cc78 5 0 27.700000000000003
62b438b666fea644fe22cc78 5 0 29.600000000000005
62b438b666fea644fe22cc78 5 0 31.0
62b438b666fea644fe22cc72 5 2 20.6
62b438b666fea644fe22cc72 5 2 25.59999999999999
62b438b666fea644fe22cc72 5 2 28.6
62b438b666fea644fe22cc72 5 2 30.600000000000005
62b438b666fea644fe22cc72 5 2 32.0
62b438b566fea644fe22cc70 5 0 20.6
62b438b566fea644fe22cc70 5 0 25.59999999999999
62b438b566fea644fe22cc70 5 0 28.6
62b438b566fea644fe22cc70 5 0 30.600000000000005
62b438b566fea644fe22cc70 5 0 32.0
62b438a266fea644fe22cc2e 5 0 20.6
62b438a266fea644fe22cc2e 5 0 25.59999999999999
62b438a266fea644fe22cc2e 5 0 28.6
62b438a266fea644fe22cc2e 5 0 30.600000000000005
62b438a266fea644fe22cc2e 5 0 32.0
62b438a266fea644fe22cc2d 5 0 20.6
62b438a266fea644fe22cc2d 5 0 25.59999999999999
62b438a266fea644fe22cc2d 5 0 28.6
62b438a266fea644fe22cc2d 5 0 30.600000000000005
62b438a266fea644fe22cc2d 5 0 32.0
62b438a266fea644fe22cc2c 5 5 21.6
62b438a266fea644fe22cc2c 5 5 26.59999999999999
62b438a266fea644fe22cc2c 5 5 29.6
62b438a266fea644fe22cc2c 5 5 31.600000000000005
62b438a266fea644fe22cc2c 5 5 33.0
62ece4982e6aefcf4aabbd5f 5 5 22.6
62ece4982e6aefcf4aabbd5f 5 5 27.59999999999999
62ece4982e6aefcf4aabbd5f 5 5 30.6
62ece4982e6aefcf4aabbd5f 5 5 32.60000000000001
62ece4982e6aefcf4aabbd5f 5 5 34.0
62ece4982e6aefcf4aabbd60 5 1 22.8
62ece4982e6aefcf4aabbd60 5 1 27.99999999999999
62ece4982e6aefcf4aabbd60 5 1 31.200000000000003
62ece4982e6aefcf4aabbd60 5 1 33.400000000000006
62ece4982e6aefcf4aabbd60 5 1 35.0
62ece4982e6aefcf4aabbd61 5 5 23.8
62ece4982e6aefcf4aabbd61 5 5 28.99999999999999
62ece4982e6aefcf4aabbd61 5 5 32.2
62ece4982e6aefcf4aabbd61 5 5 34.400000000000006
62ece4982e6aefcf4aabbd61 5 5 36.0
62ece4982e6aefcf4aabbd62 5 0 23.8
62ece4982e6aefcf4aabbd62 5 0 28.99999999999999
62ece4982e6aefcf4aabbd62 5 0 32.2
62ece4982e6aefcf4aabbd62 5 0 34.400000000000006
62ece4982e6aefcf4aabbd62 5 0 36.0
62ece4982e6aefcf4aabbd63 5 4 24.6
62ece4982e6aefcf4aabbd63 5 4 29.99999999999999
62ece4982e6aefcf4aabbd63 5 4 33.2
62ece4982e6aefcf4aabbd63 5 4 35.400000000000006
62ece4982e6aefcf4aabbd63 5 4 37.0
62ece4982e6aefcf4aabbd65 5 0 24.6
62ece4982e6aefcf4aabbd65 5 0 29.99999999999999
62ece4982e6aefcf4aabbd65 5 0 33.2
62ece4982e6aefcf4aabbd65 5 0 35.400000000000006
62ece4982e6aefcf4aabbd65 5 0 37.0
62ece4982e6aefcf4aabbd66 5 1 24.8
62ece4982e6aefcf4aabbd66 5 1 30.399999999999988
62ece4982e6aefcf4aabbd66 5 1 33.800000000000004
62ece4982e6aefcf4aabbd66 5 1 36.2
62ece4982e6aefcf4aabbd66 5 1 38.0
62ece4982e6aefcf4aabbd67 5 1 25.0
62ece4982e6aefcf4aabbd67 5 1 30.799999999999986
62ece4982e6aefcf4aabbd67 5 1 34.400000000000006
62ece4982e6aefcf4aabbd67 5 1 37.0
62ece4982e6aefcf4aabbd67 5 1 39.0
62ece4982e6aefcf4aabbd68 5 2 25.4
62ece4982e6aefcf4aabbd68 5 2 31.499999999999986
62ece4982e6aefcf4aabbd68 5 2 35.300000000000004
62ece4982e6aefcf4aabbd68 5 2 38.0
62ece4982e6aefcf4aabbd68 5 2 40.0
62ece4982e6aefcf4aabbd69 5 0 25.4
62ece4982e6aefcf4aabbd69 5 0 31.499999999999986
62ece4982e6aefcf4aabbd69 5 0 35.300000000000004
62ece4982e6aefcf4aabbd69 5 0 38.0
62ece4982e6aefcf4aabbd69 5 0 40.0
62ece4982e6aefcf4aabbd6a 5 5 26.4
62ece4982e6aefcf4aabbd6a 5 5 32.499999999999986
62ece4982e6aefcf4aabbd6a 5 5 36.300000000000004
62ece4982e6aefcf4aabbd6a 5 5 39.0
62ece4982e6aefcf4aabbd6a 5 5 41.0
62ece4982e6aefcf4aabbd6b 5 1 26.599999999999998
62ece4982e6aefcf4aabbd6b 5 1 32.899999999999984
62ece4982e6aefcf4aabbd6b 5 1 36.900000000000006
62ece4982e6aefcf4aabbd6b 5 1 39.8
62ece4982e6aefcf4aabbd6b 5 1 42.0
62ece4982e6aefcf4aabbd6d 5 4 27.4
62ece4982e6aefcf4aabbd6d 5 4 33.899999999999984
62ece4982e6aefcf4aabbd6d 5 4 37.900000000000006
62ece4982e6aefcf4aabbd6d 5 4 40.8
62ece4982e6aefcf4aabbd6d 5 4 43.0
62ece4982e6aefcf4aabbd6f 5 0 27.4
62ece4982e6aefcf4aabbd6f 5 0 33.899999999999984
62ece4982e6aefcf4aabbd6f 5 0 37.900000000000006
62ece4982e6aefcf4aabbd6f 5 0 40.8
62ece4982e6aefcf4aabbd6f 5 0 43.0
62ece4982e6aefcf4aabbd70 5 3 28.0
62ece4982e6aefcf4aabbd70 5 3 34.79999999999998
62ece4982e6aefcf4aabbd70 5 3 38.900000000000006
62ece4982e6aefcf4aabbd70 5 3 41.8
62ece4982e6aefcf4aabbd70 5 3 44.0
62ece4982e6aefcf4aabbd71 5 0 28.0
62ece4982e6aefcf4aabbd71 5 0 34.79999999999998
62ece4982e6aefcf4aabbd71 5 0 38.900000000000006
62ece4982e6aefcf4aabbd71 5 0 41.8
62ece4982e6aefcf4aabbd71 5 0 44.0
62ece4982e6aefcf4aabbd72 5 0 28.0
62ece4982e6aefcf4aabbd72 5 0 34.79999999999998
62ece4982e6aefcf4aabbd72 5 0 38.900000000000006
62ece4982e6aefcf4aabbd72 5 0 41.8
62ece4982e6aefcf4aabbd72 5 0 44.0
62ece4982e6aefcf4aabbd73 5 0 28.0
62ece4982e6aefcf4aabbd73 5 0 34.79999999999998
62ece4982e6aefcf4aabbd73 5 0 38.900000000000006
62ece4982e6aefcf4aabbd73 5 0 41.8
62ece4982e6aefcf4aabbd73 5 0 44.0
62ece4982e6aefcf4aabbd74 5 0 28.0
62ece4982e6aefcf4aabbd74 5 0 34.79999999999998
62ece4982e6aefcf4aabbd74 5 0 38.900000000000006
62ece4982e6aefcf4aabbd74 5 0 41.8
62ece4982e6aefcf4aabbd74 5 0 44.0
62ece4982e6aefcf4aabbd75 5 0 28.0
62ece4982e6aefcf4aabbd75 5 0 34.79999999999998
62ece4982e6aefcf4aabbd75 5 0 38.900000000000006
62ece4982e6aefcf4aabbd75 5 0 41.8
62ece4982e6aefcf4aabbd75 5 0 44.0
62ece4982e6aefcf4aabbd76 5 0 28.0
62ece4982e6aefcf4aabbd76 5 0 34.79999999999998
62ece4982e6aefcf4aabbd76 5 0 38.900000000000006
62ece4982e6aefcf4aabbd76 5 0 41.8
62ece4982e6aefcf4aabbd76 5 0 44.0
62ece4982e6aefcf4aabbd77 5 0 28.0
62ece4982e6aefcf4aabbd77 5 0 34.79999999999998
62ece4982e6aefcf4aabbd77 5 0 38.900000000000006
62ece4982e6aefcf4aabbd77 5 0 41.8
62ece4982e6aefcf4aabbd77 5 0 44.0
62ece4992e6aefcf4aabbd78 5 1 28.2
62ece4992e6aefcf4aabbd78 5 1 35.19999999999998
62ece4992e6aefcf4aabbd78 5 1 39.50000000000001
62ece4992e6aefcf4aabbd78 5 1 42.599999999999994
62ece4992e6aefcf4aabbd78 5 1 45.0
62ece4992e6aefcf4aabbd79 5 0 28.2
62ece4992e6aefcf4aabbd79 5 0 35.19999999999998
62ece4992e6aefcf4aabbd79 5 0 39.50000000000001
62ece4992e6aefcf4aabbd79 5 0 42.599999999999994
62ece4992e6aefcf4aabbd79 5 0 45.0
62ece4992e6aefcf4aabbd7a 5 5 29.2
62ece4992e6aefcf4aabbd7a 5 5 36.19999999999998
62ece4992e6aefcf4aabbd7a 5 5 40.50000000000001
62ece4992e6aefcf4aabbd7a 5 5 43.599999999999994
62ece4992e6aefcf4aabbd7a 5 5 46.0
62ece4992e6aefcf4aabbd7b 5 0 29.2
62ece4992e6aefcf4aabbd7b 5 0 36.19999999999998
62ece4992e6aefcf4aabbd7b 5 0 40.50000000000001
62ece4992e6aefcf4aabbd7b 5 0 43.599999999999994
62ece4992e6aefcf4aabbd7b 5 0 46.0
62ece4992e6aefcf4aabbd7c 5 4 30.0
62ece4992e6aefcf4aabbd7c 5 4 37.19999999999998
62ece4992e6aefcf4aabbd7c 5 4 41.50000000000001
62ece4992e6aefcf4aabbd7c 5 4 44.599999999999994
62ece4992e6aefcf4aabbd7c 5 4 47.0
62ece4992e6aefcf4aabbd7d 5 5 31.0
62ece4992e6aefcf4aabbd7d 5 5 38.19999999999998
62ece4992e6aefcf4aabbd7d 5 5 42.50000000000001
62ece4992e6aefcf4aabbd7d 5 5 45.599999999999994
62ece4992e6aefcf4aabbd7d 5 5 48.0
62ece4992e6aefcf4aabbd7e 5 0 31.0
62ece4992e6aefcf4aabbd7e 5 0 38.19999999999998
62ece4992e6aefcf4aabbd7e 5 0 42.50000000000001
62ece4992e6aefcf4aabbd7e 5 0 45.599999999999994
62ece4992e6aefcf4aabbd7e 5 0 48.0
62ece4992e6aefcf4aabbd7f 5 5 32.0
62ece4992e6aefcf4aabbd7f 5 5 39.19999999999998
62ece4992e6aefcf4aabbd7f 5 5 43.50000000000001
62ece4992e6aefcf4aabbd7f 5 5 46.599999999999994
62ece4992e6aefcf4aabbd7f 5 5 49.0
62ece4992e6aefcf4aabbd80 5 4 32.8
62ece4992e6aefcf4aabbd80 5 4 40.19999999999998
62ece4992e6aefcf4aabbd80 5 4 44.50000000000001
62ece4992e6aefcf4aabbd80 5 4 47.599999999999994
62ece4992e6aefcf4aabbd80 5 4 50.0
62ece4992e6aefcf4aabbd82 5 3 33.4
62ece4992e6aefcf4aabbd82 5 3 41.09999999999998
62ece4992e6aefcf4aabbd82 5 3 45.50000000000001
62ece4992e6aefcf4aabbd82 5 3 48.599999999999994
62ece4992e6aefcf4aabbd82 5 3 51.0
62ece4992e6aefcf4aabbd83 5 0 33.4
62ece4992e6aefcf4aabbd83 5 0 41.09999999999998
62ece4992e6aefcf4aabbd83 5 0 45.50000000000001
62ece4992e6aefcf4aabbd83 5 0 48.599999999999994
62ece4992e6aefcf4aabbd83 5 0 51.0
62ece4992e6aefcf4aabbd84 5 3 34.0
62ece4992e6aefcf4aabbd84 5 3 41.99999999999998
62ece4992e6aefcf4aabbd84 5 3 46.50000000000001
62ece4992e6aefcf4aabbd84 5 3 49.599999999999994
62ece4992e6aefcf4aabbd84 5 3 52.0
62ece4992e6aefcf4aabbd85 5 0 34.0
62ece4992e6aefcf4aabbd85 5 0 41.99999999999998
62ece4992e6aefcf4aabbd85 5 0 46.50000000000001
62ece4992e6aefcf4aabbd85 5 0 49.599999999999994
62ece4992e6aefcf4aabbd85 5 0 52.0
62ece4992e6aefcf4aabbd86 5 2 34.4
62ece4992e6aefcf4aabbd86 5 2 42.69999999999998
62ece4992e6aefcf4aabbd86 5 2 47.400000000000006
62ece4992e6aefcf4aabbd86 5 2 50.599999999999994
62ece4992e6aefcf4aabbd86 5 2 53.0
62ece4992e6aefcf4aabbd87 5 0 34.4
62ece4992e6aefcf4aabbd87 5 0 42.69999999999998
62ece4992e6aefcf4aabbd87 5 0 47.400000000000006
62ece4992e6aefcf4aabbd87 5 0 50.599999999999994
62ece4992e6aefcf4aabbd87 5 0 53.0
62ece4992e6aefcf4aabbd88 5 0 34.4
62ece4992e6aefcf4aabbd88 5 0 42.69999999999998
62ece4992e6aefcf4aabbd88 5 0 47.400000000000006
62ece4992e6aefcf4aabbd88 5 0 50.599999999999994
62ece4992e6aefcf4aabbd88 5 0 53.0
62ece4992e6aefcf4aabbd89 5 1 34.6
62ece4992e6aefcf4aabbd89 5 1 43.09999999999998
62ece4992e6aefcf4aabbd89 5 1 48.00000000000001
62ece4992e6aefcf4aabbd89 5 1 51.39999999999999
62ece4992e6aefcf4aabbd89 5 1 54.0
62ece4992e6aefcf4aabbd8a 5 5 35.6
62ece4992e6aefcf4aabbd8a 5 5 44.09999999999998
62ece4992e6aefcf4aabbd8a 5 5 49.00000000000001
62ece4992e6aefcf4aabbd8a 5 5 52.39999999999999
62ece4992e6aefcf4aabbd8a 5 5 55.0
62ece4992e6aefcf4aabbd8b 5 0 35.6
62ece4992e6aefcf4aabbd8b 5 0 44.09999999999998
62ece4992e6aefcf4aabbd8b 5 0 49.00000000000001
62ece4992e6aefcf4aabbd8b 5 0 52.39999999999999
62ece4992e6aefcf4aabbd8b 5 0 55.0
62e60723d76274f8a4026b76 5 0 35.6
62e60723d76274f8a4026b76 5 0 44.09999999999998
62e60723d76274f8a4026b76 5 0 49.00000000000001
62e60723d76274f8a4026b76 5 0 52.39999999999999
62e60723d76274f8a4026b76 5 0 55.0
62e60873d76274f8a4026bd8 5 0 35.6
62e60873d76274f8a4026bd8 5 0 44.09999999999998
62e60873d76274f8a4026bd8 5 0 49.00000000000001
62e60873d76274f8a4026bd8 5 0 52.39999999999999
62e60873d76274f8a4026bd8 5 0 55.0
62e60e3bd76274f8a4026d1a 5 0 35.6
62e60e3bd76274f8a4026d1a 5 0 44.09999999999998
62e60e3bd76274f8a4026d1a 5 0 49.00000000000001
62e60e3bd76274f8a4026d1a 5 0 52.39999999999999
62e60e3bd76274f8a4026d1a 5 0 55.0
62b87b199a0c4fa8b80b354c 5 0 35.6
62b87b199a0c4fa8b80b354c 5 0 44.09999999999998
62b87b199a0c4fa8b80b354c 5 0 49.00000000000001
62b87b199a0c4fa8b80b354c 5 0 52.39999999999999
62b87b199a0c4fa8b80b354c 5 0 55.0
62b87b4f9a0c4fa8b80b3581 5 0 35.6
62b87b4f9a0c4fa8b80b3581 5 0 44.09999999999998
62b87b4f9a0c4fa8b80b3581 5 0 49.00000000000001
62b87b4f9a0c4fa8b80b3581 5 0 52.39999999999999
62b87b4f9a0c4fa8b80b3581 5 0 55.0
62b87b519a0c4fa8b80b3583 5 0 35.6
62b87b519a0c4fa8b80b3583 5 0 44.09999999999998
62b87b519a0c4fa8b80b3583 5 0 49.00000000000001
62b87b519a0c4fa8b80b3583 5 0 52.39999999999999
62b87b519a0c4fa8b80b3583 5 0 55.0
62b87b869a0c4fa8b80b35e1 5 0 35.6
62b87b869a0c4fa8b80b35e1 5 0 44.09999999999998
62b87b869a0c4fa8b80b35e1 5 0 49.00000000000001
62b87b869a0c4fa8b80b35e1 5 0 52.39999999999999
62b87b869a0c4fa8b80b35e1 5 0 55.0
62b8b4baeb7e40a82d2d1136 5 5 36.6
62b8b4baeb7e40a82d2d1136 5 5 45.09999999999998
62b8b4baeb7e40a82d2d1136 5 5 50.00000000000001
62b8b4baeb7e40a82d2d1136 5 5 53.39999999999999
62b8b4baeb7e40a82d2d1136 5 5 56.0
62b8b4baeb7e40a82d2d1137 5 4 37.4
62b8b4baeb7e40a82d2d1137 5 4 46.09999999999998
62b8b4baeb7e40a82d2d1137 5 4 51.00000000000001
62b8b4baeb7e40a82d2d1137 5 4 54.39999999999999
62b8b4baeb7e40a82d2d1137 5 4 57.0
62b8b4c1eb7e40a82d2d1139 5 5 38.4
62b8b4c1eb7e40a82d2d1139 5 5 47.09999999999998
62b8b4c1eb7e40a82d2d1139 5 5 52.00000000000001
62b8b4c1eb7e40a82d2d1139 5 5 55.39999999999999
62b8b4c1eb7e40a82d2d1139 5 5 58.0
62b8b559eb7e40a82d2d11f6 5 5 39.4
62b8b559eb7e40a82d2d11f6 5 5 48.09999999999998
62b8b559eb7e40a82d2d11f6 5 5 53.00000000000001
62b8b559eb7e40a82d2d11f6 5 5 56.39999999999999
62b8b559eb7e40a82d2d11f6 5 5 59.0
62b8d22a48ba5a41d1c3f47d 5 4 40.199999999999996
62b8d22a48ba5a41d1c3f47d 5 4 49.09999999999998
62b8d22a48ba5a41d1c3f47d 5 4 54.00000000000001
62b8d22a48ba5a41d1c3f47d 5 4 57.39999999999999
62b8d22a48ba5a41d1c3f47d 5 4 60.0
62b8d23748ba5a41d1c3f497 5 0 40.199999999999996
62b8d23748ba5a41d1c3f497 5 0 49.09999999999998
62b8d23748ba5a41d1c3f497 5 0 54.00000000000001
62b8d23748ba5a41d1c3f497 5 0 57.39999999999999
62b8d23748ba5a41d1c3f497 5 0 60.0
62b8d23a48ba5a41d1c3f499 5 1 40.4
62b8d23a48ba5a41d1c3f499 5 1 49.49999999999998
62b8d23a48ba5a41d1c3f499 5 1 54.60000000000001
62b8d23a48ba5a41d1c3f499 5 1 58.19999999999999
62b8d23a48ba5a41d1c3f499 5 1 61.0
62b8d23c48ba5a41d1c3f49b 5 0 40.4
62b8d23c48ba5a41d1c3f49b 5 0 49.49999999999998
62b8d23c48ba5a41d1c3f49b 5 0 54.60000000000001
62b8d23c48ba5a41d1c3f49b 5 0 58.19999999999999
62b8d23c48ba5a41d1c3f49b 5 0 61.0
62b8d23e48ba5a41d1c3f49e 5 5 41.4
62b8d23e48ba5a41d1c3f49e 5 5 50.49999999999998
62b8d23e48ba5a41d1c3f49e 5 5 55.60000000000001
62b8d23e48ba5a41d1c3f49e 5 5 59.19999999999999
62b8d23e48ba5a41d1c3f49e 5 5 62.0
62b43425903eeb48555d3ea1 5 0 41.4
62b43425903eeb48555d3ea1 5 0 50.49999999999998
62b43425903eeb48555d3ea1 5 0 55.60000000000001
62b43425903eeb48555d3ea1 5 0 59.19999999999999
62b43425903eeb48555d3ea1 5 0 62.0
62b43426903eeb48555d3ea2 5 0 41.4
62b43426903eeb48555d3ea2 5 0 50.49999999999998
62b43426903eeb48555d3ea2 5 0 55.60000000000001
62b43426903eeb48555d3ea2 5 0 59.19999999999999
62b43426903eeb48555d3ea2 5 0 62.0
62b8966c755ee91dce50a154 5 0 41.4
62b8966c755ee91dce50a154 5 0 50.49999999999998
62b8966c755ee91dce50a154 5 0 55.60000000000001
62b8966c755ee91dce50a154 5 0 59.19999999999999
62b8966c755ee91dce50a154 5 0 62.0
62b896de755ee91dce50a183 5 0 41.4
62b896de755ee91dce50a183 5 0 50.49999999999998
62b896de755ee91dce50a183 5 0 55.60000000000001
62b896de755ee91dce50a183 5 0 59.19999999999999
62b896de755ee91dce50a183 5 0 62.0
62b8a4a4755ee91dce50a3d3 5 4 42.199999999999996
62b8a4a4755ee91dce50a3d3 5 4 51.49999999999998
62b8a4a4755ee91dce50a3d3 5 4 56.60000000000001
62b8a4a4755ee91dce50a3d3 5 4 60.19999999999999
62b8a4a4755ee91dce50a3d3 5 4 63.0
62b8a7b2755ee91dce50a4a7 5 1 42.4
62b8a7b2755ee91dce50a4a7 5 1 51.89999999999998
62b8a7b2755ee91dce50a4a7 5 1 57.20000000000001
62b8a7b2755ee91dce50a4a7 5 1 60.999999999999986
62b8a7b2755ee91dce50a4a7 5 1 64.0
6305f9991d275c6667163c50 5 5 43.4
6305f9991d275c6667163c50 5 5 52.89999999999998
6305f9991d275c6667163c50 5 5 58.20000000000001
6305f9991d275c6667163c50 5 5 61.999999999999986
6305f9991d275c6667163c50 5 5 65.0
6306292052e177c0ba469f09 5 0 43.4
6306292052e177c0ba469f09 5 0 52.89999999999998
6306292052e177c0ba469f09 5 0 58.20000000000001
6306292052e177c0ba469f09 5 0 61.999999999999986
6306292052e177c0ba469f09 5 0 65.0
6306292152e177c0ba469f0d 5 0 43.4
6306292152e177c0ba469f0d 5 0 52.89999999999998
6306292152e177c0ba469f0d 5 0 58.20000000000001
6306292152e177c0ba469f0d 5 0 61.999999999999986
6306292152e177c0ba469f0d 5 0 65.0
6306292252e177c0ba469f11 5 5 44.4
6306292252e177c0ba469f11 5 5 53.89999999999998
6306292252e177c0ba469f11 5 5 59.20000000000001
6306292252e177c0ba469f11 5 5 62.999999999999986
6306292252e177c0ba469f11 5 5 66.0
6306292352e177c0ba469f1d 5 0 44.4
6306292352e177c0ba469f1d 5 0 53.89999999999998
6306292352e177c0ba469f1d 5 0 59.20000000000001
6306292352e177c0ba469f1d 5 0 62.999999999999986
6306292352e177c0ba469f1d 5 0 66.0
6306292352e177c0ba469f1e 5 0 44.4
6306292352e177c0ba469f1e 5 0 53.89999999999998
6306292352e177c0ba469f1e 5 0 59.20000000000001
6306292352e177c0ba469f1e 5 0 62.999999999999986
6306292352e177c0ba469f1e 5 0 66.0
6306292652e177c0ba469f34 5 0 44.4
6306292652e177c0ba469f34 5 0 53.89999999999998
6306292652e177c0ba469f34 5 0 59.20000000000001
6306292652e177c0ba469f34 5 0 62.999999999999986
6306292652e177c0ba469f34 5 0 66.0
6306292a52e177c0ba469f41 5 0 44.4
6306292a52e177c0ba469f41 5 0 53.89999999999998
6306292a52e177c0ba469f41 5 0 59.20000000000001
6306292a52e177c0ba469f41 5 0 62.999999999999986
6306292a52e177c0ba469f41 5 0 66.0
6306298b52e177c0ba469fdc 5 1 44.6
6306298b52e177c0ba469fdc 5 1 54.299999999999976
6306298b52e177c0ba469fdc 5 1 59.80000000000001
6306298b52e177c0ba469fdc 5 1 63.79999999999998
6306298b52e177c0ba469fdc 5 1 67.0
6306299052e177c0ba469fe8 5 1 44.800000000000004
6306299052e177c0ba469fe8 5 1 54.699999999999974
6306299052e177c0ba469fe8 5 1 60.40000000000001
6306299052e177c0ba469fe8 5 1 64.59999999999998
6306299052e177c0ba469fe8 5 1 68.0
630629b952e177c0ba46a043 5 0 44.800000000000004
630629b952e177c0ba46a043 5 0 54.699999999999974
630629b952e177c0ba46a043 5 0 60.40000000000001
630629b952e177c0ba46a043 5 0 64.59999999999998
630629b952e177c0ba46a043 5 0 68.0
630629d052e177c0ba46a0a1 5 0 44.800000000000004
630629d052e177c0ba46a0a1 5 0 54.699999999999974
630629d052e177c0ba46a0a1 5 0 60.40000000000001
630629d052e177c0ba46a0a1 5 0 64.59999999999998
630629d052e177c0ba46a0a1 5 0 68.0
630629e052e177c0ba46a0c4 5 0 44.800000000000004
630629e052e177c0ba46a0c4 5 0 54.699999999999974
630629e052e177c0ba46a0c4 5 0 60.40000000000001
630629e052e177c0ba46a0c4 5 0 64.59999999999998
630629e052e177c0ba46a0c4 5 0 68.0
630629e152e177c0ba46a0d1 5 5 45.800000000000004
630629e152e177c0ba46a0d1 5 5 55.699999999999974
630629e152e177c0ba46a0d1 5 5 61.40000000000001
630629e152e177c0ba46a0d1 5 5 65.59999999999998
630629e152e177c0ba46a0d1 5 5 69.0
630629e152e177c0ba46a0d2 5 0 45.800000000000004
630629e152e177c0ba46a0d2 5 0 55.699999999999974
630629e152e177c0ba46a0d2 5 0 61.40000000000001
630629e152e177c0ba46a0d2 5 0 65.59999999999998
630629e152e177c0ba46a0d2 5 0 69.0
630629e252e177c0ba46a0d6 5 0 45.800000000000004
630629e252e177c0ba46a0d6 5 0 55.699999999999974
630629e252e177c0ba46a0d6 5 0 61.40000000000001
630629e252e177c0ba46a0d6 5 0 65.59999999999998
630629e252e177c0ba46a0d6 5 0 69.0
630629e752e177c0ba46a0fb 5 0 45.800000000000004
630629e752e177c0ba46a0fb 5 0 55.699999999999974
630629e752e177c0ba46a0fb 5 0 61.40000000000001
630629e752e177c0ba46a0fb 5 0 65.59999999999998
630629e752e177c0ba46a0fb 5 0 69.0
6306091073426c38ae68acac 5 0 45.800000000000004
6306091073426c38ae68acac 5 0 55.699999999999974
6306091073426c38ae68acac 5 0 61.40000000000001
6306091073426c38ae68acac 5 0 65.59999999999998
6306091073426c38ae68acac 5 0 69.0
6306091a73426c38ae68acc8 5 0 45.800000000000004
6306091a73426c38ae68acc8 5 0 55.699999999999974
6306091a73426c38ae68acc8 5 0 61.40000000000001
6306091a73426c38ae68acc8 5 0 65.59999999999998
6306091a73426c38ae68acc8 5 0 69.0
6306091b73426c38ae68acd7 5 0 45.800000000000004
6306091b73426c38ae68acd7 5 0 55.699999999999974
6306091b73426c38ae68acd7 5 0 61.40000000000001
6306091b73426c38ae68acd7 5 0 65.59999999999998
6306091b73426c38ae68acd7 5 0 69.0
6306091b73426c38ae68acd9 5 0 45.800000000000004
6306091b73426c38ae68acd9 5 0 55.699999999999974
6306091b73426c38ae68acd9 5 0 61.40000000000001
6306091b73426c38ae68acd9 5 0 65.59999999999998
6306091b73426c38ae68acd9 5 0 69.0
6306091b73426c38ae68acda 5 0 45.800000000000004
6306091b73426c38ae68acda 5 0 55.699999999999974
6306091b73426c38ae68acda 5 0 61.40000000000001
6306091b73426c38ae68acda 5 0 65.59999999999998
6306091b73426c38ae68acda 5 0 69.0
6306091c73426c38ae68acdc 5 0 45.800000000000004
6306091c73426c38ae68acdc 5 0 55.699999999999974
6306091c73426c38ae68acdc 5 0 61.40000000000001
6306091c73426c38ae68acdc 5 0 65.59999999999998
6306091c73426c38ae68acdc 5 0 69.0
6306091c73426c38ae68acdd 5 0 45.800000000000004
6306091c73426c38ae68acdd 5 0 55.699999999999974
6306091c73426c38ae68acdd 5 0 61.40000000000001
6306091c73426c38ae68acdd 5 0 65.59999999999998
6306091c73426c38ae68acdd 5 0 69.0
6306091d73426c38ae68ace5 5 0 45.800000000000004
6306091d73426c38ae68ace5 5 0 55.699999999999974
6306091d73426c38ae68ace5 5 0 61.40000000000001
6306091d73426c38ae68ace5 5 0 65.59999999999998
6306091d73426c38ae68ace5 5 0 69.0
6306092373426c38ae68acfa 5 0 45.800000000000004
6306092373426c38ae68acfa 5 0 55.699999999999974
6306092373426c38ae68acfa 5 0 61.40000000000001
6306092373426c38ae68acfa 5 0 65.59999999999998
6306092373426c38ae68acfa 5 0 69.0
6306092973426c38ae68ad01 5 0 45.800000000000004
6306092973426c38ae68ad01 5 0 55.699999999999974
6306092973426c38ae68ad01 5 0 61.40000000000001
6306092973426c38ae68ad01 5 0 65.59999999999998
6306092973426c38ae68ad01 5 0 69.0
6306092c73426c38ae68ad02 5 0 45.800000000000004
6306092c73426c38ae68ad02 5 0 55.699999999999974
6306092c73426c38ae68ad02 5 0 61.40000000000001
6306092c73426c38ae68ad02 5 0 65.59999999999998
6306092c73426c38ae68ad02 5 0 69.0
6306092d73426c38ae68ad04 5 0 45.800000000000004
6306092d73426c38ae68ad04 5 0 55.699999999999974
6306092d73426c38ae68ad04 5 0 61.40000000000001
6306092d73426c38ae68ad04 5 0 65.59999999999998
6306092d73426c38ae68ad04 5 0 69.0
6306092d73426c38ae68ad05 5 0 45.800000000000004
6306092d73426c38ae68ad05 5 0 55.699999999999974
6306092d73426c38ae68ad05 5 0 61.40000000000001
6306092d73426c38ae68ad05 5 0 65.59999999999998
6306092d73426c38ae68ad05 5 0 69.0
6306092d73426c38ae68ad06 5 0 45.800000000000004
6306092d73426c38ae68ad06 5 0 55.699999999999974
6306092d73426c38ae68ad06 5 0 61.40000000000001
6306092d73426c38ae68ad06 5 0 65.59999999999998
6306092d73426c38ae68ad06 5 0 69.0
6306092d73426c38ae68ad07 5 0 45.800000000000004
6306092d73426c38ae68ad07 5 0 55.699999999999974
6306092d73426c38ae68ad07 5 0 61.40000000000001
6306092d73426c38ae68ad07 5 0 65.59999999999998
6306092d73426c38ae68ad07 5 0 69.0
6306092d73426c38ae68ad08 5 1 46.00000000000001
6306092d73426c38ae68ad08 5 1 56.09999999999997
6306092d73426c38ae68ad08 5 1 62.000000000000014
6306092d73426c38ae68ad08 5 1 66.39999999999998
6306092d73426c38ae68ad08 5 1 70.0
6306092e73426c38ae68ad09 5 0 46.00000000000001
6306092e73426c38ae68ad09 5 0 56.09999999999997
6306092e73426c38ae68ad09 5 0 62.000000000000014
6306092e73426c38ae68ad09 5 0 66.39999999999998
6306092e73426c38ae68ad09 5 0 70.0
6306092e73426c38ae68ad0a 5 0 46.00000000000001
6306092e73426c38ae68ad0a 5 0 56.09999999999997
6306092e73426c38ae68ad0a 5 0 62.000000000000014
6306092e73426c38ae68ad0a 5 0 66.39999999999998
6306092e73426c38ae68ad0a 5 0 70.0
6306092e73426c38ae68ad0b 5 0 46.00000000000001
6306092e73426c38ae68ad0b 5 0 56.09999999999997
6306092e73426c38ae68ad0b 5 0 62.000000000000014
6306092e73426c38ae68ad0b 5 0 66.39999999999998
6306092e73426c38ae68ad0b 5 0 70.0
6306092e73426c38ae68ad0d 5 0 46.00000000000001
6306092e73426c38ae68ad0d 5 0 56.09999999999997
6306092e73426c38ae68ad0d 5 0 62.000000000000014
6306092e73426c38ae68ad0d 5 0 66.39999999999998
6306092e73426c38ae68ad0d 5 0 70.0
6306092e73426c38ae68ad0f 5 0 46.00000000000001
6306092e73426c38ae68ad0f 5 0 56.09999999999997
6306092e73426c38ae68ad0f 5 0 62.000000000000014
6306092e73426c38ae68ad0f 5 0 66.39999999999998
6306092e73426c38ae68ad0f 5 0 70.0
6306092e73426c38ae68ad11 5 0 46.00000000000001
6306092e73426c38ae68ad11 5 0 56.09999999999997
6306092e73426c38ae68ad11 5 0 62.000000000000014
6306092e73426c38ae68ad11 5 0 66.39999999999998
6306092e73426c38ae68ad11 5 0 70.0
6306092f73426c38ae68ad13 5 2 46.400000000000006
6306092f73426c38ae68ad13 5 2 56.799999999999976
6306092f73426c38ae68ad13 5 2 62.90000000000001
6306092f73426c38ae68ad13 5 2 67.39999999999998
6306092f73426c38ae68ad13 5 2 71.0
6306093273426c38ae68ad15 5 0 46.400000000000006
6306093273426c38ae68ad15 5 0 56.799999999999976
6306093273426c38ae68ad15 5 0 62.90000000000001
6306093273426c38ae68ad15 5 0 67.39999999999998
6306093273426c38ae68ad15 5 0 71.0
63060ada73426c38ae68ad31 5 0 46.400000000000006
63060ada73426c38ae68ad31 5 0 56.799999999999976
63060ada73426c38ae68ad31 5 0 62.90000000000001
63060ada73426c38ae68ad31 5 0 67.39999999999998
63060ada73426c38ae68ad31 5 0 71.0
63060b1a73426c38ae68ad3e 5 0 46.400000000000006
63060b1a73426c38ae68ad3e 5 0 56.799999999999976
63060b1a73426c38ae68ad3e 5 0 62.90000000000001
63060b1a73426c38ae68ad3e 5 0 67.39999999999998
63060b1a73426c38ae68ad3e 5 0 71.0
63060b1b73426c38ae68ad42 5 0 46.400000000000006
63060b1b73426c38ae68ad42 5 0 56.799999999999976
63060b1b73426c38ae68ad42 5 0 62.90000000000001
63060b1b73426c38ae68ad42 5 0 67.39999999999998
63060b1b73426c38ae68ad42 5 0 71.0
63060b1b73426c38ae68ad43 5 5 47.400000000000006
63060b1b73426c38ae68ad43 5 5 57.799999999999976
63060b1b73426c38ae68ad43 5 5 63.90000000000001
63060b1b73426c38ae68ad43 5 5 68.39999999999998
63060b1b73426c38ae68ad43 5 5 72.0
62ece4982e6aefcf4aabbd64 5 0 47.400000000000006
62ece4982e6aefcf4aabbd64 5 0 57.799999999999976
62ece4982e6aefcf4aabbd64 5 0 63.90000000000001
62ece4982e6aefcf4aabbd64 5 0 68.39999999999998
62ece4982e6aefcf4aabbd64 5 0 72.0
230 230
[47.400000000000006, 57.799999999999976, 63.90000000000001, 68.39999999999998, 72.0]
0.20608695652173917
 20.61%
0.25130434782608685
 25.13%
0.2778260869565218
 27.78%
0.297391304347826
 29.74%
0.3130434782608696
 31.30%
finish_overall
plib_runnable	21

  19.05%	
  25.24%	
  29.05%	
  31.43%	
  33.33%	


project_runnable	23

  9.57%	
  10.43%	
  11.30%	
  12.17%	
  13.04%	


class_runnable	55

  11.64%	
  14.36%	
  15.82%	
  17.09%	
  18.18%	


self_contained	35

  40.57%	
  47.71%	
  52.57%	
  56.57%	
  60.00%	


file_runnable	68

  19.41%	
  23.68%	
  26.32%	
  28.24%	
  29.41%	


slib_runnable	28

  26.43%	
  33.57%	
  36.43%	
  37.86%	
  39.29%	


230
0
