62e60f43d76274f8a4026e28 5 0 0.0
62e60f43d76274f8a4026e28 5 0 0.0
62e60f43d76274f8a4026e28 5 0 0.0
62e60f43d76274f8a4026e28 5 0 0.0
62e60f43d76274f8a4026e28 5 0 0.0
62e60f3bd76274f8a4026e10 5 0 0.0
62e60f3bd76274f8a4026e10 5 0 0.0
62e60f3bd76274f8a4026e10 5 0 0.0
62e60f3bd76274f8a4026e10 5 0 0.0
62e60f3bd76274f8a4026e10 5 0 0.0
62e60f37d76274f8a4026dfd 5 0 0.0
62e60f37d76274f8a4026dfd 5 0 0.0
62e60f37d76274f8a4026dfd 5 0 0.0
62e60f37d76274f8a4026dfd 5 0 0.0
62e60f37d76274f8a4026dfd 5 0 0.0
62e60f33d76274f8a4026de9 5 0 0.0
62e60f33d76274f8a4026de9 5 0 0.0
62e60f33d76274f8a4026de9 5 0 0.0
62e60f33d76274f8a4026de9 5 0 0.0
62e60f33d76274f8a4026de9 5 0 0.0
62e60ed4d76274f8a4026da0 5 5 1.0
62e60ed4d76274f8a4026da0 5 5 1.0
62e60ed4d76274f8a4026da0 5 5 1.0
62e60ed4d76274f8a4026da0 5 5 1.0
62e60ed4d76274f8a4026da0 5 5 1.0
62e60ecfd76274f8a4026d6a 5 0 1.0
62e60ecfd76274f8a4026d6a 5 0 1.0
62e60ecfd76274f8a4026d6a 5 0 1.0
62e60ecfd76274f8a4026d6a 5 0 1.0
62e60ecfd76274f8a4026d6a 5 0 1.0
62e60e49d76274f8a4026d25 5 1 1.2
62e60e49d76274f8a4026d25 5 1 1.4
62e60e49d76274f8a4026d25 5 1 1.6
62e60e49d76274f8a4026d25 5 1 1.8
62e60e49d76274f8a4026d25 5 1 2.0
62e60e05d76274f8a4026cfd 5 1 1.4
62e60e05d76274f8a4026cfd 5 1 1.7999999999999998
62e60e05d76274f8a4026cfd 5 1 2.2
62e60e05d76274f8a4026cfd 5 1 2.6
62e60e05d76274f8a4026cfd 5 1 3.0
62e60da4d76274f8a4026cf1 5 3 2.0
62e60da4d76274f8a4026cf1 5 3 2.6999999999999997
62e60da4d76274f8a4026cf1 5 3 3.2
62e60da4d76274f8a4026cf1 5 3 3.6
62e60da4d76274f8a4026cf1 5 3 4.0
62e60b10d76274f8a4026ccd 5 0 2.0
62e60b10d76274f8a4026ccd 5 0 2.6999999999999997
62e60b10d76274f8a4026ccd 5 0 3.2
62e60b10d76274f8a4026ccd 5 0 3.6
62e60b10d76274f8a4026ccd 5 0 4.0
62e6087bd76274f8a4026bfa 5 0 2.0
62e6087bd76274f8a4026bfa 5 0 2.6999999999999997
62e6087bd76274f8a4026bfa 5 0 3.2
62e6087bd76274f8a4026bfa 5 0 3.6
62e6087bd76274f8a4026bfa 5 0 4.0
62e6087ad76274f8a4026bf2 5 0 2.0
62e6087ad76274f8a4026bf2 5 0 2.6999999999999997
62e6087ad76274f8a4026bf2 5 0 3.2
62e6087ad76274f8a4026bf2 5 0 3.6
62e6087ad76274f8a4026bf2 5 0 4.0
62e60879d76274f8a4026bec 5 0 2.0
62e60879d76274f8a4026bec 5 0 2.6999999999999997
62e60879d76274f8a4026bec 5 0 3.2
62e60879d76274f8a4026bec 5 0 3.6
62e60879d76274f8a4026bec 5 0 4.0
62e60723d76274f8a4026b75 5 5 3.0
62e60723d76274f8a4026b75 5 5 3.6999999999999997
62e60723d76274f8a4026b75 5 5 4.2
62e60723d76274f8a4026b75 5 5 4.6
62e60723d76274f8a4026b75 5 5 5.0
62e60707d76274f8a4026b69 5 0 3.0
62e60707d76274f8a4026b69 5 0 3.6999999999999997
62e60707d76274f8a4026b69 5 0 4.2
62e60707d76274f8a4026b69 5 0 4.6
62e60707d76274f8a4026b69 5 0 5.0
62e5dc9ed76274f8a4026b5b 5 1 3.2
62e5dc9ed76274f8a4026b5b 5 1 4.1
62e5dc9ed76274f8a4026b5b 5 1 4.8
62e5dc9ed76274f8a4026b5b 5 1 5.3999999999999995
62e5dc9ed76274f8a4026b5b 5 1 6.0
62e4fc3c85ea98643089041e 5 0 3.2
62e4fc3c85ea98643089041e 5 0 4.1
62e4fc3c85ea98643089041e 5 0 4.8
62e4fc3c85ea98643089041e 5 0 5.3999999999999995
62e4fc3c85ea98643089041e 5 0 6.0
62e4fbda85ea986430890405 5 0 3.2
62e4fbda85ea986430890405 5 0 4.1
62e4fbda85ea986430890405 5 0 4.8
62e4fbda85ea986430890405 5 0 5.3999999999999995
62e4fbda85ea986430890405 5 0 6.0
62e4fbda85ea986430890403 5 0 3.2
62e4fbda85ea986430890403 5 0 4.1
62e4fbda85ea986430890403 5 0 4.8
62e4fbda85ea986430890403 5 0 5.3999999999999995
62e4fbda85ea986430890403 5 0 6.0
62e4fb6585ea98643089032b 5 4 4.0
62e4fb6585ea98643089032b 5 4 5.1
62e4fb6585ea98643089032b 5 4 5.8
62e4fb6585ea98643089032b 5 4 6.3999999999999995
62e4fb6585ea98643089032b 5 4 7.0
62e4fb4d85ea9864308902e7 5 0 4.0
62e4fb4d85ea9864308902e7 5 0 5.1
62e4fb4d85ea9864308902e7 5 0 5.8
62e4fb4d85ea9864308902e7 5 0 6.3999999999999995
62e4fb4d85ea9864308902e7 5 0 7.0
62b8d27a48ba5a41d1c3f4c6 5 0 4.0
62b8d27a48ba5a41d1c3f4c6 5 0 5.1
62b8d27a48ba5a41d1c3f4c6 5 0 5.8
62b8d27a48ba5a41d1c3f4c6 5 0 6.3999999999999995
62b8d27a48ba5a41d1c3f4c6 5 0 7.0
62b8d24048ba5a41d1c3f49f 5 0 4.0
62b8d24048ba5a41d1c3f49f 5 0 5.1
62b8d24048ba5a41d1c3f49f 5 0 5.8
62b8d24048ba5a41d1c3f49f 5 0 6.3999999999999995
62b8d24048ba5a41d1c3f49f 5 0 7.0
62b8d23b48ba5a41d1c3f49a 5 0 4.0
62b8d23b48ba5a41d1c3f49a 5 0 5.1
62b8d23b48ba5a41d1c3f49a 5 0 5.8
62b8d23b48ba5a41d1c3f49a 5 0 6.3999999999999995
62b8d23b48ba5a41d1c3f49a 5 0 7.0
62b8d23948ba5a41d1c3f498 5 0 4.0
62b8d23948ba5a41d1c3f498 5 0 5.1
62b8d23948ba5a41d1c3f498 5 0 5.8
62b8d23948ba5a41d1c3f498 5 0 6.3999999999999995
62b8d23948ba5a41d1c3f498 5 0 7.0
62b8d23748ba5a41d1c3f496 5 0 4.0
62b8d23748ba5a41d1c3f496 5 0 5.1
62b8d23748ba5a41d1c3f496 5 0 5.8
62b8d23748ba5a41d1c3f496 5 0 6.3999999999999995
62b8d23748ba5a41d1c3f496 5 0 7.0
62b8d22f48ba5a41d1c3f488 5 4 4.8
62b8d22f48ba5a41d1c3f488 5 4 6.1
62b8d22f48ba5a41d1c3f488 5 4 6.8
62b8d22f48ba5a41d1c3f488 5 4 7.3999999999999995
62b8d22f48ba5a41d1c3f488 5 4 8.0
62b8d22a48ba5a41d1c3f47e 5 1 5.0
62b8d22a48ba5a41d1c3f47e 5 1 6.5
62b8d22a48ba5a41d1c3f47e 5 1 7.3999999999999995
62b8d22a48ba5a41d1c3f47e 5 1 8.2
62b8d22a48ba5a41d1c3f47e 5 1 9.0
62b8d22948ba5a41d1c3f47c 5 5 6.0
62b8d22948ba5a41d1c3f47c 5 5 7.5
62b8d22948ba5a41d1c3f47c 5 5 8.399999999999999
62b8d22948ba5a41d1c3f47c 5 5 9.2
62b8d22948ba5a41d1c3f47c 5 5 10.0
62b8d22548ba5a41d1c3f472 5 4 6.8
62b8d22548ba5a41d1c3f472 5 4 8.5
62b8d22548ba5a41d1c3f472 5 4 9.399999999999999
62b8d22548ba5a41d1c3f472 5 4 10.2
62b8d22548ba5a41d1c3f472 5 4 11.0
62b8c517e0d34b282c18122e 5 0 6.8
62b8c517e0d34b282c18122e 5 0 8.5
62b8c517e0d34b282c18122e 5 0 9.399999999999999
62b8c517e0d34b282c18122e 5 0 10.2
62b8c517e0d34b282c18122e 5 0 11.0
62b8bbbfe0d34b282c181210 5 2 7.199999999999999
62b8bbbfe0d34b282c181210 5 2 9.2
62b8bbbfe0d34b282c181210 5 2 10.299999999999999
62b8bbbfe0d34b282c181210 5 2 11.2
62b8bbbfe0d34b282c181210 5 2 12.0
62b8bbbfe0d34b282c18120f 5 4 7.999999999999999
62b8bbbfe0d34b282c18120f 5 4 10.2
62b8bbbfe0d34b282c18120f 5 4 11.299999999999999
62b8bbbfe0d34b282c18120f 5 4 12.2
62b8bbbfe0d34b282c18120f 5 4 13.0
62b8bbbce0d34b282c18120d 5 3 8.6
62b8bbbce0d34b282c18120d 5 3 11.1
62b8bbbce0d34b282c18120d 5 3 12.299999999999999
62b8bbbce0d34b282c18120d 5 3 13.2
62b8bbbce0d34b282c18120d 5 3 14.0
62b8b99de0d34b282c1811f8 5 0 8.6
62b8b99de0d34b282c1811f8 5 0 11.1
62b8b99de0d34b282c1811f8 5 0 12.299999999999999
62b8b99de0d34b282c1811f8 5 0 13.2
62b8b99de0d34b282c1811f8 5 0 14.0
62b8b59feb7e40a82d2d1291 5 0 8.6
62b8b59feb7e40a82d2d1291 5 0 11.1
62b8b59feb7e40a82d2d1291 5 0 12.299999999999999
62b8b59feb7e40a82d2d1291 5 0 13.2
62b8b59feb7e40a82d2d1291 5 0 14.0
62b8b590eb7e40a82d2d1275 5 0 8.6
62b8b590eb7e40a82d2d1275 5 0 11.1
62b8b590eb7e40a82d2d1275 5 0 12.299999999999999
62b8b590eb7e40a82d2d1275 5 0 13.2
62b8b590eb7e40a82d2d1275 5 0 14.0
62b8b58deb7e40a82d2d1269 5 1 8.799999999999999
62b8b58deb7e40a82d2d1269 5 1 11.5
62b8b58deb7e40a82d2d1269 5 1 12.899999999999999
62b8b58deb7e40a82d2d1269 5 1 14.0
62b8b58deb7e40a82d2d1269 5 1 15.0
62b8b559eb7e40a82d2d11f8 5 4 9.6
62b8b559eb7e40a82d2d11f8 5 4 12.5
62b8b559eb7e40a82d2d11f8 5 4 13.899999999999999
62b8b559eb7e40a82d2d11f8 5 4 15.0
62b8b559eb7e40a82d2d11f8 5 4 16.0
62b8b4b9eb7e40a82d2d1134 5 0 9.6
62b8b4b9eb7e40a82d2d1134 5 0 12.5
62b8b4b9eb7e40a82d2d1134 5 0 13.899999999999999
62b8b4b9eb7e40a82d2d1134 5 0 15.0
62b8b4b9eb7e40a82d2d1134 5 0 16.0
62b8b416eb7e40a82d2d1129 5 0 9.6
62b8b416eb7e40a82d2d1129 5 0 12.5
62b8b416eb7e40a82d2d1129 5 0 13.899999999999999
62b8b416eb7e40a82d2d1129 5 0 15.0
62b8b416eb7e40a82d2d1129 5 0 16.0
62b8b3d6eb7e40a82d2d111c 5 1 9.799999999999999
62b8b3d6eb7e40a82d2d111c 5 1 12.9
62b8b3d6eb7e40a82d2d111c 5 1 14.499999999999998
62b8b3d6eb7e40a82d2d111c 5 1 15.8
62b8b3d6eb7e40a82d2d111c 5 1 17.0
62b8b3d5eb7e40a82d2d1110 5 0 9.799999999999999
62b8b3d5eb7e40a82d2d1110 5 0 12.9
62b8b3d5eb7e40a82d2d1110 5 0 14.499999999999998
62b8b3d5eb7e40a82d2d1110 5 0 15.8
62b8b3d5eb7e40a82d2d1110 5 0 17.0
62b8b3d4eb7e40a82d2d110f 5 5 10.799999999999999
62b8b3d4eb7e40a82d2d110f 5 5 13.9
62b8b3d4eb7e40a82d2d110f 5 5 15.499999999999998
62b8b3d4eb7e40a82d2d110f 5 5 16.8
62b8b3d4eb7e40a82d2d110f 5 5 18.0
62b8b3d4eb7e40a82d2d110e 5 2 11.2
62b8b3d4eb7e40a82d2d110e 5 2 14.6
62b8b3d4eb7e40a82d2d110e 5 2 16.4
62b8b3d4eb7e40a82d2d110e 5 2 17.8
62b8b3d4eb7e40a82d2d110e 5 2 19.0
62b8b3d4eb7e40a82d2d110d 5 1 11.399999999999999
62b8b3d4eb7e40a82d2d110d 5 1 15.0
62b8b3d4eb7e40a82d2d110d 5 1 17.0
62b8b3d4eb7e40a82d2d110d 5 1 18.6
62b8b3d4eb7e40a82d2d110d 5 1 20.0
62b87b989a0c4fa8b80b35ee 5 0 11.399999999999999
62b87b989a0c4fa8b80b35ee 5 0 15.0
62b87b989a0c4fa8b80b35ee 5 0 17.0
62b87b989a0c4fa8b80b35ee 5 0 18.6
62b87b989a0c4fa8b80b35ee 5 0 20.0
62b87b859a0c4fa8b80b35d7 5 0 11.399999999999999
62b87b859a0c4fa8b80b35d7 5 0 15.0
62b87b859a0c4fa8b80b35d7 5 0 17.0
62b87b859a0c4fa8b80b35d7 5 0 18.6
62b87b859a0c4fa8b80b35d7 5 0 20.0
62b87b839a0c4fa8b80b35cb 5 0 11.399999999999999
62b87b839a0c4fa8b80b35cb 5 0 15.0
62b87b839a0c4fa8b80b35cb 5 0 17.0
62b87b839a0c4fa8b80b35cb 5 0 18.6
62b87b839a0c4fa8b80b35cb 5 0 20.0
62b87b7e9a0c4fa8b80b35bc 5 0 11.399999999999999
62b87b7e9a0c4fa8b80b35bc 5 0 15.0
62b87b7e9a0c4fa8b80b35bc 5 0 17.0
62b87b7e9a0c4fa8b80b35bc 5 0 18.6
62b87b7e9a0c4fa8b80b35bc 5 0 20.0
62b87b4f9a0c4fa8b80b3580 5 2 11.799999999999999
62b87b4f9a0c4fa8b80b3580 5 2 15.7
62b87b4f9a0c4fa8b80b3580 5 2 17.9
62b87b4f9a0c4fa8b80b3580 5 2 19.6
62b87b4f9a0c4fa8b80b3580 5 2 21.0
62b87b199a0c4fa8b80b354e 5 5 12.799999999999999
62b87b199a0c4fa8b80b354e 5 5 16.7
62b87b199a0c4fa8b80b354e 5 5 18.9
62b87b199a0c4fa8b80b354e 5 5 20.6
62b87b199a0c4fa8b80b354e 5 5 22.0
62b87b099a0c4fa8b80b3538 5 5 13.799999999999999
62b87b099a0c4fa8b80b3538 5 5 17.7
62b87b099a0c4fa8b80b3538 5 5 19.9
62b87b099a0c4fa8b80b3538 5 5 21.6
62b87b099a0c4fa8b80b3538 5 5 23.0
62b87af99a0c4fa8b80b3524 5 5 14.799999999999999
62b87af99a0c4fa8b80b3524 5 5 18.7
62b87af99a0c4fa8b80b3524 5 5 20.9
62b87af99a0c4fa8b80b3524 5 5 22.6
62b87af99a0c4fa8b80b3524 5 5 24.0
62b87af69a0c4fa8b80b351a 5 5 15.799999999999999
62b87af69a0c4fa8b80b351a 5 5 19.7
62b87af69a0c4fa8b80b351a 5 5 21.9
62b87af69a0c4fa8b80b351a 5 5 23.6
62b87af69a0c4fa8b80b351a 5 5 25.0
62b87af19a0c4fa8b80b34f7 5 0 15.799999999999999
62b87af19a0c4fa8b80b34f7 5 0 19.7
62b87af19a0c4fa8b80b34f7 5 0 21.9
62b87af19a0c4fa8b80b34f7 5 0 23.6
62b87af19a0c4fa8b80b34f7 5 0 25.0
62b87af09a0c4fa8b80b34f1 5 0 15.799999999999999
62b87af09a0c4fa8b80b34f1 5 0 19.7
62b87af09a0c4fa8b80b34f1 5 0 21.9
62b87af09a0c4fa8b80b34f1 5 0 23.6
62b87af09a0c4fa8b80b34f1 5 0 25.0
62b86aa3b4d922cb0e688d36 5 0 15.799999999999999
62b86aa3b4d922cb0e688d36 5 0 19.7
62b86aa3b4d922cb0e688d36 5 0 21.9
62b86aa3b4d922cb0e688d36 5 0 23.6
62b86aa3b4d922cb0e688d36 5 0 25.0
62b86a9eb4d922cb0e688d25 5 0 15.799999999999999
62b86a9eb4d922cb0e688d25 5 0 19.7
62b86a9eb4d922cb0e688d25 5 0 21.9
62b86a9eb4d922cb0e688d25 5 0 23.6
62b86a9eb4d922cb0e688d25 5 0 25.0
62b86a4fb4d922cb0e688cf8 5 0 15.799999999999999
62b86a4fb4d922cb0e688cf8 5 0 19.7
62b86a4fb4d922cb0e688cf8 5 0 21.9
62b86a4fb4d922cb0e688cf8 5 0 23.6
62b86a4fb4d922cb0e688cf8 5 0 25.0
62b86a4fb4d922cb0e688cf7 5 0 15.799999999999999
62b86a4fb4d922cb0e688cf7 5 0 19.7
62b86a4fb4d922cb0e688cf7 5 0 21.9
62b86a4fb4d922cb0e688cf7 5 0 23.6
62b86a4fb4d922cb0e688cf7 5 0 25.0
62b86a01b4d922cb0e688ccc 5 0 15.799999999999999
62b86a01b4d922cb0e688ccc 5 0 19.7
62b86a01b4d922cb0e688ccc 5 0 21.9
62b86a01b4d922cb0e688ccc 5 0 23.6
62b86a01b4d922cb0e688ccc 5 0 25.0
62b869ebb4d922cb0e688cc6 5 3 16.4
62b869ebb4d922cb0e688cc6 5 3 20.599999999999998
62b869ebb4d922cb0e688cc6 5 3 22.9
62b869ebb4d922cb0e688cc6 5 3 24.6
62b869ebb4d922cb0e688cc6 5 3 26.0
62b869eab4d922cb0e688cc5 5 0 16.4
62b869eab4d922cb0e688cc5 5 0 20.599999999999998
62b869eab4d922cb0e688cc5 5 0 22.9
62b869eab4d922cb0e688cc5 5 0 24.6
62b869eab4d922cb0e688cc5 5 0 26.0
62b869eab4d922cb0e688cbf 5 2 16.799999999999997
62b869eab4d922cb0e688cbf 5 2 21.299999999999997
62b869eab4d922cb0e688cbf 5 2 23.799999999999997
62b869eab4d922cb0e688cbf 5 2 25.6
62b869eab4d922cb0e688cbf 5 2 27.0
62b43427903eeb48555d3ea5 5 0 16.799999999999997
62b43427903eeb48555d3ea5 5 0 21.299999999999997
62b43427903eeb48555d3ea5 5 0 23.799999999999997
62b43427903eeb48555d3ea5 5 0 25.6
62b43427903eeb48555d3ea5 5 0 27.0
62b43428903eeb48555d3eaa 5 0 16.799999999999997
62b43428903eeb48555d3eaa 5 0 21.299999999999997
62b43428903eeb48555d3eaa 5 0 23.799999999999997
62b43428903eeb48555d3eaa 5 0 25.6
62b43428903eeb48555d3eaa 5 0 27.0
62b45df05108cfac7f2109ce 5 0 16.799999999999997
62b45df05108cfac7f2109ce 5 0 21.299999999999997
62b45df05108cfac7f2109ce 5 0 23.799999999999997
62b45df05108cfac7f2109ce 5 0 25.6
62b45df05108cfac7f2109ce 5 0 27.0
62b45df15108cfac7f2109dc 5 0 16.799999999999997
62b45df15108cfac7f2109dc 5 0 21.299999999999997
62b45df15108cfac7f2109dc 5 0 23.799999999999997
62b45df15108cfac7f2109dc 5 0 25.6
62b45df15108cfac7f2109dc 5 0 27.0
62b45df15108cfac7f2109dd 5 1 16.999999999999996
62b45df15108cfac7f2109dd 5 1 21.699999999999996
62b45df15108cfac7f2109dd 5 1 24.4
62b45df15108cfac7f2109dd 5 1 26.400000000000002
62b45df15108cfac7f2109dd 5 1 28.0
62b45e135108cfac7f2109f4 5 5 17.999999999999996
62b45e135108cfac7f2109f4 5 5 22.699999999999996
62b45e135108cfac7f2109f4 5 5 25.4
62b45e135108cfac7f2109f4 5 5 27.400000000000002
62b45e135108cfac7f2109f4 5 5 29.0
62b45e145108cfac7f210a07 5 0 17.999999999999996
62b45e145108cfac7f210a07 5 0 22.699999999999996
62b45e145108cfac7f210a07 5 0 25.4
62b45e145108cfac7f210a07 5 0 27.400000000000002
62b45e145108cfac7f210a07 5 0 29.0
62b45e145108cfac7f210a09 5 0 17.999999999999996
62b45e145108cfac7f210a09 5 0 22.699999999999996
62b45e145108cfac7f210a09 5 0 25.4
62b45e145108cfac7f210a09 5 0 27.400000000000002
62b45e145108cfac7f210a09 5 0 29.0
62b45e165108cfac7f210a16 5 0 17.999999999999996
62b45e165108cfac7f210a16 5 0 22.699999999999996
62b45e165108cfac7f210a16 5 0 25.4
62b45e165108cfac7f210a16 5 0 27.400000000000002
62b45e165108cfac7f210a16 5 0 29.0
62b45e165108cfac7f210a17 5 0 17.999999999999996
62b45e165108cfac7f210a17 5 0 22.699999999999996
62b45e165108cfac7f210a17 5 0 25.4
62b45e165108cfac7f210a17 5 0 27.400000000000002
62b45e165108cfac7f210a17 5 0 29.0
62b45e175108cfac7f210a19 5 0 17.999999999999996
62b45e175108cfac7f210a19 5 0 22.699999999999996
62b45e175108cfac7f210a19 5 0 25.4
62b45e175108cfac7f210a19 5 0 27.400000000000002
62b45e175108cfac7f210a19 5 0 29.0
62b463153879012d19481498 5 0 17.999999999999996
62b463153879012d19481498 5 0 22.699999999999996
62b463153879012d19481498 5 0 25.4
62b463153879012d19481498 5 0 27.400000000000002
62b463153879012d19481498 5 0 29.0
62b463153879012d1948149a 5 0 17.999999999999996
62b463153879012d1948149a 5 0 22.699999999999996
62b463153879012d1948149a 5 0 25.4
62b463153879012d1948149a 5 0 27.400000000000002
62b463153879012d1948149a 5 0 29.0
62b463153879012d1948149b 5 0 17.999999999999996
62b463153879012d1948149b 5 0 22.699999999999996
62b463153879012d1948149b 5 0 25.4
62b463153879012d1948149b 5 0 27.400000000000002
62b463153879012d1948149b 5 0 29.0
62b463153879012d1948149c 5 5 18.999999999999996
62b463153879012d1948149c 5 5 23.699999999999996
62b463153879012d1948149c 5 5 26.4
62b463153879012d1948149c 5 5 28.400000000000002
62b463153879012d1948149c 5 5 30.0
62b463153879012d1948149d 5 0 18.999999999999996
62b463153879012d1948149d 5 0 23.699999999999996
62b463153879012d1948149d 5 0 26.4
62b463153879012d1948149d 5 0 28.400000000000002
62b463153879012d1948149d 5 0 30.0
62b463153879012d1948149f 5 0 18.999999999999996
62b463153879012d1948149f 5 0 23.699999999999996
62b463153879012d1948149f 5 0 26.4
62b463153879012d1948149f 5 0 28.400000000000002
62b463153879012d1948149f 5 0 30.0
62b463153879012d194814a1 5 1 19.199999999999996
62b463153879012d194814a1 5 1 24.099999999999994
62b463153879012d194814a1 5 1 27.0
62b463153879012d194814a1 5 1 29.200000000000003
62b463153879012d194814a1 5 1 31.0
62b463163879012d194814a2 5 0 19.199999999999996
62b463163879012d194814a2 5 0 24.099999999999994
62b463163879012d194814a2 5 0 27.0
62b463163879012d194814a2 5 0 29.200000000000003
62b463163879012d194814a2 5 0 31.0
62b463163879012d194814a4 5 1 19.399999999999995
62b463163879012d194814a4 5 1 24.499999999999993
62b463163879012d194814a4 5 1 27.6
62b463163879012d194814a4 5 1 30.000000000000004
62b463163879012d194814a4 5 1 32.0
62b463163879012d194814a6 5 0 19.399999999999995
62b463163879012d194814a6 5 0 24.499999999999993
62b463163879012d194814a6 5 0 27.6
62b463163879012d194814a6 5 0 30.000000000000004
62b463163879012d194814a6 5 0 32.0
62b4631b3879012d194814dd 5 0 19.399999999999995
62b4631b3879012d194814dd 5 0 24.499999999999993
62b4631b3879012d194814dd 5 0 27.6
62b4631b3879012d194814dd 5 0 30.000000000000004
62b4631b3879012d194814dd 5 0 32.0
62b463283879012d1948153d 5 5 20.399999999999995
62b463283879012d1948153d 5 5 25.499999999999993
62b463283879012d1948153d 5 5 28.6
62b463283879012d1948153d 5 5 31.000000000000004
62b463283879012d1948153d 5 5 33.0
62b463303879012d19481579 5 0 20.399999999999995
62b463303879012d19481579 5 0 25.499999999999993
62b463303879012d19481579 5 0 28.6
62b463303879012d19481579 5 0 31.000000000000004
62b463303879012d19481579 5 0 33.0
62b46740d2f69a53b466171a 5 4 21.199999999999996
62b46740d2f69a53b466171a 5 4 26.499999999999993
62b46740d2f69a53b466171a 5 4 29.6
62b46740d2f69a53b466171a 5 4 32.0
62b46740d2f69a53b466171a 5 4 34.0
62b46746d2f69a53b4661722 5 0 21.199999999999996
62b46746d2f69a53b4661722 5 0 26.499999999999993
62b46746d2f69a53b4661722 5 0 29.6
62b46746d2f69a53b4661722 5 0 32.0
62b46746d2f69a53b4661722 5 0 34.0
62b86707b4d922cb0e688c2a 5 3 21.799999999999997
62b86707b4d922cb0e688c2a 5 3 27.39999999999999
62b86707b4d922cb0e688c2a 5 3 30.6
62b86707b4d922cb0e688c2a 5 3 33.0
62b86707b4d922cb0e688c2a 5 3 35.0
62b86729b4d922cb0e688c2f 5 0 21.799999999999997
62b86729b4d922cb0e688c2f 5 0 27.39999999999999
62b86729b4d922cb0e688c2f 5 0 30.6
62b86729b4d922cb0e688c2f 5 0 33.0
62b86729b4d922cb0e688c2f 5 0 35.0
62b8a4a4755ee91dce50a3d2 5 0 21.799999999999997
62b8a4a4755ee91dce50a3d2 5 0 27.39999999999999
62b8a4a4755ee91dce50a3d2 5 0 30.6
62b8a4a4755ee91dce50a3d2 5 0 33.0
62b8a4a4755ee91dce50a3d2 5 0 35.0
62b8982f755ee91dce50a241 5 1 21.999999999999996
62b8982f755ee91dce50a241 5 1 27.79999999999999
62b8982f755ee91dce50a241 5 1 31.200000000000003
62b8982f755ee91dce50a241 5 1 33.8
62b8982f755ee91dce50a241 5 1 36.0
62b89640755ee91dce50a114 5 5 22.999999999999996
62b89640755ee91dce50a114 5 5 28.79999999999999
62b89640755ee91dce50a114 5 5 32.2
62b89640755ee91dce50a114 5 5 34.8
62b89640755ee91dce50a114 5 5 37.0
62b87d24d292efb640a55670 5 0 22.999999999999996
62b87d24d292efb640a55670 5 0 28.79999999999999
62b87d24d292efb640a55670 5 0 32.2
62b87d24d292efb640a55670 5 0 34.8
62b87d24d292efb640a55670 5 0 37.0
62b87d24d292efb640a5566f 5 0 22.999999999999996
62b87d24d292efb640a5566f 5 0 28.79999999999999
62b87d24d292efb640a5566f 5 0 32.2
62b87d24d292efb640a5566f 5 0 34.8
62b87d24d292efb640a5566f 5 0 37.0
62b87d24d292efb640a5566d 5 0 22.999999999999996
62b87d24d292efb640a5566d 5 0 28.79999999999999
62b87d24d292efb640a5566d 5 0 32.2
62b87d24d292efb640a5566d 5 0 34.8
62b87d24d292efb640a5566d 5 0 37.0
62b87d23d292efb640a5566b 5 0 22.999999999999996
62b87d23d292efb640a5566b 5 0 28.79999999999999
62b87d23d292efb640a5566b 5 0 32.2
62b87d23d292efb640a5566b 5 0 34.8
62b87d23d292efb640a5566b 5 0 37.0
62b87d23d292efb640a55668 5 0 22.999999999999996
62b87d23d292efb640a55668 5 0 28.79999999999999
62b87d23d292efb640a55668 5 0 32.2
62b87d23d292efb640a55668 5 0 34.8
62b87d23d292efb640a55668 5 0 37.0
62b87d23d292efb640a55667 5 1 23.199999999999996
62b87d23d292efb640a55667 5 1 29.19999999999999
62b87d23d292efb640a55667 5 1 32.800000000000004
62b87d23d292efb640a55667 5 1 35.599999999999994
62b87d23d292efb640a55667 5 1 38.0
62b45e945108cfac7f210a4a 5 0 23.199999999999996
62b45e945108cfac7f210a4a 5 0 29.19999999999999
62b45e945108cfac7f210a4a 5 0 32.800000000000004
62b45e945108cfac7f210a4a 5 0 35.599999999999994
62b45e945108cfac7f210a4a 5 0 38.0
62b45e515108cfac7f210a3c 5 0 23.199999999999996
62b45e515108cfac7f210a3c 5 0 29.19999999999999
62b45e515108cfac7f210a3c 5 0 32.800000000000004
62b45e515108cfac7f210a3c 5 0 35.599999999999994
62b45e515108cfac7f210a3c 5 0 38.0
62b45e2eb89c9fd354170232 5 0 23.199999999999996
62b45e2eb89c9fd354170232 5 0 29.19999999999999
62b45e2eb89c9fd354170232 5 0 32.800000000000004
62b45e2eb89c9fd354170232 5 0 35.599999999999994
62b45e2eb89c9fd354170232 5 0 38.0
62b45e23e0d4551b0392c90a 5 0 23.199999999999996
62b45e23e0d4551b0392c90a 5 0 29.19999999999999
62b45e23e0d4551b0392c90a 5 0 32.800000000000004
62b45e23e0d4551b0392c90a 5 0 35.599999999999994
62b45e23e0d4551b0392c90a 5 0 38.0
62b45e21e0d4551b0392c8ed 5 0 23.199999999999996
62b45e21e0d4551b0392c8ed 5 0 29.19999999999999
62b45e21e0d4551b0392c8ed 5 0 32.800000000000004
62b45e21e0d4551b0392c8ed 5 0 35.599999999999994
62b45e21e0d4551b0392c8ed 5 0 38.0
62b45b396decaeff903e1001 5 0 23.199999999999996
62b45b396decaeff903e1001 5 0 29.19999999999999
62b45b396decaeff903e1001 5 0 32.800000000000004
62b45b396decaeff903e1001 5 0 35.599999999999994
62b45b396decaeff903e1001 5 0 38.0
62b4567ed7d32e5b55cc83d9 5 0 23.199999999999996
62b4567ed7d32e5b55cc83d9 5 0 29.19999999999999
62b4567ed7d32e5b55cc83d9 5 0 32.800000000000004
62b4567ed7d32e5b55cc83d9 5 0 35.599999999999994
62b4567ed7d32e5b55cc83d9 5 0 38.0
62b4567ad7d32e5b55cc83af 5 0 23.199999999999996
62b4567ad7d32e5b55cc83af 5 0 29.19999999999999
62b4567ad7d32e5b55cc83af 5 0 32.800000000000004
62b4567ad7d32e5b55cc83af 5 0 35.599999999999994
62b4567ad7d32e5b55cc83af 5 0 38.0
62b45679d7d32e5b55cc83a9 5 4 23.999999999999996
62b45679d7d32e5b55cc83a9 5 4 30.19999999999999
62b45679d7d32e5b55cc83a9 5 4 33.800000000000004
62b45679d7d32e5b55cc83a9 5 4 36.599999999999994
62b45679d7d32e5b55cc83a9 5 4 39.0
62b45665d7d32e5b55cc8365 5 0 23.999999999999996
62b45665d7d32e5b55cc8365 5 0 30.19999999999999
62b45665d7d32e5b55cc8365 5 0 33.800000000000004
62b45665d7d32e5b55cc8365 5 0 36.599999999999994
62b45665d7d32e5b55cc8365 5 0 39.0
62b45665d7d32e5b55cc8364 5 0 23.999999999999996
62b45665d7d32e5b55cc8364 5 0 30.19999999999999
62b45665d7d32e5b55cc8364 5 0 33.800000000000004
62b45665d7d32e5b55cc8364 5 0 36.599999999999994
62b45665d7d32e5b55cc8364 5 0 39.0
62b45665d7d32e5b55cc8363 5 0 23.999999999999996
62b45665d7d32e5b55cc8363 5 0 30.19999999999999
62b45665d7d32e5b55cc8363 5 0 33.800000000000004
62b45665d7d32e5b55cc8363 5 0 36.599999999999994
62b45665d7d32e5b55cc8363 5 0 39.0
62b438ba66fea644fe22cca2 5 0 23.999999999999996
62b438ba66fea644fe22cca2 5 0 30.19999999999999
62b438ba66fea644fe22cca2 5 0 33.800000000000004
62b438ba66fea644fe22cca2 5 0 36.599999999999994
62b438ba66fea644fe22cca2 5 0 39.0
62b438b666fea644fe22cc78 5 0 23.999999999999996
62b438b666fea644fe22cc78 5 0 30.19999999999999
62b438b666fea644fe22cc78 5 0 33.800000000000004
62b438b666fea644fe22cc78 5 0 36.599999999999994
62b438b666fea644fe22cc78 5 0 39.0
62b438b666fea644fe22cc72 5 5 24.999999999999996
62b438b666fea644fe22cc72 5 5 31.19999999999999
62b438b666fea644fe22cc72 5 5 34.800000000000004
62b438b666fea644fe22cc72 5 5 37.599999999999994
62b438b666fea644fe22cc72 5 5 40.0
62b438b566fea644fe22cc70 5 0 24.999999999999996
62b438b566fea644fe22cc70 5 0 31.19999999999999
62b438b566fea644fe22cc70 5 0 34.800000000000004
62b438b566fea644fe22cc70 5 0 37.599999999999994
62b438b566fea644fe22cc70 5 0 40.0
62b438a266fea644fe22cc2e 5 0 24.999999999999996
62b438a266fea644fe22cc2e 5 0 31.19999999999999
62b438a266fea644fe22cc2e 5 0 34.800000000000004
62b438a266fea644fe22cc2e 5 0 37.599999999999994
62b438a266fea644fe22cc2e 5 0 40.0
62b438a266fea644fe22cc2d 5 0 24.999999999999996
62b438a266fea644fe22cc2d 5 0 31.19999999999999
62b438a266fea644fe22cc2d 5 0 34.800000000000004
62b438a266fea644fe22cc2d 5 0 37.599999999999994
62b438a266fea644fe22cc2d 5 0 40.0
62b438a266fea644fe22cc2c 5 0 24.999999999999996
62b438a266fea644fe22cc2c 5 0 31.19999999999999
62b438a266fea644fe22cc2c 5 0 34.800000000000004
62b438a266fea644fe22cc2c 5 0 37.599999999999994
62b438a266fea644fe22cc2c 5 0 40.0
62ece4982e6aefcf4aabbd5f 5 5 25.999999999999996
62ece4982e6aefcf4aabbd5f 5 5 32.19999999999999
62ece4982e6aefcf4aabbd5f 5 5 35.800000000000004
62ece4982e6aefcf4aabbd5f 5 5 38.599999999999994
62ece4982e6aefcf4aabbd5f 5 5 41.0
62ece4982e6aefcf4aabbd60 5 5 26.999999999999996
62ece4982e6aefcf4aabbd60 5 5 33.19999999999999
62ece4982e6aefcf4aabbd60 5 5 36.800000000000004
62ece4982e6aefcf4aabbd60 5 5 39.599999999999994
62ece4982e6aefcf4aabbd60 5 5 42.0
62ece4982e6aefcf4aabbd61 5 5 27.999999999999996
62ece4982e6aefcf4aabbd61 5 5 34.19999999999999
62ece4982e6aefcf4aabbd61 5 5 37.800000000000004
62ece4982e6aefcf4aabbd61 5 5 40.599999999999994
62ece4982e6aefcf4aabbd61 5 5 43.0
62ece4982e6aefcf4aabbd62 5 0 27.999999999999996
62ece4982e6aefcf4aabbd62 5 0 34.19999999999999
62ece4982e6aefcf4aabbd62 5 0 37.800000000000004
62ece4982e6aefcf4aabbd62 5 0 40.599999999999994
62ece4982e6aefcf4aabbd62 5 0 43.0
62ece4982e6aefcf4aabbd63 5 0 27.999999999999996
62ece4982e6aefcf4aabbd63 5 0 34.19999999999999
62ece4982e6aefcf4aabbd63 5 0 37.800000000000004
62ece4982e6aefcf4aabbd63 5 0 40.599999999999994
62ece4982e6aefcf4aabbd63 5 0 43.0
62ece4982e6aefcf4aabbd65 5 4 28.799999999999997
62ece4982e6aefcf4aabbd65 5 4 35.19999999999999
62ece4982e6aefcf4aabbd65 5 4 38.800000000000004
62ece4982e6aefcf4aabbd65 5 4 41.599999999999994
62ece4982e6aefcf4aabbd65 5 4 44.0
62ece4982e6aefcf4aabbd66 5 0 28.799999999999997
62ece4982e6aefcf4aabbd66 5 0 35.19999999999999
62ece4982e6aefcf4aabbd66 5 0 38.800000000000004
62ece4982e6aefcf4aabbd66 5 0 41.599999999999994
62ece4982e6aefcf4aabbd66 5 0 44.0
62ece4982e6aefcf4aabbd67 5 4 29.599999999999998
62ece4982e6aefcf4aabbd67 5 4 36.19999999999999
62ece4982e6aefcf4aabbd67 5 4 39.800000000000004
62ece4982e6aefcf4aabbd67 5 4 42.599999999999994
62ece4982e6aefcf4aabbd67 5 4 45.0
62ece4982e6aefcf4aabbd68 5 1 29.799999999999997
62ece4982e6aefcf4aabbd68 5 1 36.59999999999999
62ece4982e6aefcf4aabbd68 5 1 40.400000000000006
62ece4982e6aefcf4aabbd68 5 1 43.39999999999999
62ece4982e6aefcf4aabbd68 5 1 46.0
62ece4982e6aefcf4aabbd69 5 0 29.799999999999997
62ece4982e6aefcf4aabbd69 5 0 36.59999999999999
62ece4982e6aefcf4aabbd69 5 0 40.400000000000006
62ece4982e6aefcf4aabbd69 5 0 43.39999999999999
62ece4982e6aefcf4aabbd69 5 0 46.0
62ece4982e6aefcf4aabbd6a 5 5 30.799999999999997
62ece4982e6aefcf4aabbd6a 5 5 37.59999999999999
62ece4982e6aefcf4aabbd6a 5 5 41.400000000000006
62ece4982e6aefcf4aabbd6a 5 5 44.39999999999999
62ece4982e6aefcf4aabbd6a 5 5 47.0
62ece4982e6aefcf4aabbd6b 5 5 31.799999999999997
62ece4982e6aefcf4aabbd6b 5 5 38.59999999999999
62ece4982e6aefcf4aabbd6b 5 5 42.400000000000006
62ece4982e6aefcf4aabbd6b 5 5 45.39999999999999
62ece4982e6aefcf4aabbd6b 5 5 48.0
62ece4982e6aefcf4aabbd6d 5 1 31.999999999999996
62ece4982e6aefcf4aabbd6d 5 1 38.999999999999986
62ece4982e6aefcf4aabbd6d 5 1 43.00000000000001
62ece4982e6aefcf4aabbd6d 5 1 46.19999999999999
62ece4982e6aefcf4aabbd6d 5 1 49.0
62ece4982e6aefcf4aabbd6f 5 0 31.999999999999996
62ece4982e6aefcf4aabbd6f 5 0 38.999999999999986
62ece4982e6aefcf4aabbd6f 5 0 43.00000000000001
62ece4982e6aefcf4aabbd6f 5 0 46.19999999999999
62ece4982e6aefcf4aabbd6f 5 0 49.0
62ece4982e6aefcf4aabbd70 5 4 32.8
62ece4982e6aefcf4aabbd70 5 4 39.999999999999986
62ece4982e6aefcf4aabbd70 5 4 44.00000000000001
62ece4982e6aefcf4aabbd70 5 4 47.19999999999999
62ece4982e6aefcf4aabbd70 5 4 50.0
62ece4982e6aefcf4aabbd71 5 0 32.8
62ece4982e6aefcf4aabbd71 5 0 39.999999999999986
62ece4982e6aefcf4aabbd71 5 0 44.00000000000001
62ece4982e6aefcf4aabbd71 5 0 47.19999999999999
62ece4982e6aefcf4aabbd71 5 0 50.0
62ece4982e6aefcf4aabbd72 5 0 32.8
62ece4982e6aefcf4aabbd72 5 0 39.999999999999986
62ece4982e6aefcf4aabbd72 5 0 44.00000000000001
62ece4982e6aefcf4aabbd72 5 0 47.19999999999999
62ece4982e6aefcf4aabbd72 5 0 50.0
62ece4982e6aefcf4aabbd73 5 2 33.199999999999996
62ece4982e6aefcf4aabbd73 5 2 40.69999999999999
62ece4982e6aefcf4aabbd73 5 2 44.900000000000006
62ece4982e6aefcf4aabbd73 5 2 48.19999999999999
62ece4982e6aefcf4aabbd73 5 2 51.0
62ece4982e6aefcf4aabbd74 5 0 33.199999999999996
62ece4982e6aefcf4aabbd74 5 0 40.69999999999999
62ece4982e6aefcf4aabbd74 5 0 44.900000000000006
62ece4982e6aefcf4aabbd74 5 0 48.19999999999999
62ece4982e6aefcf4aabbd74 5 0 51.0
62ece4982e6aefcf4aabbd75 5 0 33.199999999999996
62ece4982e6aefcf4aabbd75 5 0 40.69999999999999
62ece4982e6aefcf4aabbd75 5 0 44.900000000000006
62ece4982e6aefcf4aabbd75 5 0 48.19999999999999
62ece4982e6aefcf4aabbd75 5 0 51.0
62ece4982e6aefcf4aabbd76 5 0 33.199999999999996
62ece4982e6aefcf4aabbd76 5 0 40.69999999999999
62ece4982e6aefcf4aabbd76 5 0 44.900000000000006
62ece4982e6aefcf4aabbd76 5 0 48.19999999999999
62ece4982e6aefcf4aabbd76 5 0 51.0
62ece4982e6aefcf4aabbd77 5 0 33.199999999999996
62ece4982e6aefcf4aabbd77 5 0 40.69999999999999
62ece4982e6aefcf4aabbd77 5 0 44.900000000000006
62ece4982e6aefcf4aabbd77 5 0 48.19999999999999
62ece4982e6aefcf4aabbd77 5 0 51.0
62ece4992e6aefcf4aabbd78 5 0 33.199999999999996
62ece4992e6aefcf4aabbd78 5 0 40.69999999999999
62ece4992e6aefcf4aabbd78 5 0 44.900000000000006
62ece4992e6aefcf4aabbd78 5 0 48.19999999999999
62ece4992e6aefcf4aabbd78 5 0 51.0
62ece4992e6aefcf4aabbd79 5 0 33.199999999999996
62ece4992e6aefcf4aabbd79 5 0 40.69999999999999
62ece4992e6aefcf4aabbd79 5 0 44.900000000000006
62ece4992e6aefcf4aabbd79 5 0 48.19999999999999
62ece4992e6aefcf4aabbd79 5 0 51.0
62ece4992e6aefcf4aabbd7a 5 5 34.199999999999996
62ece4992e6aefcf4aabbd7a 5 5 41.69999999999999
62ece4992e6aefcf4aabbd7a 5 5 45.900000000000006
62ece4992e6aefcf4aabbd7a 5 5 49.19999999999999
62ece4992e6aefcf4aabbd7a 5 5 52.0
62ece4992e6aefcf4aabbd7b 5 0 34.199999999999996
62ece4992e6aefcf4aabbd7b 5 0 41.69999999999999
62ece4992e6aefcf4aabbd7b 5 0 45.900000000000006
62ece4992e6aefcf4aabbd7b 5 0 49.19999999999999
62ece4992e6aefcf4aabbd7b 5 0 52.0
62ece4992e6aefcf4aabbd7c 5 5 35.199999999999996
62ece4992e6aefcf4aabbd7c 5 5 42.69999999999999
62ece4992e6aefcf4aabbd7c 5 5 46.900000000000006
62ece4992e6aefcf4aabbd7c 5 5 50.19999999999999
62ece4992e6aefcf4aabbd7c 5 5 53.0
62ece4992e6aefcf4aabbd7d 5 5 36.199999999999996
62ece4992e6aefcf4aabbd7d 5 5 43.69999999999999
62ece4992e6aefcf4aabbd7d 5 5 47.900000000000006
62ece4992e6aefcf4aabbd7d 5 5 51.19999999999999
62ece4992e6aefcf4aabbd7d 5 5 54.0
62ece4992e6aefcf4aabbd7e 5 3 36.8
62ece4992e6aefcf4aabbd7e 5 3 44.59999999999999
62ece4992e6aefcf4aabbd7e 5 3 48.900000000000006
62ece4992e6aefcf4aabbd7e 5 3 52.19999999999999
62ece4992e6aefcf4aabbd7e 5 3 55.0
62ece4992e6aefcf4aabbd7f 5 1 37.0
62ece4992e6aefcf4aabbd7f 5 1 44.999999999999986
62ece4992e6aefcf4aabbd7f 5 1 49.50000000000001
62ece4992e6aefcf4aabbd7f 5 1 52.999999999999986
62ece4992e6aefcf4aabbd7f 5 1 56.0
62ece4992e6aefcf4aabbd80 5 5 38.0
62ece4992e6aefcf4aabbd80 5 5 45.999999999999986
62ece4992e6aefcf4aabbd80 5 5 50.50000000000001
62ece4992e6aefcf4aabbd80 5 5 53.999999999999986
62ece4992e6aefcf4aabbd80 5 5 57.0
62ece4992e6aefcf4aabbd82 5 5 39.0
62ece4992e6aefcf4aabbd82 5 5 46.999999999999986
62ece4992e6aefcf4aabbd82 5 5 51.50000000000001
62ece4992e6aefcf4aabbd82 5 5 54.999999999999986
62ece4992e6aefcf4aabbd82 5 5 58.0
62ece4992e6aefcf4aabbd83 5 0 39.0
62ece4992e6aefcf4aabbd83 5 0 46.999999999999986
62ece4992e6aefcf4aabbd83 5 0 51.50000000000001
62ece4992e6aefcf4aabbd83 5 0 54.999999999999986
62ece4992e6aefcf4aabbd83 5 0 58.0
62ece4992e6aefcf4aabbd84 5 5 40.0
62ece4992e6aefcf4aabbd84 5 5 47.999999999999986
62ece4992e6aefcf4aabbd84 5 5 52.50000000000001
62ece4992e6aefcf4aabbd84 5 5 55.999999999999986
62ece4992e6aefcf4aabbd84 5 5 59.0
62ece4992e6aefcf4aabbd85 5 3 40.6
62ece4992e6aefcf4aabbd85 5 3 48.899999999999984
62ece4992e6aefcf4aabbd85 5 3 53.50000000000001
62ece4992e6aefcf4aabbd85 5 3 56.999999999999986
62ece4992e6aefcf4aabbd85 5 3 60.0
62ece4992e6aefcf4aabbd86 5 2 41.0
62ece4992e6aefcf4aabbd86 5 2 49.59999999999999
62ece4992e6aefcf4aabbd86 5 2 54.400000000000006
62ece4992e6aefcf4aabbd86 5 2 57.999999999999986
62ece4992e6aefcf4aabbd86 5 2 61.0
62ece4992e6aefcf4aabbd87 5 0 41.0
62ece4992e6aefcf4aabbd87 5 0 49.59999999999999
62ece4992e6aefcf4aabbd87 5 0 54.400000000000006
62ece4992e6aefcf4aabbd87 5 0 57.999999999999986
62ece4992e6aefcf4aabbd87 5 0 61.0
62ece4992e6aefcf4aabbd88 5 1 41.2
62ece4992e6aefcf4aabbd88 5 1 49.999999999999986
62ece4992e6aefcf4aabbd88 5 1 55.00000000000001
62ece4992e6aefcf4aabbd88 5 1 58.79999999999998
62ece4992e6aefcf4aabbd88 5 1 62.0
62ece4992e6aefcf4aabbd89 5 0 41.2
62ece4992e6aefcf4aabbd89 5 0 49.999999999999986
62ece4992e6aefcf4aabbd89 5 0 55.00000000000001
62ece4992e6aefcf4aabbd89 5 0 58.79999999999998
62ece4992e6aefcf4aabbd89 5 0 62.0
62ece4992e6aefcf4aabbd8a 5 5 42.2
62ece4992e6aefcf4aabbd8a 5 5 50.999999999999986
62ece4992e6aefcf4aabbd8a 5 5 56.00000000000001
62ece4992e6aefcf4aabbd8a 5 5 59.79999999999998
62ece4992e6aefcf4aabbd8a 5 5 63.0
62ece4992e6aefcf4aabbd8b 5 0 42.2
62ece4992e6aefcf4aabbd8b 5 0 50.999999999999986
62ece4992e6aefcf4aabbd8b 5 0 56.00000000000001
62ece4992e6aefcf4aabbd8b 5 0 59.79999999999998
62ece4992e6aefcf4aabbd8b 5 0 63.0
62e60723d76274f8a4026b76 5 0 42.2
62e60723d76274f8a4026b76 5 0 50.999999999999986
62e60723d76274f8a4026b76 5 0 56.00000000000001
62e60723d76274f8a4026b76 5 0 59.79999999999998
62e60723d76274f8a4026b76 5 0 63.0
62e60873d76274f8a4026bd8 5 0 42.2
62e60873d76274f8a4026bd8 5 0 50.999999999999986
62e60873d76274f8a4026bd8 5 0 56.00000000000001
62e60873d76274f8a4026bd8 5 0 59.79999999999998
62e60873d76274f8a4026bd8 5 0 63.0
62e60e3bd76274f8a4026d1a 5 0 42.2
62e60e3bd76274f8a4026d1a 5 0 50.999999999999986
62e60e3bd76274f8a4026d1a 5 0 56.00000000000001
62e60e3bd76274f8a4026d1a 5 0 59.79999999999998
62e60e3bd76274f8a4026d1a 5 0 63.0
62b87b199a0c4fa8b80b354c 5 0 42.2
62b87b199a0c4fa8b80b354c 5 0 50.999999999999986
62b87b199a0c4fa8b80b354c 5 0 56.00000000000001
62b87b199a0c4fa8b80b354c 5 0 59.79999999999998
62b87b199a0c4fa8b80b354c 5 0 63.0
62b87b4f9a0c4fa8b80b3581 5 0 42.2
62b87b4f9a0c4fa8b80b3581 5 0 50.999999999999986
62b87b4f9a0c4fa8b80b3581 5 0 56.00000000000001
62b87b4f9a0c4fa8b80b3581 5 0 59.79999999999998
62b87b4f9a0c4fa8b80b3581 5 0 63.0
62b87b519a0c4fa8b80b3583 5 0 42.2
62b87b519a0c4fa8b80b3583 5 0 50.999999999999986
62b87b519a0c4fa8b80b3583 5 0 56.00000000000001
62b87b519a0c4fa8b80b3583 5 0 59.79999999999998
62b87b519a0c4fa8b80b3583 5 0 63.0
62b87b869a0c4fa8b80b35e1 5 0 42.2
62b87b869a0c4fa8b80b35e1 5 0 50.999999999999986
62b87b869a0c4fa8b80b35e1 5 0 56.00000000000001
62b87b869a0c4fa8b80b35e1 5 0 59.79999999999998
62b87b869a0c4fa8b80b35e1 5 0 63.0
62b8b4baeb7e40a82d2d1136 5 1 42.400000000000006
62b8b4baeb7e40a82d2d1136 5 1 51.399999999999984
62b8b4baeb7e40a82d2d1136 5 1 56.60000000000001
62b8b4baeb7e40a82d2d1136 5 1 60.59999999999998
62b8b4baeb7e40a82d2d1136 5 1 64.0
62b8b4baeb7e40a82d2d1137 5 4 43.2
62b8b4baeb7e40a82d2d1137 5 4 52.399999999999984
62b8b4baeb7e40a82d2d1137 5 4 57.60000000000001
62b8b4baeb7e40a82d2d1137 5 4 61.59999999999998
62b8b4baeb7e40a82d2d1137 5 4 65.0
62b8b4c1eb7e40a82d2d1139 5 3 43.800000000000004
62b8b4c1eb7e40a82d2d1139 5 3 53.29999999999998
62b8b4c1eb7e40a82d2d1139 5 3 58.60000000000001
62b8b4c1eb7e40a82d2d1139 5 3 62.59999999999998
62b8b4c1eb7e40a82d2d1139 5 3 66.0
62b8b559eb7e40a82d2d11f6 5 4 44.6
62b8b559eb7e40a82d2d11f6 5 4 54.29999999999998
62b8b559eb7e40a82d2d11f6 5 4 59.60000000000001
62b8b559eb7e40a82d2d11f6 5 4 63.59999999999998
62b8b559eb7e40a82d2d11f6 5 4 67.0
62b8d22a48ba5a41d1c3f47d 5 0 44.6
62b8d22a48ba5a41d1c3f47d 5 0 54.29999999999998
62b8d22a48ba5a41d1c3f47d 5 0 59.60000000000001
62b8d22a48ba5a41d1c3f47d 5 0 63.59999999999998
62b8d22a48ba5a41d1c3f47d 5 0 67.0
62b8d23748ba5a41d1c3f497 5 3 45.2
62b8d23748ba5a41d1c3f497 5 3 55.19999999999998
62b8d23748ba5a41d1c3f497 5 3 60.60000000000001
62b8d23748ba5a41d1c3f497 5 3 64.59999999999998
62b8d23748ba5a41d1c3f497 5 3 68.0
62b8d23a48ba5a41d1c3f499 5 1 45.400000000000006
62b8d23a48ba5a41d1c3f499 5 1 55.59999999999998
62b8d23a48ba5a41d1c3f499 5 1 61.20000000000001
62b8d23a48ba5a41d1c3f499 5 1 65.39999999999998
62b8d23a48ba5a41d1c3f499 5 1 69.0
62b8d23c48ba5a41d1c3f49b 5 0 45.400000000000006
62b8d23c48ba5a41d1c3f49b 5 0 55.59999999999998
62b8d23c48ba5a41d1c3f49b 5 0 61.20000000000001
62b8d23c48ba5a41d1c3f49b 5 0 65.39999999999998
62b8d23c48ba5a41d1c3f49b 5 0 69.0
62b8d23e48ba5a41d1c3f49e 5 4 46.2
62b8d23e48ba5a41d1c3f49e 5 4 56.59999999999998
62b8d23e48ba5a41d1c3f49e 5 4 62.20000000000001
62b8d23e48ba5a41d1c3f49e 5 4 66.39999999999998
62b8d23e48ba5a41d1c3f49e 5 4 70.0
62b43425903eeb48555d3ea1 5 0 46.2
62b43425903eeb48555d3ea1 5 0 56.59999999999998
62b43425903eeb48555d3ea1 5 0 62.20000000000001
62b43425903eeb48555d3ea1 5 0 66.39999999999998
62b43425903eeb48555d3ea1 5 0 70.0
62b43426903eeb48555d3ea2 5 0 46.2
62b43426903eeb48555d3ea2 5 0 56.59999999999998
62b43426903eeb48555d3ea2 5 0 62.20000000000001
62b43426903eeb48555d3ea2 5 0 66.39999999999998
62b43426903eeb48555d3ea2 5 0 70.0
62b8966c755ee91dce50a154 5 0 46.2
62b8966c755ee91dce50a154 5 0 56.59999999999998
62b8966c755ee91dce50a154 5 0 62.20000000000001
62b8966c755ee91dce50a154 5 0 66.39999999999998
62b8966c755ee91dce50a154 5 0 70.0
62b896de755ee91dce50a183 5 0 46.2
62b896de755ee91dce50a183 5 0 56.59999999999998
62b896de755ee91dce50a183 5 0 62.20000000000001
62b896de755ee91dce50a183 5 0 66.39999999999998
62b896de755ee91dce50a183 5 0 70.0
62b8a4a4755ee91dce50a3d3 5 3 46.800000000000004
62b8a4a4755ee91dce50a3d3 5 3 57.49999999999998
62b8a4a4755ee91dce50a3d3 5 3 63.20000000000001
62b8a4a4755ee91dce50a3d3 5 3 67.39999999999998
62b8a4a4755ee91dce50a3d3 5 3 71.0
62b8a7b2755ee91dce50a4a7 5 4 47.6
62b8a7b2755ee91dce50a4a7 5 4 58.49999999999998
62b8a7b2755ee91dce50a4a7 5 4 64.20000000000002
62b8a7b2755ee91dce50a4a7 5 4 68.39999999999998
62b8a7b2755ee91dce50a4a7 5 4 72.0
6305f9991d275c6667163c50 5 5 48.6
6305f9991d275c6667163c50 5 5 59.49999999999998
6305f9991d275c6667163c50 5 5 65.20000000000002
6305f9991d275c6667163c50 5 5 69.39999999999998
6305f9991d275c6667163c50 5 5 73.0
6306292052e177c0ba469f09 5 5 49.6
6306292052e177c0ba469f09 5 5 60.49999999999998
6306292052e177c0ba469f09 5 5 66.20000000000002
6306292052e177c0ba469f09 5 5 70.39999999999998
6306292052e177c0ba469f09 5 5 74.0
6306292152e177c0ba469f0d 5 0 49.6
6306292152e177c0ba469f0d 5 0 60.49999999999998
6306292152e177c0ba469f0d 5 0 66.20000000000002
6306292152e177c0ba469f0d 5 0 70.39999999999998
6306292152e177c0ba469f0d 5 0 74.0
6306292252e177c0ba469f11 5 4 50.4
6306292252e177c0ba469f11 5 4 61.49999999999998
6306292252e177c0ba469f11 5 4 67.20000000000002
6306292252e177c0ba469f11 5 4 71.39999999999998
6306292252e177c0ba469f11 5 4 75.0
6306292352e177c0ba469f1d 5 0 50.4
6306292352e177c0ba469f1d 5 0 61.49999999999998
6306292352e177c0ba469f1d 5 0 67.20000000000002
6306292352e177c0ba469f1d 5 0 71.39999999999998
6306292352e177c0ba469f1d 5 0 75.0
6306292352e177c0ba469f1e 5 0 50.4
6306292352e177c0ba469f1e 5 0 61.49999999999998
6306292352e177c0ba469f1e 5 0 67.20000000000002
6306292352e177c0ba469f1e 5 0 71.39999999999998
6306292352e177c0ba469f1e 5 0 75.0
6306292652e177c0ba469f34 5 0 50.4
6306292652e177c0ba469f34 5 0 61.49999999999998
6306292652e177c0ba469f34 5 0 67.20000000000002
6306292652e177c0ba469f34 5 0 71.39999999999998
6306292652e177c0ba469f34 5 0 75.0
6306292a52e177c0ba469f41 5 0 50.4
6306292a52e177c0ba469f41 5 0 61.49999999999998
6306292a52e177c0ba469f41 5 0 67.20000000000002
6306292a52e177c0ba469f41 5 0 71.39999999999998
6306292a52e177c0ba469f41 5 0 75.0
6306298b52e177c0ba469fdc 5 1 50.6
6306298b52e177c0ba469fdc 5 1 61.89999999999998
6306298b52e177c0ba469fdc 5 1 67.80000000000001
6306298b52e177c0ba469fdc 5 1 72.19999999999997
6306298b52e177c0ba469fdc 5 1 76.0
6306299052e177c0ba469fe8 5 5 51.6
6306299052e177c0ba469fe8 5 5 62.89999999999998
6306299052e177c0ba469fe8 5 5 68.80000000000001
6306299052e177c0ba469fe8 5 5 73.19999999999997
6306299052e177c0ba469fe8 5 5 77.0
630629b952e177c0ba46a043 5 1 51.800000000000004
630629b952e177c0ba46a043 5 1 63.299999999999976
630629b952e177c0ba46a043 5 1 69.4
630629b952e177c0ba46a043 5 1 73.99999999999997
630629b952e177c0ba46a043 5 1 78.0
630629d052e177c0ba46a0a1 5 0 51.800000000000004
630629d052e177c0ba46a0a1 5 0 63.299999999999976
630629d052e177c0ba46a0a1 5 0 69.4
630629d052e177c0ba46a0a1 5 0 73.99999999999997
630629d052e177c0ba46a0a1 5 0 78.0
630629e052e177c0ba46a0c4 5 0 51.800000000000004
630629e052e177c0ba46a0c4 5 0 63.299999999999976
630629e052e177c0ba46a0c4 5 0 69.4
630629e052e177c0ba46a0c4 5 0 73.99999999999997
630629e052e177c0ba46a0c4 5 0 78.0
630629e152e177c0ba46a0d1 5 5 52.800000000000004
630629e152e177c0ba46a0d1 5 5 64.29999999999998
630629e152e177c0ba46a0d1 5 5 70.4
630629e152e177c0ba46a0d1 5 5 74.99999999999997
630629e152e177c0ba46a0d1 5 5 79.0
630629e152e177c0ba46a0d2 5 0 52.800000000000004
630629e152e177c0ba46a0d2 5 0 64.29999999999998
630629e152e177c0ba46a0d2 5 0 70.4
630629e152e177c0ba46a0d2 5 0 74.99999999999997
630629e152e177c0ba46a0d2 5 0 79.0
630629e252e177c0ba46a0d6 5 5 53.800000000000004
630629e252e177c0ba46a0d6 5 5 65.29999999999998
630629e252e177c0ba46a0d6 5 5 71.4
630629e252e177c0ba46a0d6 5 5 75.99999999999997
630629e252e177c0ba46a0d6 5 5 80.0
630629e752e177c0ba46a0fb 5 0 53.800000000000004
630629e752e177c0ba46a0fb 5 0 65.29999999999998
630629e752e177c0ba46a0fb 5 0 71.4
630629e752e177c0ba46a0fb 5 0 75.99999999999997
630629e752e177c0ba46a0fb 5 0 80.0
6306091073426c38ae68acac 5 0 53.800000000000004
6306091073426c38ae68acac 5 0 65.29999999999998
6306091073426c38ae68acac 5 0 71.4
6306091073426c38ae68acac 5 0 75.99999999999997
6306091073426c38ae68acac 5 0 80.0
6306091a73426c38ae68acc8 5 0 53.800000000000004
6306091a73426c38ae68acc8 5 0 65.29999999999998
6306091a73426c38ae68acc8 5 0 71.4
6306091a73426c38ae68acc8 5 0 75.99999999999997
6306091a73426c38ae68acc8 5 0 80.0
6306091b73426c38ae68acd7 5 0 53.800000000000004
6306091b73426c38ae68acd7 5 0 65.29999999999998
6306091b73426c38ae68acd7 5 0 71.4
6306091b73426c38ae68acd7 5 0 75.99999999999997
6306091b73426c38ae68acd7 5 0 80.0
6306091b73426c38ae68acd9 5 0 53.800000000000004
6306091b73426c38ae68acd9 5 0 65.29999999999998
6306091b73426c38ae68acd9 5 0 71.4
6306091b73426c38ae68acd9 5 0 75.99999999999997
6306091b73426c38ae68acd9 5 0 80.0
6306091b73426c38ae68acda 5 0 53.800000000000004
6306091b73426c38ae68acda 5 0 65.29999999999998
6306091b73426c38ae68acda 5 0 71.4
6306091b73426c38ae68acda 5 0 75.99999999999997
6306091b73426c38ae68acda 5 0 80.0
6306091c73426c38ae68acdc 5 2 54.2
6306091c73426c38ae68acdc 5 2 65.99999999999999
6306091c73426c38ae68acdc 5 2 72.30000000000001
6306091c73426c38ae68acdc 5 2 76.99999999999997
6306091c73426c38ae68acdc 5 2 81.0
6306091c73426c38ae68acdd 5 3 54.800000000000004
6306091c73426c38ae68acdd 5 3 66.89999999999999
6306091c73426c38ae68acdd 5 3 73.30000000000001
6306091c73426c38ae68acdd 5 3 77.99999999999997
6306091c73426c38ae68acdd 5 3 82.0
6306091d73426c38ae68ace5 5 0 54.800000000000004
6306091d73426c38ae68ace5 5 0 66.89999999999999
6306091d73426c38ae68ace5 5 0 73.30000000000001
6306091d73426c38ae68ace5 5 0 77.99999999999997
6306091d73426c38ae68ace5 5 0 82.0
6306092373426c38ae68acfa 5 0 54.800000000000004
6306092373426c38ae68acfa 5 0 66.89999999999999
6306092373426c38ae68acfa 5 0 73.30000000000001
6306092373426c38ae68acfa 5 0 77.99999999999997
6306092373426c38ae68acfa 5 0 82.0
6306092973426c38ae68ad01 5 0 54.800000000000004
6306092973426c38ae68ad01 5 0 66.89999999999999
6306092973426c38ae68ad01 5 0 73.30000000000001
6306092973426c38ae68ad01 5 0 77.99999999999997
6306092973426c38ae68ad01 5 0 82.0
6306092c73426c38ae68ad02 5 0 54.800000000000004
6306092c73426c38ae68ad02 5 0 66.89999999999999
6306092c73426c38ae68ad02 5 0 73.30000000000001
6306092c73426c38ae68ad02 5 0 77.99999999999997
6306092c73426c38ae68ad02 5 0 82.0
6306092d73426c38ae68ad04 5 0 54.800000000000004
6306092d73426c38ae68ad04 5 0 66.89999999999999
6306092d73426c38ae68ad04 5 0 73.30000000000001
6306092d73426c38ae68ad04 5 0 77.99999999999997
6306092d73426c38ae68ad04 5 0 82.0
6306092d73426c38ae68ad05 5 0 54.800000000000004
6306092d73426c38ae68ad05 5 0 66.89999999999999
6306092d73426c38ae68ad05 5 0 73.30000000000001
6306092d73426c38ae68ad05 5 0 77.99999999999997
6306092d73426c38ae68ad05 5 0 82.0
6306092d73426c38ae68ad06 5 0 54.800000000000004
6306092d73426c38ae68ad06 5 0 66.89999999999999
6306092d73426c38ae68ad06 5 0 73.30000000000001
6306092d73426c38ae68ad06 5 0 77.99999999999997
6306092d73426c38ae68ad06 5 0 82.0
6306092d73426c38ae68ad07 5 0 54.800000000000004
6306092d73426c38ae68ad07 5 0 66.89999999999999
6306092d73426c38ae68ad07 5 0 73.30000000000001
6306092d73426c38ae68ad07 5 0 77.99999999999997
6306092d73426c38ae68ad07 5 0 82.0
6306092d73426c38ae68ad08 5 1 55.00000000000001
6306092d73426c38ae68ad08 5 1 67.3
6306092d73426c38ae68ad08 5 1 73.9
6306092d73426c38ae68ad08 5 1 78.79999999999997
6306092d73426c38ae68ad08 5 1 83.0
6306092e73426c38ae68ad09 5 0 55.00000000000001
6306092e73426c38ae68ad09 5 0 67.3
6306092e73426c38ae68ad09 5 0 73.9
6306092e73426c38ae68ad09 5 0 78.79999999999997
6306092e73426c38ae68ad09 5 0 83.0
6306092e73426c38ae68ad0a 5 0 55.00000000000001
6306092e73426c38ae68ad0a 5 0 67.3
6306092e73426c38ae68ad0a 5 0 73.9
6306092e73426c38ae68ad0a 5 0 78.79999999999997
6306092e73426c38ae68ad0a 5 0 83.0
6306092e73426c38ae68ad0b 5 0 55.00000000000001
6306092e73426c38ae68ad0b 5 0 67.3
6306092e73426c38ae68ad0b 5 0 73.9
6306092e73426c38ae68ad0b 5 0 78.79999999999997
6306092e73426c38ae68ad0b 5 0 83.0
6306092e73426c38ae68ad0d 5 0 55.00000000000001
6306092e73426c38ae68ad0d 5 0 67.3
6306092e73426c38ae68ad0d 5 0 73.9
6306092e73426c38ae68ad0d 5 0 78.79999999999997
6306092e73426c38ae68ad0d 5 0 83.0
6306092e73426c38ae68ad0f 5 0 55.00000000000001
6306092e73426c38ae68ad0f 5 0 67.3
6306092e73426c38ae68ad0f 5 0 73.9
6306092e73426c38ae68ad0f 5 0 78.79999999999997
6306092e73426c38ae68ad0f 5 0 83.0
6306092e73426c38ae68ad11 5 0 55.00000000000001
6306092e73426c38ae68ad11 5 0 67.3
6306092e73426c38ae68ad11 5 0 73.9
6306092e73426c38ae68ad11 5 0 78.79999999999997
6306092e73426c38ae68ad11 5 0 83.0
6306092f73426c38ae68ad13 5 0 55.00000000000001
6306092f73426c38ae68ad13 5 0 67.3
6306092f73426c38ae68ad13 5 0 73.9
6306092f73426c38ae68ad13 5 0 78.79999999999997
6306092f73426c38ae68ad13 5 0 83.0
6306093273426c38ae68ad15 5 0 55.00000000000001
6306093273426c38ae68ad15 5 0 67.3
6306093273426c38ae68ad15 5 0 73.9
6306093273426c38ae68ad15 5 0 78.79999999999997
6306093273426c38ae68ad15 5 0 83.0
63060ada73426c38ae68ad31 5 0 55.00000000000001
63060ada73426c38ae68ad31 5 0 67.3
63060ada73426c38ae68ad31 5 0 73.9
63060ada73426c38ae68ad31 5 0 78.79999999999997
63060ada73426c38ae68ad31 5 0 83.0
63060b1a73426c38ae68ad3e 5 0 55.00000000000001
63060b1a73426c38ae68ad3e 5 0 67.3
63060b1a73426c38ae68ad3e 5 0 73.9
63060b1a73426c38ae68ad3e 5 0 78.79999999999997
63060b1a73426c38ae68ad3e 5 0 83.0
63060b1b73426c38ae68ad42 5 0 55.00000000000001
63060b1b73426c38ae68ad42 5 0 67.3
63060b1b73426c38ae68ad42 5 0 73.9
63060b1b73426c38ae68ad42 5 0 78.79999999999997
63060b1b73426c38ae68ad42 5 0 83.0
63060b1b73426c38ae68ad43 5 3 55.60000000000001
63060b1b73426c38ae68ad43 5 3 68.2
63060b1b73426c38ae68ad43 5 3 74.9
63060b1b73426c38ae68ad43 5 3 79.79999999999997
63060b1b73426c38ae68ad43 5 3 84.0
62ece4982e6aefcf4aabbd64 5 1 55.80000000000001
62ece4982e6aefcf4aabbd64 5 1 68.60000000000001
62ece4982e6aefcf4aabbd64 5 1 75.5
62ece4982e6aefcf4aabbd64 5 1 80.59999999999997
62ece4982e6aefcf4aabbd64 5 1 85.0
230 230
[55.80000000000001, 68.60000000000001, 75.5, 80.59999999999997, 85.0]
0.24260869565217397
 24.26%
0.2982608695652174
 29.83%
0.3282608695652174
 32.83%
0.3504347826086955
 35.04%
0.3695652173913043
 36.96%
finish_overall
plib_runnable	21

  29.52%	
  35.24%	
  38.57%	
  40.95%	
  42.86%	


project_runnable	23

  10.43%	
  14.35%	
  15.65%	
  16.52%	
  17.39%	


class_runnable	55

  16.00%	
  22.18%	
  25.27%	
  27.27%	
  29.09%	


self_contained	35

  51.43%	
  57.14%	
  60.00%	
  62.86%	
  65.71%	


file_runnable	68

  18.53%	
  23.82%	
  26.91%	
  29.12%	
  30.88%	


slib_runnable	28

  27.86%	
  33.93%	
  37.86%	
  40.71%	
  42.86%	


230
0
