62e60f43d76274f8a4026e28 5 0 0.0
62e60f43d76274f8a4026e28 5 0 0.0
62e60f43d76274f8a4026e28 5 0 0.0
62e60f43d76274f8a4026e28 5 0 0.0
62e60f43d76274f8a4026e28 5 0 0.0
62e60f3bd76274f8a4026e10 5 0 0.0
62e60f3bd76274f8a4026e10 5 0 0.0
62e60f3bd76274f8a4026e10 5 0 0.0
62e60f3bd76274f8a4026e10 5 0 0.0
62e60f3bd76274f8a4026e10 5 0 0.0
62e60f37d76274f8a4026dfd 5 0 0.0
62e60f37d76274f8a4026dfd 5 0 0.0
62e60f37d76274f8a4026dfd 5 0 0.0
62e60f37d76274f8a4026dfd 5 0 0.0
62e60f37d76274f8a4026dfd 5 0 0.0
62e60f33d76274f8a4026de9 5 0 0.0
62e60f33d76274f8a4026de9 5 0 0.0
62e60f33d76274f8a4026de9 5 0 0.0
62e60f33d76274f8a4026de9 5 0 0.0
62e60f33d76274f8a4026de9 5 0 0.0
62e60ed4d76274f8a4026da0 5 5 1.0
62e60ed4d76274f8a4026da0 5 5 1.0
62e60ed4d76274f8a4026da0 5 5 1.0
62e60ed4d76274f8a4026da0 5 5 1.0
62e60ed4d76274f8a4026da0 5 5 1.0
62e60ecfd76274f8a4026d6a 5 0 1.0
62e60ecfd76274f8a4026d6a 5 0 1.0
62e60ecfd76274f8a4026d6a 5 0 1.0
62e60ecfd76274f8a4026d6a 5 0 1.0
62e60ecfd76274f8a4026d6a 5 0 1.0
62e60e49d76274f8a4026d25 5 2 1.4
62e60e49d76274f8a4026d25 5 2 1.7
62e60e49d76274f8a4026d25 5 2 1.9
62e60e49d76274f8a4026d25 5 2 2.0
62e60e49d76274f8a4026d25 5 2 2.0
62e60e05d76274f8a4026cfd 5 0 1.4
62e60e05d76274f8a4026cfd 5 0 1.7
62e60e05d76274f8a4026cfd 5 0 1.9
62e60e05d76274f8a4026cfd 5 0 2.0
62e60e05d76274f8a4026cfd 5 0 2.0
62e60da4d76274f8a4026cf1 5 3 2.0
62e60da4d76274f8a4026cf1 5 3 2.6
62e60da4d76274f8a4026cf1 5 3 2.9
62e60da4d76274f8a4026cf1 5 3 3.0
62e60da4d76274f8a4026cf1 5 3 3.0
62e60b10d76274f8a4026ccd 5 1 2.2
62e60b10d76274f8a4026ccd 5 1 3.0
62e60b10d76274f8a4026ccd 5 1 3.5
62e60b10d76274f8a4026ccd 5 1 3.8
62e60b10d76274f8a4026ccd 5 1 4.0
62e6087bd76274f8a4026bfa 5 0 2.2
62e6087bd76274f8a4026bfa 5 0 3.0
62e6087bd76274f8a4026bfa 5 0 3.5
62e6087bd76274f8a4026bfa 5 0 3.8
62e6087bd76274f8a4026bfa 5 0 4.0
62e6087ad76274f8a4026bf2 5 0 2.2
62e6087ad76274f8a4026bf2 5 0 3.0
62e6087ad76274f8a4026bf2 5 0 3.5
62e6087ad76274f8a4026bf2 5 0 3.8
62e6087ad76274f8a4026bf2 5 0 4.0
62e60879d76274f8a4026bec 5 0 2.2
62e60879d76274f8a4026bec 5 0 3.0
62e60879d76274f8a4026bec 5 0 3.5
62e60879d76274f8a4026bec 5 0 3.8
62e60879d76274f8a4026bec 5 0 4.0
62e60723d76274f8a4026b75 5 5 3.2
62e60723d76274f8a4026b75 5 5 4.0
62e60723d76274f8a4026b75 5 5 4.5
62e60723d76274f8a4026b75 5 5 4.8
62e60723d76274f8a4026b75 5 5 5.0
62e60707d76274f8a4026b69 5 0 3.2
62e60707d76274f8a4026b69 5 0 4.0
62e60707d76274f8a4026b69 5 0 4.5
62e60707d76274f8a4026b69 5 0 4.8
62e60707d76274f8a4026b69 5 0 5.0
62e5dc9ed76274f8a4026b5b 5 3 3.8000000000000003
62e5dc9ed76274f8a4026b5b 5 3 4.9
62e5dc9ed76274f8a4026b5b 5 3 5.5
62e5dc9ed76274f8a4026b5b 5 3 5.8
62e5dc9ed76274f8a4026b5b 5 3 6.0
62e4fc3c85ea98643089041e 5 0 3.8000000000000003
62e4fc3c85ea98643089041e 5 0 4.9
62e4fc3c85ea98643089041e 5 0 5.5
62e4fc3c85ea98643089041e 5 0 5.8
62e4fc3c85ea98643089041e 5 0 6.0
62e4fbda85ea986430890405 5 0 3.8000000000000003
62e4fbda85ea986430890405 5 0 4.9
62e4fbda85ea986430890405 5 0 5.5
62e4fbda85ea986430890405 5 0 5.8
62e4fbda85ea986430890405 5 0 6.0
62e4fbda85ea986430890403 5 0 3.8000000000000003
62e4fbda85ea986430890403 5 0 4.9
62e4fbda85ea986430890403 5 0 5.5
62e4fbda85ea986430890403 5 0 5.8
62e4fbda85ea986430890403 5 0 6.0
62e4fb6585ea98643089032b 5 5 4.800000000000001
62e4fb6585ea98643089032b 5 5 5.9
62e4fb6585ea98643089032b 5 5 6.5
62e4fb6585ea98643089032b 5 5 6.8
62e4fb6585ea98643089032b 5 5 7.0
62e4fb4d85ea9864308902e7 5 0 4.800000000000001
62e4fb4d85ea9864308902e7 5 0 5.9
62e4fb4d85ea9864308902e7 5 0 6.5
62e4fb4d85ea9864308902e7 5 0 6.8
62e4fb4d85ea9864308902e7 5 0 7.0
62b8d27a48ba5a41d1c3f4c6 5 0 4.800000000000001
62b8d27a48ba5a41d1c3f4c6 5 0 5.9
62b8d27a48ba5a41d1c3f4c6 5 0 6.5
62b8d27a48ba5a41d1c3f4c6 5 0 6.8
62b8d27a48ba5a41d1c3f4c6 5 0 7.0
62b8d24048ba5a41d1c3f49f 5 0 4.800000000000001
62b8d24048ba5a41d1c3f49f 5 0 5.9
62b8d24048ba5a41d1c3f49f 5 0 6.5
62b8d24048ba5a41d1c3f49f 5 0 6.8
62b8d24048ba5a41d1c3f49f 5 0 7.0
62b8d23b48ba5a41d1c3f49a 5 0 4.800000000000001
62b8d23b48ba5a41d1c3f49a 5 0 5.9
62b8d23b48ba5a41d1c3f49a 5 0 6.5
62b8d23b48ba5a41d1c3f49a 5 0 6.8
62b8d23b48ba5a41d1c3f49a 5 0 7.0
62b8d23948ba5a41d1c3f498 5 0 4.800000000000001
62b8d23948ba5a41d1c3f498 5 0 5.9
62b8d23948ba5a41d1c3f498 5 0 6.5
62b8d23948ba5a41d1c3f498 5 0 6.8
62b8d23948ba5a41d1c3f498 5 0 7.0
62b8d23748ba5a41d1c3f496 5 0 4.800000000000001
62b8d23748ba5a41d1c3f496 5 0 5.9
62b8d23748ba5a41d1c3f496 5 0 6.5
62b8d23748ba5a41d1c3f496 5 0 6.8
62b8d23748ba5a41d1c3f496 5 0 7.0
62b8d22f48ba5a41d1c3f488 5 5 5.800000000000001
62b8d22f48ba5a41d1c3f488 5 5 6.9
62b8d22f48ba5a41d1c3f488 5 5 7.5
62b8d22f48ba5a41d1c3f488 5 5 7.8
62b8d22f48ba5a41d1c3f488 5 5 8.0
62b8d22a48ba5a41d1c3f47e 5 5 6.800000000000001
62b8d22a48ba5a41d1c3f47e 5 5 7.9
62b8d22a48ba5a41d1c3f47e 5 5 8.5
62b8d22a48ba5a41d1c3f47e 5 5 8.8
62b8d22a48ba5a41d1c3f47e 5 5 9.0
62b8d22948ba5a41d1c3f47c 5 5 7.800000000000001
62b8d22948ba5a41d1c3f47c 5 5 8.9
62b8d22948ba5a41d1c3f47c 5 5 9.5
62b8d22948ba5a41d1c3f47c 5 5 9.8
62b8d22948ba5a41d1c3f47c 5 5 10.0
62b8d22548ba5a41d1c3f472 5 0 7.800000000000001
62b8d22548ba5a41d1c3f472 5 0 8.9
62b8d22548ba5a41d1c3f472 5 0 9.5
62b8d22548ba5a41d1c3f472 5 0 9.8
62b8d22548ba5a41d1c3f472 5 0 10.0
62b8c517e0d34b282c18122e 5 0 7.800000000000001
62b8c517e0d34b282c18122e 5 0 8.9
62b8c517e0d34b282c18122e 5 0 9.5
62b8c517e0d34b282c18122e 5 0 9.8
62b8c517e0d34b282c18122e 5 0 10.0
62b8bbbfe0d34b282c181210 5 3 8.4
62b8bbbfe0d34b282c181210 5 3 9.8
62b8bbbfe0d34b282c181210 5 3 10.5
62b8bbbfe0d34b282c181210 5 3 10.8
62b8bbbfe0d34b282c181210 5 3 11.0
62b8bbbfe0d34b282c18120f 5 3 9.0
62b8bbbfe0d34b282c18120f 5 3 10.700000000000001
62b8bbbfe0d34b282c18120f 5 3 11.5
62b8bbbfe0d34b282c18120f 5 3 11.8
62b8bbbfe0d34b282c18120f 5 3 12.0
62b8bbbce0d34b282c18120d 5 5 10.0
62b8bbbce0d34b282c18120d 5 5 11.700000000000001
62b8bbbce0d34b282c18120d 5 5 12.5
62b8bbbce0d34b282c18120d 5 5 12.8
62b8bbbce0d34b282c18120d 5 5 13.0
62b8b99de0d34b282c1811f8 5 0 10.0
62b8b99de0d34b282c1811f8 5 0 11.700000000000001
62b8b99de0d34b282c1811f8 5 0 12.5
62b8b99de0d34b282c1811f8 5 0 12.8
62b8b99de0d34b282c1811f8 5 0 13.0
62b8b59feb7e40a82d2d1291 5 0 10.0
62b8b59feb7e40a82d2d1291 5 0 11.700000000000001
62b8b59feb7e40a82d2d1291 5 0 12.5
62b8b59feb7e40a82d2d1291 5 0 12.8
62b8b59feb7e40a82d2d1291 5 0 13.0
62b8b590eb7e40a82d2d1275 5 0 10.0
62b8b590eb7e40a82d2d1275 5 0 11.700000000000001
62b8b590eb7e40a82d2d1275 5 0 12.5
62b8b590eb7e40a82d2d1275 5 0 12.8
62b8b590eb7e40a82d2d1275 5 0 13.0
62b8b58deb7e40a82d2d1269 5 1 10.2
62b8b58deb7e40a82d2d1269 5 1 12.100000000000001
62b8b58deb7e40a82d2d1269 5 1 13.1
62b8b58deb7e40a82d2d1269 5 1 13.600000000000001
62b8b58deb7e40a82d2d1269 5 1 14.0
62b8b559eb7e40a82d2d11f8 5 5 11.2
62b8b559eb7e40a82d2d11f8 5 5 13.100000000000001
62b8b559eb7e40a82d2d11f8 5 5 14.1
62b8b559eb7e40a82d2d11f8 5 5 14.600000000000001
62b8b559eb7e40a82d2d11f8 5 5 15.0
62b8b4b9eb7e40a82d2d1134 5 0 11.2
62b8b4b9eb7e40a82d2d1134 5 0 13.100000000000001
62b8b4b9eb7e40a82d2d1134 5 0 14.1
62b8b4b9eb7e40a82d2d1134 5 0 14.600000000000001
62b8b4b9eb7e40a82d2d1134 5 0 15.0
62b8b416eb7e40a82d2d1129 5 0 11.2
62b8b416eb7e40a82d2d1129 5 0 13.100000000000001
62b8b416eb7e40a82d2d1129 5 0 14.1
62b8b416eb7e40a82d2d1129 5 0 14.600000000000001
62b8b416eb7e40a82d2d1129 5 0 15.0
62b8b3d6eb7e40a82d2d111c 5 3 11.799999999999999
62b8b3d6eb7e40a82d2d111c 5 3 14.000000000000002
62b8b3d6eb7e40a82d2d111c 5 3 15.1
62b8b3d6eb7e40a82d2d111c 5 3 15.600000000000001
62b8b3d6eb7e40a82d2d111c 5 3 16.0
62b8b3d5eb7e40a82d2d1110 5 0 11.799999999999999
62b8b3d5eb7e40a82d2d1110 5 0 14.000000000000002
62b8b3d5eb7e40a82d2d1110 5 0 15.1
62b8b3d5eb7e40a82d2d1110 5 0 15.600000000000001
62b8b3d5eb7e40a82d2d1110 5 0 16.0
62b8b3d4eb7e40a82d2d110f 5 4 12.6
62b8b3d4eb7e40a82d2d110f 5 4 15.000000000000002
62b8b3d4eb7e40a82d2d110f 5 4 16.1
62b8b3d4eb7e40a82d2d110f 5 4 16.6
62b8b3d4eb7e40a82d2d110f 5 4 17.0
62b8b3d4eb7e40a82d2d110e 5 1 12.799999999999999
62b8b3d4eb7e40a82d2d110e 5 1 15.400000000000002
62b8b3d4eb7e40a82d2d110e 5 1 16.700000000000003
62b8b3d4eb7e40a82d2d110e 5 1 17.400000000000002
62b8b3d4eb7e40a82d2d110e 5 1 18.0
62b8b3d4eb7e40a82d2d110d 5 0 12.799999999999999
62b8b3d4eb7e40a82d2d110d 5 0 15.400000000000002
62b8b3d4eb7e40a82d2d110d 5 0 16.700000000000003
62b8b3d4eb7e40a82d2d110d 5 0 17.400000000000002
62b8b3d4eb7e40a82d2d110d 5 0 18.0
62b87b989a0c4fa8b80b35ee 5 0 12.799999999999999
62b87b989a0c4fa8b80b35ee 5 0 15.400000000000002
62b87b989a0c4fa8b80b35ee 5 0 16.700000000000003
62b87b989a0c4fa8b80b35ee 5 0 17.400000000000002
62b87b989a0c4fa8b80b35ee 5 0 18.0
62b87b859a0c4fa8b80b35d7 5 3 13.399999999999999
62b87b859a0c4fa8b80b35d7 5 3 16.3
62b87b859a0c4fa8b80b35d7 5 3 17.700000000000003
62b87b859a0c4fa8b80b35d7 5 3 18.400000000000002
62b87b859a0c4fa8b80b35d7 5 3 19.0
62b87b839a0c4fa8b80b35cb 5 0 13.399999999999999
62b87b839a0c4fa8b80b35cb 5 0 16.3
62b87b839a0c4fa8b80b35cb 5 0 17.700000000000003
62b87b839a0c4fa8b80b35cb 5 0 18.400000000000002
62b87b839a0c4fa8b80b35cb 5 0 19.0
62b87b7e9a0c4fa8b80b35bc 5 0 13.399999999999999
62b87b7e9a0c4fa8b80b35bc 5 0 16.3
62b87b7e9a0c4fa8b80b35bc 5 0 17.700000000000003
62b87b7e9a0c4fa8b80b35bc 5 0 18.400000000000002
62b87b7e9a0c4fa8b80b35bc 5 0 19.0
62b87b4f9a0c4fa8b80b3580 5 0 13.399999999999999
62b87b4f9a0c4fa8b80b3580 5 0 16.3
62b87b4f9a0c4fa8b80b3580 5 0 17.700000000000003
62b87b4f9a0c4fa8b80b3580 5 0 18.400000000000002
62b87b4f9a0c4fa8b80b3580 5 0 19.0
62b87b199a0c4fa8b80b354e 5 4 14.2
62b87b199a0c4fa8b80b354e 5 4 17.3
62b87b199a0c4fa8b80b354e 5 4 18.700000000000003
62b87b199a0c4fa8b80b354e 5 4 19.400000000000002
62b87b199a0c4fa8b80b354e 5 4 20.0
62b87b099a0c4fa8b80b3538 5 5 15.2
62b87b099a0c4fa8b80b3538 5 5 18.3
62b87b099a0c4fa8b80b3538 5 5 19.700000000000003
62b87b099a0c4fa8b80b3538 5 5 20.400000000000002
62b87b099a0c4fa8b80b3538 5 5 21.0
62b87af99a0c4fa8b80b3524 5 5 16.2
62b87af99a0c4fa8b80b3524 5 5 19.3
62b87af99a0c4fa8b80b3524 5 5 20.700000000000003
62b87af99a0c4fa8b80b3524 5 5 21.400000000000002
62b87af99a0c4fa8b80b3524 5 5 22.0
62b87af69a0c4fa8b80b351a 5 5 17.2
62b87af69a0c4fa8b80b351a 5 5 20.3
62b87af69a0c4fa8b80b351a 5 5 21.700000000000003
62b87af69a0c4fa8b80b351a 5 5 22.400000000000002
62b87af69a0c4fa8b80b351a 5 5 23.0
62b87af19a0c4fa8b80b34f7 5 0 17.2
62b87af19a0c4fa8b80b34f7 5 0 20.3
62b87af19a0c4fa8b80b34f7 5 0 21.700000000000003
62b87af19a0c4fa8b80b34f7 5 0 22.400000000000002
62b87af19a0c4fa8b80b34f7 5 0 23.0
62b87af09a0c4fa8b80b34f1 5 0 17.2
62b87af09a0c4fa8b80b34f1 5 0 20.3
62b87af09a0c4fa8b80b34f1 5 0 21.700000000000003
62b87af09a0c4fa8b80b34f1 5 0 22.400000000000002
62b87af09a0c4fa8b80b34f1 5 0 23.0
62b86aa3b4d922cb0e688d36 5 0 17.2
62b86aa3b4d922cb0e688d36 5 0 20.3
62b86aa3b4d922cb0e688d36 5 0 21.700000000000003
62b86aa3b4d922cb0e688d36 5 0 22.400000000000002
62b86aa3b4d922cb0e688d36 5 0 23.0
62b86a9eb4d922cb0e688d25 5 0 17.2
62b86a9eb4d922cb0e688d25 5 0 20.3
62b86a9eb4d922cb0e688d25 5 0 21.700000000000003
62b86a9eb4d922cb0e688d25 5 0 22.400000000000002
62b86a9eb4d922cb0e688d25 5 0 23.0
62b86a4fb4d922cb0e688cf8 5 0 17.2
62b86a4fb4d922cb0e688cf8 5 0 20.3
62b86a4fb4d922cb0e688cf8 5 0 21.700000000000003
62b86a4fb4d922cb0e688cf8 5 0 22.400000000000002
62b86a4fb4d922cb0e688cf8 5 0 23.0
62b86a4fb4d922cb0e688cf7 5 0 17.2
62b86a4fb4d922cb0e688cf7 5 0 20.3
62b86a4fb4d922cb0e688cf7 5 0 21.700000000000003
62b86a4fb4d922cb0e688cf7 5 0 22.400000000000002
62b86a4fb4d922cb0e688cf7 5 0 23.0
62b86a01b4d922cb0e688ccc 5 0 17.2
62b86a01b4d922cb0e688ccc 5 0 20.3
62b86a01b4d922cb0e688ccc 5 0 21.700000000000003
62b86a01b4d922cb0e688ccc 5 0 22.400000000000002
62b86a01b4d922cb0e688ccc 5 0 23.0
62b869ebb4d922cb0e688cc6 5 4 18.0
62b869ebb4d922cb0e688cc6 5 4 21.3
62b869ebb4d922cb0e688cc6 5 4 22.700000000000003
62b869ebb4d922cb0e688cc6 5 4 23.400000000000002
62b869ebb4d922cb0e688cc6 5 4 24.0
62b869eab4d922cb0e688cc5 5 0 18.0
62b869eab4d922cb0e688cc5 5 0 21.3
62b869eab4d922cb0e688cc5 5 0 22.700000000000003
62b869eab4d922cb0e688cc5 5 0 23.400000000000002
62b869eab4d922cb0e688cc5 5 0 24.0
62b869eab4d922cb0e688cbf 5 1 18.2
62b869eab4d922cb0e688cbf 5 1 21.7
62b869eab4d922cb0e688cbf 5 1 23.300000000000004
62b869eab4d922cb0e688cbf 5 1 24.200000000000003
62b869eab4d922cb0e688cbf 5 1 25.0
62b43427903eeb48555d3ea5 5 0 18.2
62b43427903eeb48555d3ea5 5 0 21.7
62b43427903eeb48555d3ea5 5 0 23.300000000000004
62b43427903eeb48555d3ea5 5 0 24.200000000000003
62b43427903eeb48555d3ea5 5 0 25.0
62b43428903eeb48555d3eaa 5 0 18.2
62b43428903eeb48555d3eaa 5 0 21.7
62b43428903eeb48555d3eaa 5 0 23.300000000000004
62b43428903eeb48555d3eaa 5 0 24.200000000000003
62b43428903eeb48555d3eaa 5 0 25.0
62b45df05108cfac7f2109ce 5 0 18.2
62b45df05108cfac7f2109ce 5 0 21.7
62b45df05108cfac7f2109ce 5 0 23.300000000000004
62b45df05108cfac7f2109ce 5 0 24.200000000000003
62b45df05108cfac7f2109ce 5 0 25.0
62b45df15108cfac7f2109dc 5 0 18.2
62b45df15108cfac7f2109dc 5 0 21.7
62b45df15108cfac7f2109dc 5 0 23.300000000000004
62b45df15108cfac7f2109dc 5 0 24.200000000000003
62b45df15108cfac7f2109dc 5 0 25.0
62b45df15108cfac7f2109dd 5 2 18.599999999999998
62b45df15108cfac7f2109dd 5 2 22.4
62b45df15108cfac7f2109dd 5 2 24.200000000000003
62b45df15108cfac7f2109dd 5 2 25.200000000000003
62b45df15108cfac7f2109dd 5 2 26.0
62b45e135108cfac7f2109f4 5 5 19.599999999999998
62b45e135108cfac7f2109f4 5 5 23.4
62b45e135108cfac7f2109f4 5 5 25.200000000000003
62b45e135108cfac7f2109f4 5 5 26.200000000000003
62b45e135108cfac7f2109f4 5 5 27.0
62b45e145108cfac7f210a07 5 0 19.599999999999998
62b45e145108cfac7f210a07 5 0 23.4
62b45e145108cfac7f210a07 5 0 25.200000000000003
62b45e145108cfac7f210a07 5 0 26.200000000000003
62b45e145108cfac7f210a07 5 0 27.0
62b45e145108cfac7f210a09 5 0 19.599999999999998
62b45e145108cfac7f210a09 5 0 23.4
62b45e145108cfac7f210a09 5 0 25.200000000000003
62b45e145108cfac7f210a09 5 0 26.200000000000003
62b45e145108cfac7f210a09 5 0 27.0
62b45e165108cfac7f210a16 5 0 19.599999999999998
62b45e165108cfac7f210a16 5 0 23.4
62b45e165108cfac7f210a16 5 0 25.200000000000003
62b45e165108cfac7f210a16 5 0 26.200000000000003
62b45e165108cfac7f210a16 5 0 27.0
62b45e165108cfac7f210a17 5 0 19.599999999999998
62b45e165108cfac7f210a17 5 0 23.4
62b45e165108cfac7f210a17 5 0 25.200000000000003
62b45e165108cfac7f210a17 5 0 26.200000000000003
62b45e165108cfac7f210a17 5 0 27.0
62b45e175108cfac7f210a19 5 0 19.599999999999998
62b45e175108cfac7f210a19 5 0 23.4
62b45e175108cfac7f210a19 5 0 25.200000000000003
62b45e175108cfac7f210a19 5 0 26.200000000000003
62b45e175108cfac7f210a19 5 0 27.0
62b463153879012d19481498 5 0 19.599999999999998
62b463153879012d19481498 5 0 23.4
62b463153879012d19481498 5 0 25.200000000000003
62b463153879012d19481498 5 0 26.200000000000003
62b463153879012d19481498 5 0 27.0
62b463153879012d1948149a 5 0 19.599999999999998
62b463153879012d1948149a 5 0 23.4
62b463153879012d1948149a 5 0 25.200000000000003
62b463153879012d1948149a 5 0 26.200000000000003
62b463153879012d1948149a 5 0 27.0
62b463153879012d1948149b 5 0 19.599999999999998
62b463153879012d1948149b 5 0 23.4
62b463153879012d1948149b 5 0 25.200000000000003
62b463153879012d1948149b 5 0 26.200000000000003
62b463153879012d1948149b 5 0 27.0
62b463153879012d1948149c 5 5 20.599999999999998
62b463153879012d1948149c 5 5 24.4
62b463153879012d1948149c 5 5 26.200000000000003
62b463153879012d1948149c 5 5 27.200000000000003
62b463153879012d1948149c 5 5 28.0
62b463153879012d1948149d 5 0 20.599999999999998
62b463153879012d1948149d 5 0 24.4
62b463153879012d1948149d 5 0 26.200000000000003
62b463153879012d1948149d 5 0 27.200000000000003
62b463153879012d1948149d 5 0 28.0
62b463153879012d1948149f 5 0 20.599999999999998
62b463153879012d1948149f 5 0 24.4
62b463153879012d1948149f 5 0 26.200000000000003
62b463153879012d1948149f 5 0 27.200000000000003
62b463153879012d1948149f 5 0 28.0
62b463153879012d194814a1 5 5 21.599999999999998
62b463153879012d194814a1 5 5 25.4
62b463153879012d194814a1 5 5 27.200000000000003
62b463153879012d194814a1 5 5 28.200000000000003
62b463153879012d194814a1 5 5 29.0
62b463163879012d194814a2 5 4 22.4
62b463163879012d194814a2 5 4 26.4
62b463163879012d194814a2 5 4 28.200000000000003
62b463163879012d194814a2 5 4 29.200000000000003
62b463163879012d194814a2 5 4 30.0
62b463163879012d194814a4 5 1 22.599999999999998
62b463163879012d194814a4 5 1 26.799999999999997
62b463163879012d194814a4 5 1 28.800000000000004
62b463163879012d194814a4 5 1 30.000000000000004
62b463163879012d194814a4 5 1 31.0
62b463163879012d194814a6 5 2 22.999999999999996
62b463163879012d194814a6 5 2 27.499999999999996
62b463163879012d194814a6 5 2 29.700000000000003
62b463163879012d194814a6 5 2 31.000000000000004
62b463163879012d194814a6 5 2 32.0
62b4631b3879012d194814dd 5 0 22.999999999999996
62b4631b3879012d194814dd 5 0 27.499999999999996
62b4631b3879012d194814dd 5 0 29.700000000000003
62b4631b3879012d194814dd 5 0 31.000000000000004
62b4631b3879012d194814dd 5 0 32.0
62b463283879012d1948153d 5 5 23.999999999999996
62b463283879012d1948153d 5 5 28.499999999999996
62b463283879012d1948153d 5 5 30.700000000000003
62b463283879012d1948153d 5 5 32.0
62b463283879012d1948153d 5 5 33.0
62b463303879012d19481579 5 0 23.999999999999996
62b463303879012d19481579 5 0 28.499999999999996
62b463303879012d19481579 5 0 30.700000000000003
62b463303879012d19481579 5 0 32.0
62b463303879012d19481579 5 0 33.0
62b46740d2f69a53b466171a 5 4 24.799999999999997
62b46740d2f69a53b466171a 5 4 29.499999999999996
62b46740d2f69a53b466171a 5 4 31.700000000000003
62b46740d2f69a53b466171a 5 4 33.0
62b46740d2f69a53b466171a 5 4 34.0
62b46746d2f69a53b4661722 5 0 24.799999999999997
62b46746d2f69a53b4661722 5 0 29.499999999999996
62b46746d2f69a53b4661722 5 0 31.700000000000003
62b46746d2f69a53b4661722 5 0 33.0
62b46746d2f69a53b4661722 5 0 34.0
62b86707b4d922cb0e688c2a 5 5 25.799999999999997
62b86707b4d922cb0e688c2a 5 5 30.499999999999996
62b86707b4d922cb0e688c2a 5 5 32.7
62b86707b4d922cb0e688c2a 5 5 34.0
62b86707b4d922cb0e688c2a 5 5 35.0
62b86729b4d922cb0e688c2f 5 0 25.799999999999997
62b86729b4d922cb0e688c2f 5 0 30.499999999999996
62b86729b4d922cb0e688c2f 5 0 32.7
62b86729b4d922cb0e688c2f 5 0 34.0
62b86729b4d922cb0e688c2f 5 0 35.0
62b8a4a4755ee91dce50a3d2 5 0 25.799999999999997
62b8a4a4755ee91dce50a3d2 5 0 30.499999999999996
62b8a4a4755ee91dce50a3d2 5 0 32.7
62b8a4a4755ee91dce50a3d2 5 0 34.0
62b8a4a4755ee91dce50a3d2 5 0 35.0
62b8982f755ee91dce50a241 5 2 26.199999999999996
62b8982f755ee91dce50a241 5 2 31.199999999999996
62b8982f755ee91dce50a241 5 2 33.6
62b8982f755ee91dce50a241 5 2 35.0
62b8982f755ee91dce50a241 5 2 36.0
62b89640755ee91dce50a114 5 4 26.999999999999996
62b89640755ee91dce50a114 5 4 32.199999999999996
62b89640755ee91dce50a114 5 4 34.6
62b89640755ee91dce50a114 5 4 36.0
62b89640755ee91dce50a114 5 4 37.0
62b87d24d292efb640a55670 5 0 26.999999999999996
62b87d24d292efb640a55670 5 0 32.199999999999996
62b87d24d292efb640a55670 5 0 34.6
62b87d24d292efb640a55670 5 0 36.0
62b87d24d292efb640a55670 5 0 37.0
62b87d24d292efb640a5566f 5 0 26.999999999999996
62b87d24d292efb640a5566f 5 0 32.199999999999996
62b87d24d292efb640a5566f 5 0 34.6
62b87d24d292efb640a5566f 5 0 36.0
62b87d24d292efb640a5566f 5 0 37.0
62b87d24d292efb640a5566d 5 0 26.999999999999996
62b87d24d292efb640a5566d 5 0 32.199999999999996
62b87d24d292efb640a5566d 5 0 34.6
62b87d24d292efb640a5566d 5 0 36.0
62b87d24d292efb640a5566d 5 0 37.0
62b87d23d292efb640a5566b 5 0 26.999999999999996
62b87d23d292efb640a5566b 5 0 32.199999999999996
62b87d23d292efb640a5566b 5 0 34.6
62b87d23d292efb640a5566b 5 0 36.0
62b87d23d292efb640a5566b 5 0 37.0
62b87d23d292efb640a55668 5 0 26.999999999999996
62b87d23d292efb640a55668 5 0 32.199999999999996
62b87d23d292efb640a55668 5 0 34.6
62b87d23d292efb640a55668 5 0 36.0
62b87d23d292efb640a55668 5 0 37.0
62b87d23d292efb640a55667 5 0 26.999999999999996
62b87d23d292efb640a55667 5 0 32.199999999999996
62b87d23d292efb640a55667 5 0 34.6
62b87d23d292efb640a55667 5 0 36.0
62b87d23d292efb640a55667 5 0 37.0
62b45e945108cfac7f210a4a 5 0 26.999999999999996
62b45e945108cfac7f210a4a 5 0 32.199999999999996
62b45e945108cfac7f210a4a 5 0 34.6
62b45e945108cfac7f210a4a 5 0 36.0
62b45e945108cfac7f210a4a 5 0 37.0
62b45e515108cfac7f210a3c 5 0 26.999999999999996
62b45e515108cfac7f210a3c 5 0 32.199999999999996
62b45e515108cfac7f210a3c 5 0 34.6
62b45e515108cfac7f210a3c 5 0 36.0
62b45e515108cfac7f210a3c 5 0 37.0
62b45e2eb89c9fd354170232 5 0 26.999999999999996
62b45e2eb89c9fd354170232 5 0 32.199999999999996
62b45e2eb89c9fd354170232 5 0 34.6
62b45e2eb89c9fd354170232 5 0 36.0
62b45e2eb89c9fd354170232 5 0 37.0
62b45e23e0d4551b0392c90a 5 0 26.999999999999996
62b45e23e0d4551b0392c90a 5 0 32.199999999999996
62b45e23e0d4551b0392c90a 5 0 34.6
62b45e23e0d4551b0392c90a 5 0 36.0
62b45e23e0d4551b0392c90a 5 0 37.0
62b45e21e0d4551b0392c8ed 5 0 26.999999999999996
62b45e21e0d4551b0392c8ed 5 0 32.199999999999996
62b45e21e0d4551b0392c8ed 5 0 34.6
62b45e21e0d4551b0392c8ed 5 0 36.0
62b45e21e0d4551b0392c8ed 5 0 37.0
62b45b396decaeff903e1001 5 0 26.999999999999996
62b45b396decaeff903e1001 5 0 32.199999999999996
62b45b396decaeff903e1001 5 0 34.6
62b45b396decaeff903e1001 5 0 36.0
62b45b396decaeff903e1001 5 0 37.0
62b4567ed7d32e5b55cc83d9 5 0 26.999999999999996
62b4567ed7d32e5b55cc83d9 5 0 32.199999999999996
62b4567ed7d32e5b55cc83d9 5 0 34.6
62b4567ed7d32e5b55cc83d9 5 0 36.0
62b4567ed7d32e5b55cc83d9 5 0 37.0
62b4567ad7d32e5b55cc83af 5 0 26.999999999999996
62b4567ad7d32e5b55cc83af 5 0 32.199999999999996
62b4567ad7d32e5b55cc83af 5 0 34.6
62b4567ad7d32e5b55cc83af 5 0 36.0
62b4567ad7d32e5b55cc83af 5 0 37.0
62b45679d7d32e5b55cc83a9 5 4 27.799999999999997
62b45679d7d32e5b55cc83a9 5 4 33.199999999999996
62b45679d7d32e5b55cc83a9 5 4 35.6
62b45679d7d32e5b55cc83a9 5 4 37.0
62b45679d7d32e5b55cc83a9 5 4 38.0
62b45665d7d32e5b55cc8365 5 0 27.799999999999997
62b45665d7d32e5b55cc8365 5 0 33.199999999999996
62b45665d7d32e5b55cc8365 5 0 35.6
62b45665d7d32e5b55cc8365 5 0 37.0
62b45665d7d32e5b55cc8365 5 0 38.0
62b45665d7d32e5b55cc8364 5 0 27.799999999999997
62b45665d7d32e5b55cc8364 5 0 33.199999999999996
62b45665d7d32e5b55cc8364 5 0 35.6
62b45665d7d32e5b55cc8364 5 0 37.0
62b45665d7d32e5b55cc8364 5 0 38.0
62b45665d7d32e5b55cc8363 5 0 27.799999999999997
62b45665d7d32e5b55cc8363 5 0 33.199999999999996
62b45665d7d32e5b55cc8363 5 0 35.6
62b45665d7d32e5b55cc8363 5 0 37.0
62b45665d7d32e5b55cc8363 5 0 38.0
62b438ba66fea644fe22cca2 5 0 27.799999999999997
62b438ba66fea644fe22cca2 5 0 33.199999999999996
62b438ba66fea644fe22cca2 5 0 35.6
62b438ba66fea644fe22cca2 5 0 37.0
62b438ba66fea644fe22cca2 5 0 38.0
62b438b666fea644fe22cc78 5 0 27.799999999999997
62b438b666fea644fe22cc78 5 0 33.199999999999996
62b438b666fea644fe22cc78 5 0 35.6
62b438b666fea644fe22cc78 5 0 37.0
62b438b666fea644fe22cc78 5 0 38.0
62b438b666fea644fe22cc72 5 5 28.799999999999997
62b438b666fea644fe22cc72 5 5 34.199999999999996
62b438b666fea644fe22cc72 5 5 36.6
62b438b666fea644fe22cc72 5 5 38.0
62b438b666fea644fe22cc72 5 5 39.0
62b438b566fea644fe22cc70 5 0 28.799999999999997
62b438b566fea644fe22cc70 5 0 34.199999999999996
62b438b566fea644fe22cc70 5 0 36.6
62b438b566fea644fe22cc70 5 0 38.0
62b438b566fea644fe22cc70 5 0 39.0
62b438a266fea644fe22cc2e 5 0 28.799999999999997
62b438a266fea644fe22cc2e 5 0 34.199999999999996
62b438a266fea644fe22cc2e 5 0 36.6
62b438a266fea644fe22cc2e 5 0 38.0
62b438a266fea644fe22cc2e 5 0 39.0
62b438a266fea644fe22cc2d 5 0 28.799999999999997
62b438a266fea644fe22cc2d 5 0 34.199999999999996
62b438a266fea644fe22cc2d 5 0 36.6
62b438a266fea644fe22cc2d 5 0 38.0
62b438a266fea644fe22cc2d 5 0 39.0
62b438a266fea644fe22cc2c 5 4 29.599999999999998
62b438a266fea644fe22cc2c 5 4 35.199999999999996
62b438a266fea644fe22cc2c 5 4 37.6
62b438a266fea644fe22cc2c 5 4 39.0
62b438a266fea644fe22cc2c 5 4 40.0
62ece4982e6aefcf4aabbd5f 5 5 30.599999999999998
62ece4982e6aefcf4aabbd5f 5 5 36.199999999999996
62ece4982e6aefcf4aabbd5f 5 5 38.6
62ece4982e6aefcf4aabbd5f 5 5 40.0
62ece4982e6aefcf4aabbd5f 5 5 41.0
62ece4982e6aefcf4aabbd60 5 5 31.599999999999998
62ece4982e6aefcf4aabbd60 5 5 37.199999999999996
62ece4982e6aefcf4aabbd60 5 5 39.6
62ece4982e6aefcf4aabbd60 5 5 41.0
62ece4982e6aefcf4aabbd60 5 5 42.0
62ece4982e6aefcf4aabbd61 5 5 32.599999999999994
62ece4982e6aefcf4aabbd61 5 5 38.199999999999996
62ece4982e6aefcf4aabbd61 5 5 40.6
62ece4982e6aefcf4aabbd61 5 5 42.0
62ece4982e6aefcf4aabbd61 5 5 43.0
62ece4982e6aefcf4aabbd62 5 0 32.599999999999994
62ece4982e6aefcf4aabbd62 5 0 38.199999999999996
62ece4982e6aefcf4aabbd62 5 0 40.6
62ece4982e6aefcf4aabbd62 5 0 42.0
62ece4982e6aefcf4aabbd62 5 0 43.0
62ece4982e6aefcf4aabbd63 5 0 32.599999999999994
62ece4982e6aefcf4aabbd63 5 0 38.199999999999996
62ece4982e6aefcf4aabbd63 5 0 40.6
62ece4982e6aefcf4aabbd63 5 0 42.0
62ece4982e6aefcf4aabbd63 5 0 43.0
62ece4982e6aefcf4aabbd65 5 5 33.599999999999994
62ece4982e6aefcf4aabbd65 5 5 39.199999999999996
62ece4982e6aefcf4aabbd65 5 5 41.6
62ece4982e6aefcf4aabbd65 5 5 43.0
62ece4982e6aefcf4aabbd65 5 5 44.0
62ece4982e6aefcf4aabbd66 5 0 33.599999999999994
62ece4982e6aefcf4aabbd66 5 0 39.199999999999996
62ece4982e6aefcf4aabbd66 5 0 41.6
62ece4982e6aefcf4aabbd66 5 0 43.0
62ece4982e6aefcf4aabbd66 5 0 44.0
62ece4982e6aefcf4aabbd67 5 5 34.599999999999994
62ece4982e6aefcf4aabbd67 5 5 40.199999999999996
62ece4982e6aefcf4aabbd67 5 5 42.6
62ece4982e6aefcf4aabbd67 5 5 44.0
62ece4982e6aefcf4aabbd67 5 5 45.0
62ece4982e6aefcf4aabbd68 5 0 34.599999999999994
62ece4982e6aefcf4aabbd68 5 0 40.199999999999996
62ece4982e6aefcf4aabbd68 5 0 42.6
62ece4982e6aefcf4aabbd68 5 0 44.0
62ece4982e6aefcf4aabbd68 5 0 45.0
62ece4982e6aefcf4aabbd69 5 0 34.599999999999994
62ece4982e6aefcf4aabbd69 5 0 40.199999999999996
62ece4982e6aefcf4aabbd69 5 0 42.6
62ece4982e6aefcf4aabbd69 5 0 44.0
62ece4982e6aefcf4aabbd69 5 0 45.0
62ece4982e6aefcf4aabbd6a 5 5 35.599999999999994
62ece4982e6aefcf4aabbd6a 5 5 41.199999999999996
62ece4982e6aefcf4aabbd6a 5 5 43.6
62ece4982e6aefcf4aabbd6a 5 5 45.0
62ece4982e6aefcf4aabbd6a 5 5 46.0
62ece4982e6aefcf4aabbd6b 5 1 35.8
62ece4982e6aefcf4aabbd6b 5 1 41.599999999999994
62ece4982e6aefcf4aabbd6b 5 1 44.2
62ece4982e6aefcf4aabbd6b 5 1 45.8
62ece4982e6aefcf4aabbd6b 5 1 47.0
62ece4982e6aefcf4aabbd6d 5 0 35.8
62ece4982e6aefcf4aabbd6d 5 0 41.599999999999994
62ece4982e6aefcf4aabbd6d 5 0 44.2
62ece4982e6aefcf4aabbd6d 5 0 45.8
62ece4982e6aefcf4aabbd6d 5 0 47.0
62ece4982e6aefcf4aabbd6f 5 0 35.8
62ece4982e6aefcf4aabbd6f 5 0 41.599999999999994
62ece4982e6aefcf4aabbd6f 5 0 44.2
62ece4982e6aefcf4aabbd6f 5 0 45.8
62ece4982e6aefcf4aabbd6f 5 0 47.0
62ece4982e6aefcf4aabbd70 5 3 36.4
62ece4982e6aefcf4aabbd70 5 3 42.49999999999999
62ece4982e6aefcf4aabbd70 5 3 45.2
62ece4982e6aefcf4aabbd70 5 3 46.8
62ece4982e6aefcf4aabbd70 5 3 48.0
62ece4982e6aefcf4aabbd71 5 0 36.4
62ece4982e6aefcf4aabbd71 5 0 42.49999999999999
62ece4982e6aefcf4aabbd71 5 0 45.2
62ece4982e6aefcf4aabbd71 5 0 46.8
62ece4982e6aefcf4aabbd71 5 0 48.0
62ece4982e6aefcf4aabbd72 5 0 36.4
62ece4982e6aefcf4aabbd72 5 0 42.49999999999999
62ece4982e6aefcf4aabbd72 5 0 45.2
62ece4982e6aefcf4aabbd72 5 0 46.8
62ece4982e6aefcf4aabbd72 5 0 48.0
62ece4982e6aefcf4aabbd73 5 1 36.6
62ece4982e6aefcf4aabbd73 5 1 42.89999999999999
62ece4982e6aefcf4aabbd73 5 1 45.800000000000004
62ece4982e6aefcf4aabbd73 5 1 47.599999999999994
62ece4982e6aefcf4aabbd73 5 1 49.0
62ece4982e6aefcf4aabbd74 5 0 36.6
62ece4982e6aefcf4aabbd74 5 0 42.89999999999999
62ece4982e6aefcf4aabbd74 5 0 45.800000000000004
62ece4982e6aefcf4aabbd74 5 0 47.599999999999994
62ece4982e6aefcf4aabbd74 5 0 49.0
62ece4982e6aefcf4aabbd75 5 0 36.6
62ece4982e6aefcf4aabbd75 5 0 42.89999999999999
62ece4982e6aefcf4aabbd75 5 0 45.800000000000004
62ece4982e6aefcf4aabbd75 5 0 47.599999999999994
62ece4982e6aefcf4aabbd75 5 0 49.0
62ece4982e6aefcf4aabbd76 5 0 36.6
62ece4982e6aefcf4aabbd76 5 0 42.89999999999999
62ece4982e6aefcf4aabbd76 5 0 45.800000000000004
62ece4982e6aefcf4aabbd76 5 0 47.599999999999994
62ece4982e6aefcf4aabbd76 5 0 49.0
62ece4982e6aefcf4aabbd77 5 0 36.6
62ece4982e6aefcf4aabbd77 5 0 42.89999999999999
62ece4982e6aefcf4aabbd77 5 0 45.800000000000004
62ece4982e6aefcf4aabbd77 5 0 47.599999999999994
62ece4982e6aefcf4aabbd77 5 0 49.0
62ece4992e6aefcf4aabbd78 5 0 36.6
62ece4992e6aefcf4aabbd78 5 0 42.89999999999999
62ece4992e6aefcf4aabbd78 5 0 45.800000000000004
62ece4992e6aefcf4aabbd78 5 0 47.599999999999994
62ece4992e6aefcf4aabbd78 5 0 49.0
62ece4992e6aefcf4aabbd79 5 0 36.6
62ece4992e6aefcf4aabbd79 5 0 42.89999999999999
62ece4992e6aefcf4aabbd79 5 0 45.800000000000004
62ece4992e6aefcf4aabbd79 5 0 47.599999999999994
62ece4992e6aefcf4aabbd79 5 0 49.0
62ece4992e6aefcf4aabbd7a 5 4 37.4
62ece4992e6aefcf4aabbd7a 5 4 43.89999999999999
62ece4992e6aefcf4aabbd7a 5 4 46.800000000000004
62ece4992e6aefcf4aabbd7a 5 4 48.599999999999994
62ece4992e6aefcf4aabbd7a 5 4 50.0
62ece4992e6aefcf4aabbd7b 5 0 37.4
62ece4992e6aefcf4aabbd7b 5 0 43.89999999999999
62ece4992e6aefcf4aabbd7b 5 0 46.800000000000004
62ece4992e6aefcf4aabbd7b 5 0 48.599999999999994
62ece4992e6aefcf4aabbd7b 5 0 50.0
62ece4992e6aefcf4aabbd7c 5 5 38.4
62ece4992e6aefcf4aabbd7c 5 5 44.89999999999999
62ece4992e6aefcf4aabbd7c 5 5 47.800000000000004
62ece4992e6aefcf4aabbd7c 5 5 49.599999999999994
62ece4992e6aefcf4aabbd7c 5 5 51.0
62ece4992e6aefcf4aabbd7d 5 5 39.4
62ece4992e6aefcf4aabbd7d 5 5 45.89999999999999
62ece4992e6aefcf4aabbd7d 5 5 48.800000000000004
62ece4992e6aefcf4aabbd7d 5 5 50.599999999999994
62ece4992e6aefcf4aabbd7d 5 5 52.0
62ece4992e6aefcf4aabbd7e 5 2 39.8
62ece4992e6aefcf4aabbd7e 5 2 46.599999999999994
62ece4992e6aefcf4aabbd7e 5 2 49.7
62ece4992e6aefcf4aabbd7e 5 2 51.599999999999994
62ece4992e6aefcf4aabbd7e 5 2 53.0
62ece4992e6aefcf4aabbd7f 5 5 40.8
62ece4992e6aefcf4aabbd7f 5 5 47.599999999999994
62ece4992e6aefcf4aabbd7f 5 5 50.7
62ece4992e6aefcf4aabbd7f 5 5 52.599999999999994
62ece4992e6aefcf4aabbd7f 5 5 54.0
62ece4992e6aefcf4aabbd80 5 5 41.8
62ece4992e6aefcf4aabbd80 5 5 48.599999999999994
62ece4992e6aefcf4aabbd80 5 5 51.7
62ece4992e6aefcf4aabbd80 5 5 53.599999999999994
62ece4992e6aefcf4aabbd80 5 5 55.0
62ece4992e6aefcf4aabbd82 5 0 41.8
62ece4992e6aefcf4aabbd82 5 0 48.599999999999994
62ece4992e6aefcf4aabbd82 5 0 51.7
62ece4992e6aefcf4aabbd82 5 0 53.599999999999994
62ece4992e6aefcf4aabbd82 5 0 55.0
62ece4992e6aefcf4aabbd83 5 0 41.8
62ece4992e6aefcf4aabbd83 5 0 48.599999999999994
62ece4992e6aefcf4aabbd83 5 0 51.7
62ece4992e6aefcf4aabbd83 5 0 53.599999999999994
62ece4992e6aefcf4aabbd83 5 0 55.0
62ece4992e6aefcf4aabbd84 5 4 42.599999999999994
62ece4992e6aefcf4aabbd84 5 4 49.599999999999994
62ece4992e6aefcf4aabbd84 5 4 52.7
62ece4992e6aefcf4aabbd84 5 4 54.599999999999994
62ece4992e6aefcf4aabbd84 5 4 56.0
62ece4992e6aefcf4aabbd85 5 4 43.39999999999999
62ece4992e6aefcf4aabbd85 5 4 50.599999999999994
62ece4992e6aefcf4aabbd85 5 4 53.7
62ece4992e6aefcf4aabbd85 5 4 55.599999999999994
62ece4992e6aefcf4aabbd85 5 4 57.0
62ece4992e6aefcf4aabbd86 5 4 44.19999999999999
62ece4992e6aefcf4aabbd86 5 4 51.599999999999994
62ece4992e6aefcf4aabbd86 5 4 54.7
62ece4992e6aefcf4aabbd86 5 4 56.599999999999994
62ece4992e6aefcf4aabbd86 5 4 58.0
62ece4992e6aefcf4aabbd87 5 0 44.19999999999999
62ece4992e6aefcf4aabbd87 5 0 51.599999999999994
62ece4992e6aefcf4aabbd87 5 0 54.7
62ece4992e6aefcf4aabbd87 5 0 56.599999999999994
62ece4992e6aefcf4aabbd87 5 0 58.0
62ece4992e6aefcf4aabbd88 5 1 44.39999999999999
62ece4992e6aefcf4aabbd88 5 1 51.99999999999999
62ece4992e6aefcf4aabbd88 5 1 55.300000000000004
62ece4992e6aefcf4aabbd88 5 1 57.39999999999999
62ece4992e6aefcf4aabbd88 5 1 59.0
62ece4992e6aefcf4aabbd89 5 2 44.79999999999999
62ece4992e6aefcf4aabbd89 5 2 52.699999999999996
62ece4992e6aefcf4aabbd89 5 2 56.2
62ece4992e6aefcf4aabbd89 5 2 58.39999999999999
62ece4992e6aefcf4aabbd89 5 2 60.0
62ece4992e6aefcf4aabbd8a 5 4 45.59999999999999
62ece4992e6aefcf4aabbd8a 5 4 53.699999999999996
62ece4992e6aefcf4aabbd8a 5 4 57.2
62ece4992e6aefcf4aabbd8a 5 4 59.39999999999999
62ece4992e6aefcf4aabbd8a 5 4 61.0
62ece4992e6aefcf4aabbd8b 5 0 45.59999999999999
62ece4992e6aefcf4aabbd8b 5 0 53.699999999999996
62ece4992e6aefcf4aabbd8b 5 0 57.2
62ece4992e6aefcf4aabbd8b 5 0 59.39999999999999
62ece4992e6aefcf4aabbd8b 5 0 61.0
62e60723d76274f8a4026b76 5 1 45.79999999999999
62e60723d76274f8a4026b76 5 1 54.099999999999994
62e60723d76274f8a4026b76 5 1 57.800000000000004
62e60723d76274f8a4026b76 5 1 60.19999999999999
62e60723d76274f8a4026b76 5 1 62.0
62e60873d76274f8a4026bd8 5 0 45.79999999999999
62e60873d76274f8a4026bd8 5 0 54.099999999999994
62e60873d76274f8a4026bd8 5 0 57.800000000000004
62e60873d76274f8a4026bd8 5 0 60.19999999999999
62e60873d76274f8a4026bd8 5 0 62.0
62e60e3bd76274f8a4026d1a 5 0 45.79999999999999
62e60e3bd76274f8a4026d1a 5 0 54.099999999999994
62e60e3bd76274f8a4026d1a 5 0 57.800000000000004
62e60e3bd76274f8a4026d1a 5 0 60.19999999999999
62e60e3bd76274f8a4026d1a 5 0 62.0
62b87b199a0c4fa8b80b354c 5 0 45.79999999999999
62b87b199a0c4fa8b80b354c 5 0 54.099999999999994
62b87b199a0c4fa8b80b354c 5 0 57.800000000000004
62b87b199a0c4fa8b80b354c 5 0 60.19999999999999
62b87b199a0c4fa8b80b354c 5 0 62.0
62b87b4f9a0c4fa8b80b3581 5 0 45.79999999999999
62b87b4f9a0c4fa8b80b3581 5 0 54.099999999999994
62b87b4f9a0c4fa8b80b3581 5 0 57.800000000000004
62b87b4f9a0c4fa8b80b3581 5 0 60.19999999999999
62b87b4f9a0c4fa8b80b3581 5 0 62.0
62b87b519a0c4fa8b80b3583 5 0 45.79999999999999
62b87b519a0c4fa8b80b3583 5 0 54.099999999999994
62b87b519a0c4fa8b80b3583 5 0 57.800000000000004
62b87b519a0c4fa8b80b3583 5 0 60.19999999999999
62b87b519a0c4fa8b80b3583 5 0 62.0
62b87b869a0c4fa8b80b35e1 5 0 45.79999999999999
62b87b869a0c4fa8b80b35e1 5 0 54.099999999999994
62b87b869a0c4fa8b80b35e1 5 0 57.800000000000004
62b87b869a0c4fa8b80b35e1 5 0 60.19999999999999
62b87b869a0c4fa8b80b35e1 5 0 62.0
62b8b4baeb7e40a82d2d1136 5 4 46.59999999999999
62b8b4baeb7e40a82d2d1136 5 4 55.099999999999994
62b8b4baeb7e40a82d2d1136 5 4 58.800000000000004
62b8b4baeb7e40a82d2d1136 5 4 61.19999999999999
62b8b4baeb7e40a82d2d1136 5 4 63.0
62b8b4baeb7e40a82d2d1137 5 4 47.399999999999984
62b8b4baeb7e40a82d2d1137 5 4 56.099999999999994
62b8b4baeb7e40a82d2d1137 5 4 59.800000000000004
62b8b4baeb7e40a82d2d1137 5 4 62.19999999999999
62b8b4baeb7e40a82d2d1137 5 4 64.0
62b8b4c1eb7e40a82d2d1139 5 5 48.399999999999984
62b8b4c1eb7e40a82d2d1139 5 5 57.099999999999994
62b8b4c1eb7e40a82d2d1139 5 5 60.800000000000004
62b8b4c1eb7e40a82d2d1139 5 5 63.19999999999999
62b8b4c1eb7e40a82d2d1139 5 5 65.0
62b8b559eb7e40a82d2d11f6 5 4 49.19999999999998
62b8b559eb7e40a82d2d11f6 5 4 58.099999999999994
62b8b559eb7e40a82d2d11f6 5 4 61.800000000000004
62b8b559eb7e40a82d2d11f6 5 4 64.19999999999999
62b8b559eb7e40a82d2d11f6 5 4 66.0
62b8d22a48ba5a41d1c3f47d 5 0 49.19999999999998
62b8d22a48ba5a41d1c3f47d 5 0 58.099999999999994
62b8d22a48ba5a41d1c3f47d 5 0 61.800000000000004
62b8d22a48ba5a41d1c3f47d 5 0 64.19999999999999
62b8d22a48ba5a41d1c3f47d 5 0 66.0
62b8d23748ba5a41d1c3f497 5 2 49.59999999999998
62b8d23748ba5a41d1c3f497 5 2 58.8
62b8d23748ba5a41d1c3f497 5 2 62.7
62b8d23748ba5a41d1c3f497 5 2 65.19999999999999
62b8d23748ba5a41d1c3f497 5 2 67.0
62b8d23a48ba5a41d1c3f499 5 3 50.19999999999998
62b8d23a48ba5a41d1c3f499 5 3 59.699999999999996
62b8d23a48ba5a41d1c3f499 5 3 63.7
62b8d23a48ba5a41d1c3f499 5 3 66.19999999999999
62b8d23a48ba5a41d1c3f499 5 3 68.0
62b8d23c48ba5a41d1c3f49b 5 1 50.399999999999984
62b8d23c48ba5a41d1c3f49b 5 1 60.099999999999994
62b8d23c48ba5a41d1c3f49b 5 1 64.3
62b8d23c48ba5a41d1c3f49b 5 1 66.99999999999999
62b8d23c48ba5a41d1c3f49b 5 1 69.0
62b8d23e48ba5a41d1c3f49e 5 5 51.399999999999984
62b8d23e48ba5a41d1c3f49e 5 5 61.099999999999994
62b8d23e48ba5a41d1c3f49e 5 5 65.3
62b8d23e48ba5a41d1c3f49e 5 5 67.99999999999999
62b8d23e48ba5a41d1c3f49e 5 5 70.0
62b43425903eeb48555d3ea1 5 0 51.399999999999984
62b43425903eeb48555d3ea1 5 0 61.099999999999994
62b43425903eeb48555d3ea1 5 0 65.3
62b43425903eeb48555d3ea1 5 0 67.99999999999999
62b43425903eeb48555d3ea1 5 0 70.0
62b43426903eeb48555d3ea2 5 0 51.399999999999984
62b43426903eeb48555d3ea2 5 0 61.099999999999994
62b43426903eeb48555d3ea2 5 0 65.3
62b43426903eeb48555d3ea2 5 0 67.99999999999999
62b43426903eeb48555d3ea2 5 0 70.0
62b8966c755ee91dce50a154 5 0 51.399999999999984
62b8966c755ee91dce50a154 5 0 61.099999999999994
62b8966c755ee91dce50a154 5 0 65.3
62b8966c755ee91dce50a154 5 0 67.99999999999999
62b8966c755ee91dce50a154 5 0 70.0
62b896de755ee91dce50a183 5 0 51.399999999999984
62b896de755ee91dce50a183 5 0 61.099999999999994
62b896de755ee91dce50a183 5 0 65.3
62b896de755ee91dce50a183 5 0 67.99999999999999
62b896de755ee91dce50a183 5 0 70.0
62b8a4a4755ee91dce50a3d3 5 4 52.19999999999998
62b8a4a4755ee91dce50a3d3 5 4 62.099999999999994
62b8a4a4755ee91dce50a3d3 5 4 66.3
62b8a4a4755ee91dce50a3d3 5 4 68.99999999999999
62b8a4a4755ee91dce50a3d3 5 4 71.0
62b8a7b2755ee91dce50a4a7 5 5 53.19999999999998
62b8a7b2755ee91dce50a4a7 5 5 63.099999999999994
62b8a7b2755ee91dce50a4a7 5 5 67.3
62b8a7b2755ee91dce50a4a7 5 5 69.99999999999999
62b8a7b2755ee91dce50a4a7 5 5 72.0
6305f9991d275c6667163c50 5 5 54.19999999999998
6305f9991d275c6667163c50 5 5 64.1
6305f9991d275c6667163c50 5 5 68.3
6305f9991d275c6667163c50 5 5 70.99999999999999
6305f9991d275c6667163c50 5 5 73.0
6306292052e177c0ba469f09 5 0 54.19999999999998
6306292052e177c0ba469f09 5 0 64.1
6306292052e177c0ba469f09 5 0 68.3
6306292052e177c0ba469f09 5 0 70.99999999999999
6306292052e177c0ba469f09 5 0 73.0
6306292152e177c0ba469f0d 5 0 54.19999999999998
6306292152e177c0ba469f0d 5 0 64.1
6306292152e177c0ba469f0d 5 0 68.3
6306292152e177c0ba469f0d 5 0 70.99999999999999
6306292152e177c0ba469f0d 5 0 73.0
6306292252e177c0ba469f11 5 5 55.19999999999998
6306292252e177c0ba469f11 5 5 65.1
6306292252e177c0ba469f11 5 5 69.3
6306292252e177c0ba469f11 5 5 71.99999999999999
6306292252e177c0ba469f11 5 5 74.0
6306292352e177c0ba469f1d 5 0 55.19999999999998
6306292352e177c0ba469f1d 5 0 65.1
6306292352e177c0ba469f1d 5 0 69.3
6306292352e177c0ba469f1d 5 0 71.99999999999999
6306292352e177c0ba469f1d 5 0 74.0
6306292352e177c0ba469f1e 5 0 55.19999999999998
6306292352e177c0ba469f1e 5 0 65.1
6306292352e177c0ba469f1e 5 0 69.3
6306292352e177c0ba469f1e 5 0 71.99999999999999
6306292352e177c0ba469f1e 5 0 74.0
6306292652e177c0ba469f34 5 1 55.399999999999984
6306292652e177c0ba469f34 5 1 65.5
6306292652e177c0ba469f34 5 1 69.89999999999999
6306292652e177c0ba469f34 5 1 72.79999999999998
6306292652e177c0ba469f34 5 1 75.0
6306292a52e177c0ba469f41 5 0 55.399999999999984
6306292a52e177c0ba469f41 5 0 65.5
6306292a52e177c0ba469f41 5 0 69.89999999999999
6306292a52e177c0ba469f41 5 0 72.79999999999998
6306292a52e177c0ba469f41 5 0 75.0
6306298b52e177c0ba469fdc 5 0 55.399999999999984
6306298b52e177c0ba469fdc 5 0 65.5
6306298b52e177c0ba469fdc 5 0 69.89999999999999
6306298b52e177c0ba469fdc 5 0 72.79999999999998
6306298b52e177c0ba469fdc 5 0 75.0
6306299052e177c0ba469fe8 5 0 55.399999999999984
6306299052e177c0ba469fe8 5 0 65.5
6306299052e177c0ba469fe8 5 0 69.89999999999999
6306299052e177c0ba469fe8 5 0 72.79999999999998
6306299052e177c0ba469fe8 5 0 75.0
630629b952e177c0ba46a043 5 1 55.59999999999999
630629b952e177c0ba46a043 5 1 65.9
630629b952e177c0ba46a043 5 1 70.49999999999999
630629b952e177c0ba46a043 5 1 73.59999999999998
630629b952e177c0ba46a043 5 1 76.0
630629d052e177c0ba46a0a1 5 0 55.59999999999999
630629d052e177c0ba46a0a1 5 0 65.9
630629d052e177c0ba46a0a1 5 0 70.49999999999999
630629d052e177c0ba46a0a1 5 0 73.59999999999998
630629d052e177c0ba46a0a1 5 0 76.0
630629e052e177c0ba46a0c4 5 0 55.59999999999999
630629e052e177c0ba46a0c4 5 0 65.9
630629e052e177c0ba46a0c4 5 0 70.49999999999999
630629e052e177c0ba46a0c4 5 0 73.59999999999998
630629e052e177c0ba46a0c4 5 0 76.0
630629e152e177c0ba46a0d1 5 5 56.59999999999999
630629e152e177c0ba46a0d1 5 5 66.9
630629e152e177c0ba46a0d1 5 5 71.49999999999999
630629e152e177c0ba46a0d1 5 5 74.59999999999998
630629e152e177c0ba46a0d1 5 5 77.0
630629e152e177c0ba46a0d2 5 0 56.59999999999999
630629e152e177c0ba46a0d2 5 0 66.9
630629e152e177c0ba46a0d2 5 0 71.49999999999999
630629e152e177c0ba46a0d2 5 0 74.59999999999998
630629e152e177c0ba46a0d2 5 0 77.0
630629e252e177c0ba46a0d6 5 0 56.59999999999999
630629e252e177c0ba46a0d6 5 0 66.9
630629e252e177c0ba46a0d6 5 0 71.49999999999999
630629e252e177c0ba46a0d6 5 0 74.59999999999998
630629e252e177c0ba46a0d6 5 0 77.0
630629e752e177c0ba46a0fb 5 0 56.59999999999999
630629e752e177c0ba46a0fb 5 0 66.9
630629e752e177c0ba46a0fb 5 0 71.49999999999999
630629e752e177c0ba46a0fb 5 0 74.59999999999998
630629e752e177c0ba46a0fb 5 0 77.0
6306091073426c38ae68acac 5 0 56.59999999999999
6306091073426c38ae68acac 5 0 66.9
6306091073426c38ae68acac 5 0 71.49999999999999
6306091073426c38ae68acac 5 0 74.59999999999998
6306091073426c38ae68acac 5 0 77.0
6306091a73426c38ae68acc8 5 0 56.59999999999999
6306091a73426c38ae68acc8 5 0 66.9
6306091a73426c38ae68acc8 5 0 71.49999999999999
6306091a73426c38ae68acc8 5 0 74.59999999999998
6306091a73426c38ae68acc8 5 0 77.0
6306091b73426c38ae68acd7 5 0 56.59999999999999
6306091b73426c38ae68acd7 5 0 66.9
6306091b73426c38ae68acd7 5 0 71.49999999999999
6306091b73426c38ae68acd7 5 0 74.59999999999998
6306091b73426c38ae68acd7 5 0 77.0
6306091b73426c38ae68acd9 5 0 56.59999999999999
6306091b73426c38ae68acd9 5 0 66.9
6306091b73426c38ae68acd9 5 0 71.49999999999999
6306091b73426c38ae68acd9 5 0 74.59999999999998
6306091b73426c38ae68acd9 5 0 77.0
6306091b73426c38ae68acda 5 0 56.59999999999999
6306091b73426c38ae68acda 5 0 66.9
6306091b73426c38ae68acda 5 0 71.49999999999999
6306091b73426c38ae68acda 5 0 74.59999999999998
6306091b73426c38ae68acda 5 0 77.0
6306091c73426c38ae68acdc 5 1 56.79999999999999
6306091c73426c38ae68acdc 5 1 67.30000000000001
6306091c73426c38ae68acdc 5 1 72.09999999999998
6306091c73426c38ae68acdc 5 1 75.39999999999998
6306091c73426c38ae68acdc 5 1 78.0
6306091c73426c38ae68acdd 5 5 57.79999999999999
6306091c73426c38ae68acdd 5 5 68.30000000000001
6306091c73426c38ae68acdd 5 5 73.09999999999998
6306091c73426c38ae68acdd 5 5 76.39999999999998
6306091c73426c38ae68acdd 5 5 79.0
6306091d73426c38ae68ace5 5 0 57.79999999999999
6306091d73426c38ae68ace5 5 0 68.30000000000001
6306091d73426c38ae68ace5 5 0 73.09999999999998
6306091d73426c38ae68ace5 5 0 76.39999999999998
6306091d73426c38ae68ace5 5 0 79.0
6306092373426c38ae68acfa 5 0 57.79999999999999
6306092373426c38ae68acfa 5 0 68.30000000000001
6306092373426c38ae68acfa 5 0 73.09999999999998
6306092373426c38ae68acfa 5 0 76.39999999999998
6306092373426c38ae68acfa 5 0 79.0
6306092973426c38ae68ad01 5 0 57.79999999999999
6306092973426c38ae68ad01 5 0 68.30000000000001
6306092973426c38ae68ad01 5 0 73.09999999999998
6306092973426c38ae68ad01 5 0 76.39999999999998
6306092973426c38ae68ad01 5 0 79.0
6306092c73426c38ae68ad02 5 0 57.79999999999999
6306092c73426c38ae68ad02 5 0 68.30000000000001
6306092c73426c38ae68ad02 5 0 73.09999999999998
6306092c73426c38ae68ad02 5 0 76.39999999999998
6306092c73426c38ae68ad02 5 0 79.0
6306092d73426c38ae68ad04 5 0 57.79999999999999
6306092d73426c38ae68ad04 5 0 68.30000000000001
6306092d73426c38ae68ad04 5 0 73.09999999999998
6306092d73426c38ae68ad04 5 0 76.39999999999998
6306092d73426c38ae68ad04 5 0 79.0
6306092d73426c38ae68ad05 5 0 57.79999999999999
6306092d73426c38ae68ad05 5 0 68.30000000000001
6306092d73426c38ae68ad05 5 0 73.09999999999998
6306092d73426c38ae68ad05 5 0 76.39999999999998
6306092d73426c38ae68ad05 5 0 79.0
6306092d73426c38ae68ad06 5 0 57.79999999999999
6306092d73426c38ae68ad06 5 0 68.30000000000001
6306092d73426c38ae68ad06 5 0 73.09999999999998
6306092d73426c38ae68ad06 5 0 76.39999999999998
6306092d73426c38ae68ad06 5 0 79.0
6306092d73426c38ae68ad07 5 0 57.79999999999999
6306092d73426c38ae68ad07 5 0 68.30000000000001
6306092d73426c38ae68ad07 5 0 73.09999999999998
6306092d73426c38ae68ad07 5 0 76.39999999999998
6306092d73426c38ae68ad07 5 0 79.0
6306092d73426c38ae68ad08 5 4 58.59999999999999
6306092d73426c38ae68ad08 5 4 69.30000000000001
6306092d73426c38ae68ad08 5 4 74.09999999999998
6306092d73426c38ae68ad08 5 4 77.39999999999998
6306092d73426c38ae68ad08 5 4 80.0
6306092e73426c38ae68ad09 5 0 58.59999999999999
6306092e73426c38ae68ad09 5 0 69.30000000000001
6306092e73426c38ae68ad09 5 0 74.09999999999998
6306092e73426c38ae68ad09 5 0 77.39999999999998
6306092e73426c38ae68ad09 5 0 80.0
6306092e73426c38ae68ad0a 5 0 58.59999999999999
6306092e73426c38ae68ad0a 5 0 69.30000000000001
6306092e73426c38ae68ad0a 5 0 74.09999999999998
6306092e73426c38ae68ad0a 5 0 77.39999999999998
6306092e73426c38ae68ad0a 5 0 80.0
6306092e73426c38ae68ad0b 5 0 58.59999999999999
6306092e73426c38ae68ad0b 5 0 69.30000000000001
6306092e73426c38ae68ad0b 5 0 74.09999999999998
6306092e73426c38ae68ad0b 5 0 77.39999999999998
6306092e73426c38ae68ad0b 5 0 80.0
6306092e73426c38ae68ad0d 5 0 58.59999999999999
6306092e73426c38ae68ad0d 5 0 69.30000000000001
6306092e73426c38ae68ad0d 5 0 74.09999999999998
6306092e73426c38ae68ad0d 5 0 77.39999999999998
6306092e73426c38ae68ad0d 5 0 80.0
6306092e73426c38ae68ad0f 5 0 58.59999999999999
6306092e73426c38ae68ad0f 5 0 69.30000000000001
6306092e73426c38ae68ad0f 5 0 74.09999999999998
6306092e73426c38ae68ad0f 5 0 77.39999999999998
6306092e73426c38ae68ad0f 5 0 80.0
6306092e73426c38ae68ad11 5 0 58.59999999999999
6306092e73426c38ae68ad11 5 0 69.30000000000001
6306092e73426c38ae68ad11 5 0 74.09999999999998
6306092e73426c38ae68ad11 5 0 77.39999999999998
6306092e73426c38ae68ad11 5 0 80.0
6306092f73426c38ae68ad13 5 0 58.59999999999999
6306092f73426c38ae68ad13 5 0 69.30000000000001
6306092f73426c38ae68ad13 5 0 74.09999999999998
6306092f73426c38ae68ad13 5 0 77.39999999999998
6306092f73426c38ae68ad13 5 0 80.0
6306093273426c38ae68ad15 5 0 58.59999999999999
6306093273426c38ae68ad15 5 0 69.30000000000001
6306093273426c38ae68ad15 5 0 74.09999999999998
6306093273426c38ae68ad15 5 0 77.39999999999998
6306093273426c38ae68ad15 5 0 80.0
63060ada73426c38ae68ad31 5 1 58.79999999999999
63060ada73426c38ae68ad31 5 1 69.70000000000002
63060ada73426c38ae68ad31 5 1 74.69999999999997
63060ada73426c38ae68ad31 5 1 78.19999999999997
63060ada73426c38ae68ad31 5 1 81.0
63060b1a73426c38ae68ad3e 5 0 58.79999999999999
63060b1a73426c38ae68ad3e 5 0 69.70000000000002
63060b1a73426c38ae68ad3e 5 0 74.69999999999997
63060b1a73426c38ae68ad3e 5 0 78.19999999999997
63060b1a73426c38ae68ad3e 5 0 81.0
63060b1b73426c38ae68ad42 5 0 58.79999999999999
63060b1b73426c38ae68ad42 5 0 69.70000000000002
63060b1b73426c38ae68ad42 5 0 74.69999999999997
63060b1b73426c38ae68ad42 5 0 78.19999999999997
63060b1b73426c38ae68ad42 5 0 81.0
63060b1b73426c38ae68ad43 5 3 59.39999999999999
63060b1b73426c38ae68ad43 5 3 70.60000000000002
63060b1b73426c38ae68ad43 5 3 75.69999999999997
63060b1b73426c38ae68ad43 5 3 79.19999999999997
63060b1b73426c38ae68ad43 5 3 82.0
62ece4982e6aefcf4aabbd64 5 1 59.599999999999994
62ece4982e6aefcf4aabbd64 5 1 71.00000000000003
62ece4982e6aefcf4aabbd64 5 1 76.29999999999997
62ece4982e6aefcf4aabbd64 5 1 79.99999999999997
62ece4982e6aefcf4aabbd64 5 1 83.0
230 230
[59.599999999999994, 71.00000000000003, 76.29999999999997, 79.99999999999997, 83.0]
0.25913043478260867
 25.91%
0.30869565217391315
 30.87%
0.3317391304347825
 33.17%
0.3478260869565216
 34.78%
0.36086956521739133
 36.09%
finish_overall
plib_runnable	21

  26.67%	
  33.81%	
  35.71%	
  37.14%	
  38.10%	


project_runnable	23

  10.43%	
  12.61%	
  13.04%	
  13.04%	
  13.04%	


class_runnable	55

  23.64%	
  29.09%	
  31.82%	
  33.45%	
  34.55%	


self_contained	35

  52.57%	
  54.57%	
  55.71%	
  56.57%	
  57.14%	


file_runnable	68

  19.71%	
  25.59%	
  28.24%	
  30.29%	
  32.35%	


slib_runnable	28

  24.29%	
  30.36%	
  34.29%	
  37.14%	
  39.29%	


230
0
